# record data: step_count | acceleration (x y z) | gyro (x y z)
0 0.0854122 -0.00056638 -2.84983e-05 -0 -0 0 
1 0.0846361 -0.00164629 -0.000357377 0.000106396 -0.000116505 -0.00312178 
2 1.68649 -0.00536428 2.30697 0.000346187 0.087422 -0.00160571 
3 -1.60467 0.0044618 -2.70773 9.59987e-05 -0.00449427 -0.00305303 
4 -0.0146252 -5.68672e-05 0.0306678 7.03876e-05 -0.00954473 -0.0030103 
5 0.0933245 -0.000460775 0.0711398 6.68015e-05 -0.00884218 -0.00296816 
6 0.0991939 -0.000492038 0.0582251 6.51334e-05 -0.00786098 -0.0029266 
7 0.0981984 -0.000493329 0.0468717 6.37697e-05 -0.00696492 -0.00288563 
8 0.0968646 -0.000490965 0.0377148 6.25126e-05 -0.00616811 -0.00284522 
9 0.0956313 -0.000488873 0.030347 6.13755e-05 -0.00546163 -0.00280538 
10 0.0945195 -0.00048564 0.0244191 6.02952e-05 -0.00483591 -0.0027661 
11 0.0935219 -0.000483006 0.0196494 5.93022e-05 -0.00428219 -0.00272736 
12 0.0926291 -0.000479367 0.0158116 5.83401e-05 -0.00379255 -0.00268917 
13 0.0918319 -0.000476428 0.0127234 5.74445e-05 -0.00335986 -0.00265151 
14 0.0911216 -0.000472564 0.0102382 5.65631e-05 -0.00297772 -0.00261438 
15 0.0904898 -0.000469465 0.00823817 5.57348e-05 -0.00264043 -0.00257777 
16 0.0899289 -0.000465495 0.00662852 5.49101e-05 -0.00234286 -0.00254167 
17 0.0894317 -0.000462331 0.00533293 5.41298e-05 -0.00208045 -0.00250607 
18 0.0889915 -0.00045833 0.00429006 5.33463e-05 -0.00184914 -0.00247098 
19 0.0886025 -0.000455164 0.00345053 5.26019e-05 -0.00164533 -0.00243637 
20 0.0882592 -0.000451182 0.00277464 5.185e-05 -0.00146581 -0.00240225 
21 0.0879565 -0.000448052 0.00223043 5.11339e-05 -0.00130772 -0.00236861 
22 0.0876901 -0.000444119 0.00179221 5.04075e-05 -0.00116855 -0.00233544 
23 0.087456 -0.000441049 0.00143928 4.97149e-05 -0.00104607 -0.00230273 
24 0.0872504 -0.000437184 0.00115502 4.90104e-05 -0.000938302 -0.00227048 
25 0.0870702 -0.000434188 0.000926028 4.83384e-05 -0.000843494 -0.00223868 
26 0.0869125 -0.000430402 0.000741531 4.76536e-05 -0.000760106 -0.00220733 
27 0.0867746 -0.000427488 0.00059286 4.70004e-05 -0.000686776 -0.00217642 
28 0.0866544 -0.000423787 0.000473036 4.63338e-05 -0.0006223 -0.00214594 
29 0.0865498 -0.000420959 0.000376443 4.56985e-05 -0.000565619 -0.00211589 
30 0.0864589 -0.000417345 0.000298561 4.50493e-05 -0.000515795 -0.00208625 
31 0.0863802 -0.000414605 0.00023575 4.4431e-05 -0.000472006 -0.00205704 
32 0.0863122 -0.000411078 0.000185081 4.37987e-05 -0.000433524 -0.00202823 
33 0.0862536 -0.000408425 0.000144195 4.31971e-05 -0.000399709 -0.00199983 
34 0.0862034 -0.000404984 0.000111195 4.25812e-05 -0.000369998 -0.00197182 
35 0.0861605 -0.000402417 8.45494e-05 4.19958e-05 -0.000343896 -0.00194421 
36 0.0861241 -0.000399061 6.30281e-05 4.1396e-05 -0.000320966 -0.00191698 
37 0.0860934 -0.000396578 4.56386e-05 4.08266e-05 -0.000300823 -0.00189013 
38 0.0860677 -0.000393305 3.15819e-05 4.02426e-05 -0.00028313 -0.00186366 
39 0.0860465 -0.000390904 2.02139e-05 3.96889e-05 -0.000267591 -0.00183756 
40 0.0860291 -0.000387712 1.1016e-05 3.91204e-05 -0.000253943 -0.00181183 
41 0.0860151 -0.00038539 3.56968e-06 3.8582e-05 -0.000241956 -0.00178646 
42 0.0860042 -0.000382276 -2.46198e-06 3.80287e-05 -0.00023143 -0.00176144 
43 0.0859959 -0.000380031 -7.35093e-06 3.75053e-05 -0.000222187 -0.00173677 
44 0.0859899 -0.000376994 -1.13164e-05 3.69669e-05 -0.00021407 -0.00171245 
45 0.0859859 -0.000374824 -1.45352e-05 3.64582e-05 -0.000206943 -0.00168847 
46 0.0859838 -0.00037186 -1.71501e-05 3.59344e-05 -0.000200684 -0.00166483 
47 0.0859833 -0.000369763 -1.92764e-05 3.54401e-05 -0.000195189 -0.00164151 
48 0.0859841 -0.000366871 -2.10069e-05 3.49304e-05 -0.000190364 -0.00161852 
49 0.0859862 -0.000364845 -2.24169e-05 3.44501e-05 -0.000186128 -0.00159586 
50 0.0859893 -0.000362022 -2.3567e-05 3.39543e-05 -0.000182409 -0.00157351 
51 0.0859934 -0.000360064 -2.45064e-05 3.34877e-05 -0.000179144 -0.00155148 
52 0.0859982 -0.000357309 -2.52747e-05 3.30054e-05 -0.000176277 -0.00152975 
53 0.0860039 -0.000355418 -2.59041e-05 3.25521e-05 -0.00017376 -0.00150833 
54 0.0860101 -0.000352728 -2.64204e-05 3.20829e-05 -0.00017155 -0.00148721 
55 0.086017 -0.000350901 -2.68449e-05 3.16425e-05 -0.00016961 -0.00146638 
56 0.0860243 -0.000348275 -2.71944e-05 3.11862e-05 -0.000167907 -0.00144585 
57 0.086032 -0.000346511 -2.7483e-05 3.07584e-05 -0.000166412 -0.0014256 
58 0.0860402 -0.000343947 -2.77217e-05 3.03145e-05 -0.000165099 -0.00140564 
59 0.0860486 -0.000342243 -2.79198e-05 2.9899e-05 -0.000163946 -0.00138595 
60 0.0860574 -0.000339739 -2.80845e-05 2.94671e-05 -0.000162935 -0.00136655 
61 0.0860664 -0.000338095 -2.8222e-05 2.90636e-05 -0.000162047 -0.00134741 
62 0.0860757 -0.000335649 -2.83372e-05 2.86435e-05 -0.000161267 -0.00132854 
63 0.0860851 -0.000334063 -2.8434e-05 2.82515e-05 -0.000160582 -0.00130994 
64 0.0860947 -0.000331674 -2.85157e-05 2.78429e-05 -0.000159981 -0.0012916 
65 0.0861045 -0.000330143 -2.85851e-05 2.74622e-05 -0.000159454 -0.00127351 
66 0.0861144 -0.000327809 -2.86441e-05 2.70646e-05 -0.00015899 -0.00125568 
67 0.0861244 -0.000326333 -2.86947e-05 2.66949e-05 -0.000158584 -0.0012381 
68 0.0861345 -0.000324052 -2.87383e-05 2.63081e-05 -0.000158227 -0.00122076 
69 0.0861447 -0.000322629 -2.87761e-05 2.5949e-05 -0.000157913 -0.00120367 
70 0.086155 -0.0003204 -2.88091e-05 2.55727e-05 -0.000157638 -0.00118681 
71 0.0861654 -0.000319028 -2.88381e-05 2.5224e-05 -0.000157396 -0.0011702 
72 0.0861758 -0.00031685 -2.88637e-05 2.48579e-05 -0.000157184 -0.00115381 
73 0.0861863 -0.000315528 -2.88866e-05 2.45191e-05 -0.000156998 -0.00113765 
74 0.0861968 -0.0003134 -2.89071e-05 2.41629e-05 -0.000156834 -0.00112172 
75 0.0862074 -0.000312126 -2.89257e-05 2.3834e-05 -0.00015669 -0.00110602 
76 0.086218 -0.000310045 -2.89426e-05 2.34874e-05 -0.000156564 -0.00109053 
77 0.0862286 -0.000308818 -2.89581e-05 2.3168e-05 -0.000156453 -0.00107526 
78 0.0862393 -0.000306784 -2.89725e-05 2.28307e-05 -0.000156356 -0.00106021 
79 0.08625 -0.000305603 -2.89859e-05 2.25205e-05 -0.00015627 -0.00104536 
80 0.0862607 -0.000303614 -2.89984e-05 2.21924e-05 -0.000156195 -0.00103073 
81 0.0862714 -0.000302478 -2.90103e-05 2.18911e-05 -0.000156129 -0.00101629 
82 0.0862822 -0.000300533 -2.90215e-05 2.15718e-05 -0.000156071 -0.00100207 
83 0.0862929 -0.00029944 -2.90323e-05 2.12792e-05 -0.00015602 -0.000988035 
84 0.0863037 -0.000297538 -2.90426e-05 2.09685e-05 -0.000155976 -0.000974202 
85 0.0863145 -0.000296487 -2.90526e-05 2.06844e-05 -0.000155936 -0.000960562 
86 0.0863253 -0.000294626 -2.90622e-05 2.03821e-05 -0.000155902 -0.000947113 
87 0.0863361 -0.000293617 -2.90715e-05 2.01062e-05 -0.000155871 -0.000933853 
88 0.0863469 -0.000291796 -2.90806e-05 1.98119e-05 -0.000155845 -0.000920778 
89 0.0863577 -0.000290826 -2.90896e-05 1.95441e-05 -0.000155821 -0.000907887 
90 0.0863686 -0.000289045 -2.90983e-05 1.92577e-05 -0.000155801 -0.000895176 
91 0.0863794 -0.000288114 -2.91069e-05 1.89976e-05 -0.000155782 -0.000882643 
92 0.0863902 -0.000286371 -2.91153e-05 1.87189e-05 -0.000155766 -0.000870286 
93 0.0864011 -0.000285477 -2.91237e-05 1.84663e-05 -0.000155752 -0.000858102 
94 0.0864119 -0.000283772 -2.91319e-05 1.81951e-05 -0.00015574 -0.000846088 
95 0.0864227 -0.000282915 -2.91401e-05 1.79499e-05 -0.000155729 -0.000834243 
96 0.0864336 -0.000281245 -2.91482e-05 1.76859e-05 -0.000155719 -0.000822564 
97 0.0864444 -0.000280424 -2.91563e-05 1.74478e-05 -0.000155711 -0.000811048 
98 0.0864553 -0.000278789 -2.91642e-05 1.71908e-05 -0.000155703 -0.000799693 
99 0.0864661 -0.000278002 -2.91722e-05 1.69597e-05 -0.000155697 -0.000788498 
100 0.086477 -0.000276402 -2.91801e-05 1.67095e-05 -0.000155691 -0.00077746 
101 0.0864879 -0.000275648 -2.91879e-05 1.64852e-05 -0.000155686 -0.000766576 
102 0.0864987 -0.000274081 -2.91957e-05 1.62417e-05 -0.000155681 -0.000755844 
103 0.0865096 -0.000273361 -2.92035e-05 1.60239e-05 -0.000155677 -0.000745263 
104 0.0865204 -0.000271825 -2.92113e-05 1.57868e-05 -0.000155674 -0.00073483 
105 0.0865313 -0.000271137 -2.92191e-05 1.55754e-05 -0.000155671 -0.000724543 
106 0.0865421 -0.000269633 -2.92268e-05 1.53447e-05 -0.000155668 -0.000714401 
107 0.086553 -0.000268975 -2.92345e-05 1.51394e-05 -0.000155665 -0.0007044 
108 0.0865546 0.00180411 0.000466676 7.88702e-05 -0.000156121 -0.000694527 
109 0.0865788 0.00604801 -6.28633e-05 0.000248729 -0.000155672 -0.000684749 
110 0.0865914 0.0103389 -6.74721e-05 0.000492973 -0.000154751 -0.000675063 
111 0.0866035 0.0145191 -6.2003e-05 0.00079341 -0.00015318 -0.000665467 
112 0.0866159 0.0185983 -5.59668e-05 0.00113606 -0.000150726 -0.000655958 
113 0.0866286 0.0225962 -4.94907e-05 0.00151018 -0.000147124 -0.000646534 
114 0.0866417 0.0265385 -4.24991e-05 0.00190749 -0.000142073 -0.000637193 
115 0.0866553 0.0304493 -3.48937e-05 0.00232198 -0.000135226 -0.000627934 
116 0.0866692 0.034358 -2.65543e-05 0.00274932 -0.000126183 -0.000618755 
117 0.0866837 0.0382908 -1.73367e-05 0.00318677 -0.000114483 -0.000609654 
118 0.0866986 0.0422791 -7.06846e-06 0.00363274 -9.95848e-05 -0.000600628 
119 0.086714 0.0463515 4.45449e-06 0.00408677 -8.08636e-05 -0.000591677 
120 0.0867298 0.0505403 1.74721e-05 0.00454914 -5.75881e-05 -0.000582799 
121 0.0867461 0.0548764 3.22668e-05 0.00502094 -2.89055e-05 -0.00057399 
122 0.0867627 0.0593938 4.9168e-05 0.0055038 6.18073e-06 -0.000565249 
123 0.0867796 0.0641249 6.85615e-05 0.00599991 4.88348e-05 -0.000556574 
124 0.0867968 0.0691059 9.0896e-05 0.0065118 0.000100417 -0.000547964 
125 0.0868141 0.0743716 0.000116696 0.0070425 0.000162518 -0.000539415 
126 0.0868314 0.0799606 0.00014657 0.00759524 0.000236995 -0.000530929 
127 0.0868486 0.0859106 0.000181228 0.00817365 0.000326019 -0.000522502 
128 0.0868654 0.0922635 0.000221496 0.00878156 0.000432127 -0.000514137 
129 0.0868818 0.0990612 0.000268336 0.00942314 0.000558281 -0.000505835 
130 0.0868973 0.106349 0.000322864 0.0101027 0.000707939 -0.000497598 
131 0.0869118 0.114173 0.000386383 0.010825 0.000885141 -0.000489434 
132 -40.1775 0.110057 1.18999 0.0121886 1.34447 -0.000501482 
133 -13.4129 0.535451 -0.364 -0.00871185 0.277415 -0.00048156 
134 -2.97859 0.286354 -0.392621 -0.015777 -0.197201 -0.000500247 
135 2.12443 0.178806 -0.266036 -0.0165634 -0.367571 -0.000525252 
136 4.36482 0.141649 -0.170523 -0.0147938 -0.390717 -0.000550537 
137 28.4877 0.150848 -0.381458 -0.012842 -1.16303 -0.000574636 
138 13.3709 0.133733 0.0445585 -0.00932512 -0.453731 -0.000599048 
139 6.71537 0.485834 0.171919 0.00281645 -0.100387 -0.00059662 
140 3.15381 0.320001 0.0924095 -0.00258055 0.061462 -0.000593179 
141 1.30017 0.273868 0.042825 -0.00439976 0.124339 -0.000589534 
142 0.379704 0.263918 0.0172038 -0.00450066 0.138439 -0.000586415 
143 -0.041248 0.273631 0.00514343 -0.00386446 0.13059 -0.000584485 
144 -0.202955 0.294108 0.000306628 -0.00298564 0.114688 -0.000584307 
145 -0.236558 0.320649 -0.000838198 -0.00209789 0.0975841 -0.000586437 
146 -0.212114 0.350884 -0.00018469 -0.00129895 0.0823804 -0.000591508 
147 -0.165863 0.383704 0.00129089 -0.000618298 0.0702498 -0.000600291 
148 -0.115618 0.418696 0.00311398 -5.33988e-05 0.0614282 -0.000613755 
149 -0.0693666 0.455795 0.00507855 0.00041129 0.0557431 -0.000633119 
150 -0.0300284 0.495141 0.00711947 0.000795287 0.0528861 -0.000659922 
151 0.0019527 0.536961 0.00924331 0.00111753 0.0525463 -0.000696107 
152 0.0399598 1.50049 0.0266737 0.0297259 0.0609248 -0.000776302 
153 0.0581149 0.988687 0.016252 0.00920259 0.0665547 -0.000862662 
154 0.0695122 0.836106 0.0189474 0.000170288 0.0741815 -0.000970225 
155 0.0789261 0.794056 0.0226027 -0.00308067 0.0839204 -0.00110612 
156 -23.9251 0.805775 0.159623 -0.00334557 0.765 -0.000472673 
157 -8.08921 0.874754 -0.244416 -0.00329325 0.128427 -0.000438073 
158 -1.82471 0.93313 -0.189005 -0.00215289 -0.153282 -0.000434582 
159 1.2464 1.01262 -0.0948981 -0.000797278 -0.252695 -0.0004362 
160 2.60049 1.10367 -0.037201 0.000463447 -0.263909 -0.000440168 
161 17.4567 3.16667 0.298757 0.0618062 -0.483346 -0.00268972 
162 7.95246 2.07008 0.163201 0.018711 -0.0472519 -0.00322029 
163 3.86188 1.75385 0.100688 -0.000286182 0.174455 -0.00382081 
164 1.66217 1.66816 0.0421512 -0.00708391 0.283469 -0.00452875 
165 0.505833 1.70863 0.012487 -0.00803652 0.336616 -0.00538061 
166 -0.0835858 1.81924 0.000379982 -0.00643024 0.365151 -0.00642108 
167 -0.37326 1.97037 -0.0020658 -0.00390718 0.38608 -0.00770405 
168 -0.511626 2.14692 0.000661405 -0.00124163 0.408589 -0.0092953 
169 -0.580199 2.34163 0.00613759 0.00123957 0.437681 -0.0112762 
170 -0.623146 2.5515 0.0131173 0.00343111 0.476222 -0.0137478 
171 -0.664095 2.77572 0.0210013 0.00533307 0.526086 -0.0168366 
172 -0.715642 3.0148 0.0295636 0.00698752 0.588789 -0.0207008 
173 -0.78469 3.26983 0.038751 0.0084519 0.665849 -0.0255388 
174 -0.994741 3.54261 0.0300202 0.00973001 0.695356 -0.0297269 
175 -1.60773 3.83521 -0.0269583 0.0107247 0.523247 -0.0278387 
176 -2.14657 4.14457 -0.0403394 0.011779 0.330654 -0.0247619 
177 -2.52113 4.4777 -0.0414382 0.0128586 0.124519 -0.0201831 
178 -2.82902 4.83597 -0.0397223 0.0139561 -0.0935785 -0.0136933 
179 -3.12742 5.22101 -0.0372686 0.0150711 -0.325158 -0.00476345 
180 -3.01741 5.6352 -0.0152511 0.0162668 -0.543901 0.00527051 
181 -0.546933 6.08319 0.115331 0.0178196 -0.592369 0.00561638 
182 0.657421 6.56781 0.182802 0.0192687 -0.575058 0.00584253 
183 1.17713 7.0874 0.231475 0.0207138 -0.528905 0.00598118 
184 1.62939 7.60014 0.26747 0.0244986 -0.482715 0.00273093 
185 1.42574 7.35778 0.228285 4.09524e-05 -0.419274 0.00264257 
186 1.26128 5.99371 0.0910272 -0.0570627 -0.364383 0.00272032 
187 1.10862 4.33344 -0.0199853 -0.115598 -0.317432 0.00293702 
188 0.974229 2.69343 -0.10362 -0.163206 -0.277459 0.00319809 
189 0.85938 1.2119 -0.163806 -0.196625 -0.243432 0.00342347 
190 0.749436 -4.47158 0.256134 -0.349698 -0.215073 0.0042747 
191 0.672895 -7.52502 0.46593 -0.402954 -0.190638 0.00479074 
192 0.612586 -8.49149 0.52652 -0.373875 -0.169305 0.0051004 
193 0.692449 -8.52184 0.533933 -0.31486 -0.141644 0.00345679 
194 1.9059 -8.12531 0.560911 -0.250413 -0.03193 -0.0120019 
195 2.14826 -7.55583 0.413736 -0.192999 0.0700066 -0.0234113 
196 0.853253 -7.02724 -0.272262 -0.145741 0.0121311 -0.00837461 
197 0.311097 -9.73608 -0.493775 -0.213909 0.0185494 -0.00776794 
198 0.225327 -7.16499 -0.169543 -0.100619 0.0245727 -0.00735539 
199 0.109106 -5.85646 -0.181425 -0.0406026 0.0240896 -0.00701909 
200 0.06491 -5.02581 -0.203398 -0.0095426 0.0209845 -0.00671284 
201 0.0563498 -4.46553 -0.210137 0.00589398 0.0171237 -0.00642683 
202 0.0650042 -4.06225 -0.207736 0.0129999 0.0133833 -0.00615595 
203 0.0812407 -3.7531 -0.200718 0.0157429 0.0101217 -0.00589748 
204 0.100207 -3.50296 -0.191663 0.0162673 0.00743691 -0.00564995 
205 0.119651 -3.29221 -0.182001 0.0157168 0.00530463 -0.00541075 
206 0.138654 -3.1099 -0.17251 0.0146865 0.0036515 -0.00518088 
207 0.157012 -2.94953 -0.163552 0.0134879 0.00239111 -0.00495982 
208 -4.01928 54.7331 0.341568 2.27061 -0.0286133 -0.142424 
209 2.6486 16.7376 -7.76165 1.36073 0.39087 -1.58221 
210 -7.96832 -9.79305 -5.54329 1.45348 0.0172534 -1.96453 
211 -2.61421 -6.15118 1.70525 0.881958 -0.581185 -0.0034266 
212 2.35484 -33.7839 7.89916 -1.86838 -0.636453 -0.000303194 
213 3.06377 -20.517 0.0938814 -0.88257 -0.485709 0.000108581 
214 2.28249 -17.2174 -0.547701 -0.067136 -0.39413 0.0157841 
215 0.292187 -13.2969 -0.312454 0.540841 -0.427015 0.0512129 
216 -0.288563 -10.1116 -0.320073 0.983077 -0.503558 0.0889083 
217 -1.35592 -6.86914 -0.121771 1.25657 -0.637841 0.125735 
218 -1.27504 -3.76233 0.174953 1.49051 -0.621975 0.112393 
219 -0.770411 -1.03569 -0.0320134 1.67627 -0.567922 0.0936762 
220 -0.487955 1.0183 0.0611998 1.75935 -0.502566 0.076115 
221 -0.928037 2.1811 0.440551 1.78884 -0.464855 0.0596518 
222 -1.10497 3.1704 0.439848 1.77381 -0.43914 0.0441258 
223 -1.18732 2.79424 -0.0272145 1.78874 -0.420284 0.029987 
224 -0.35682 2.05639 0.273931 1.85614 -0.311759 -0.0344471 
225 1.37772 2.39053 0.64115 1.91695 -0.103822 -0.107889 
226 2.91008 2.9834 0.603727 1.95752 0.13913 -0.170017 
227 3.01971 4.99828 1.32474 1.9022 0.382112 -0.232588 
228 4.9004 5.19035 0.704809 1.85023 0.721341 -0.29506 
229 7.69691 5.67313 -0.0823601 1.77636 1.02847 -0.296439 
230 6.41511 5.81488 -1.04707 1.70244 1.1608 -0.262329 
231 6.22899 6.48697 -2.00816 1.76833 1.17257 -0.220883 
232 3.40892 7.02948 -2.16223 1.79351 -0.257119 0.0987935 
233 1.15537 4.98067 -0.414366 1.22024 -0.171266 0.0906625 
234 0.791298 5.103 -0.165511 0.666937 -0.110923 0.0817786 
235 0.584203 5.1701 -0.159885 0.129454 -0.0728229 0.073911 
236 0.517458 5.19426 -0.186286 -0.395218 -0.0490119 0.0670173 
237 -1.2676 3.00192 -1.16537 -0.789453 0.488453 -0.0706583 
238 -0.0298323 3.22093 0.0276374 -1.19328 0.361427 -0.0544263 
239 2.27784 3.82768 0.401627 -1.62896 0.360233 -0.038199 
240 1.82806 3.77604 0.0412393 -2.06549 0.361421 -0.0307332 
241 1.27347 3.66613 -0.0847658 -2.50395 0.349119 -0.0274737 
242 5.17698 -4.01301 4.12491 -2.53016 0.575892 -0.0244232 
243 4.44514 -4.93864 0.592821 -2.5264 0.773475 -0.0310542 
244 3.78254 -5.93194 0.15052 -2.48375 0.89056 -0.0290027 
245 3.06636 -6.81674 0.0678213 -2.41049 0.848091 -0.00282566 
246 -3.66527 -12.8093 2.33225 -2.02701 0.416591 0.025646 
247 -2.29107 -12.9023 -0.144999 -1.66251 0.0406795 0.0586743 
248 -1.1771 -13.008 -0.335681 -1.31207 -0.304677 0.0940758 
249 -0.00305983 -12.9772 -0.227274 -0.983964 -0.388997 0.0858417 
250 1.1689 -12.7336 -0.115045 -0.692232 -0.426654 0.0778461 
251 2.04641 -12.5063 -0.0574172 -0.437034 -0.434719 0.0703608 
252 2.75285 -12.2674 0.0176337 -0.221419 -0.42274 0.0634021 
253 7.02831 -18.4747 2.41296 -0.814015 -0.657105 0.0587842 
254 7.5744 -15.6413 0.857176 -0.45302 -0.270153 0.010343 
255 19.8657 -23.5365 9.00598 -1.07124 1.09661 -0.281251 
256 19.0128 -19.1733 3.08263 -0.581512 2.41685 -0.372935 
257 19.4019 -18.5283 3.23306 -0.186631 3.85625 -0.459353 
258 15.4977 -17.759 0.6772 0.0775193 4.53774 -0.383506 
259 -0.841929 -16.6492 -7.98151 0.160905 2.62266 0.0608913 
260 -23.1201 -16.5943 -8.52783 0.339915 -0.538669 0.520772 
261 -25.6816 -16.9753 -1.39498 0.804645 -2.23151 0.56075 
262 -23.5649 -15.214 -1.02713 1.35586 -3.63375 0.509778 
263 -19.9189 -12.6598 -1.47936 1.92356 -4.75787 0.40437 
264 -15.2626 -8.74278 -2.32737 2.62553 -5.57081 0.258312 
265 1.24724 45.1409 17.2336 1.26283 -5.40737 -0.0681664 
266 -5.69833 27.3595 -7.41449 0.753319 -5.62734 -0.318762 
267 -6.97838 24.1209 -2.01806 0.342299 -5.9015 -0.400534 
268 -4.33144 21.5341 0.954099 0.0074721 -6.01795 -0.364726 
269 -3.67718 19.2538 -0.719868 -0.25883 -6.11794 -0.374417 
270 1.54447 17.5527 -0.36424 -0.485027 -5.86758 -0.390581 
271 5.5225 15.4167 -0.130071 -0.644671 -5.34639 -0.403812 
272 8.62756 13.3467 0.104302 -0.739421 -4.40611 -0.395761 
273 10.9947 11.2081 0.123363 -0.762601 -3.40437 -0.37021 
274 12.5252 9.19482 0.0218957 -0.717022 -2.40489 -0.320647 
275 13.3279 7.34908 -0.139708 -0.608445 -1.4363 -0.252572 
276 16.9469 1.09254 0.622311 -0.194143 -0.297413 -0.207359 
277 14.5592 2.97266 -0.882468 0.084863 0.702445 -0.15796 
278 12.3287 4.33031 -0.865021 0.264417 1.54316 -0.105394 
279 9.53115 9.29287 -0.225541 0.485044 2.4185 -0.0292651 
280 6.9275 8.09762 -1.40552 0.398841 2.71335 0.000143438 
281 3.51979 5.5201 -0.685378 0.4331 2.81814 0.0160157 
282 1.51764 4.95249 -0.783515 0.481448 2.81726 0.029212 
283 30.0122 -31.8031 4.16797 -4.48504 0.194366 0.0909032 
284 30.3715 -48.9071 -9.71233 -4.34889 3.79838 3.24261 
285 21.5058 -10.6017 -18.4352 -2.16558 5.56662 7.97508 
286 19.2486 1.0259 -6.43656 -1.07513 6.02645 9.32022 
287 16.5461 13.6534 -5.19359 -1.5689 4.82321 4.58731 
288 11.8838 36.2458 -0.00360276 2.61905 9.20591 -0.0152573 
289 16.8615 31.4469 1.56994 2.60429 10.177 -0.0236278 
290 -72.7522 36.9569 71.9861 0.799923 6.25442 -0.00810115 
291 -36.6592 17.4415 -27.134 0.0523544 4.37557 0.00497339 
292 -39.5116 17.5421 -13.403 -0.7161 2.30506 -0.0120776 
293 -39.6914 14.6238 -10.2456 -1.33897 0.242907 -0.011247 
294 -39.3323 12.3509 -10.0622 -1.84941 -1.81664 -0.0156285 
295 -39.0019 10.2501 -10.0831 -2.25953 -3.879 -0.018032 
296 15.7896 9.99011 23.9056 -2.68004 -2.96577 0.000185811 
297 3.86424 2.84349 -5.61977 -2.71107 -2.76582 -0.00216519 
298 5.8335 2.63371 0.947675 -2.75725 -2.28132 0.0417752 
299 7.10187 1.53954 0.612288 -3.04578 -1.70084 0.090659 
300 6.24947 1.06994 0.489153 -3.32285 -1.16604 0.138359 
301 7.45423 -0.188235 1.10592 -3.54782 -0.575745 0.189495 
302 8.98856 -0.230412 1.69851 -3.78878 0.0964227 0.242453 
303 9.76603 -1.57949 2.3143 -3.97547 0.818385 0.300071 
304 10.3109 -2.4767 1.91564 -4.13346 1.5714 0.359265 
305 10.6102 -2.56161 1.26663 -4.30777 2.34473 0.41987 
306 10.5049 -2.60435 1.00393 -4.50211 3.10951 0.480135 
307 11.6307 -2.61343 -0.442209 -4.70735 3.62046 0.465293 
308 8.73433 -2.81053 -0.72608 -4.92894 4.01072 0.459693 
309 12.6037 -13.906 -9.71442 -9.76062 -1.81446 -0.295046 
310 2.04709 -1.38469 -1.5754 -9.07236 -1.24525 -0.278168 
311 -0.134184 -1.93354 0.0720096 -8.4492 -0.822293 -0.252547 
312 -1.68728 -2.38 0.215354 -7.89132 -0.53169 -0.227953 
313 -2.76248 -2.74617 0.139784 -7.39356 -0.343599 -0.205688 
314 -4.84531 -0.884145 0.070784 -6.84691 3.69316 0.485405 
315 -95.2977 -120.085 121.448 -1.92564 5.92746 5.86983 
316 -24.291 -30.9042 -62.4313 -0.235093 5.57571 7.06451 
317 -22.8365 -33.0689 -59.0258 2.39267 1.6834 5.10216 
318 -24.8243 -35.7009 -53.6957 5.18613 -2.63636 2.83725 
319 -33.9134 -44.7768 -34.0181 8.05626 -5.77764 1.67387 
320 38.7061 -5.18447 80.2361 8.12483 -5.71041 1.96655 
321 22.0318 -1.33531 -6.5554 9.29093 -4.75875 1.58192 
322 22.843 -2.41394 -2.06347 9.66274 -3.75882 1.5204 
323 23.4834 -0.989162 -0.760781 10.646 -3.14841 1.4739 
324 23.2129 -2.04012 -1.33509 11.0705 -2.21079 1.40195 
325 23.291 -1.75312 -1.81224 11.5347 -1.30495 1.32077 
326 29.4688 44.6166 33.4202 9.30032 -0.0465522 -0.165098 
327 21.6803 28.4427 -11.7091 8.24503 0.691045 -0.239057 
328 23.0151 30.5539 -6.02024 7.11068 1.46396 -0.305161 
329 23.7821 31.7513 -5.30615 5.96125 2.22756 -0.373369 
330 24.1709 32.279 -5.33421 4.83036 2.95896 -0.440188 
331 24.7258 32.2277 -5.55961 3.7462 3.65984 -0.508754 
332 25.0852 32.2128 -3.30876 2.69367 4.89838 -0.456408 
333 25.0485 31.8658 -1.5679 1.69855 6.76927 -0.299988 
334 -42.5386 50.8506 31.837 -0.292945 5.01878 -0.190745 
335 -16.9564 38.0294 -6.31707 -1.53275 4.78161 -0.0365903 
336 -23.3322 24.6619 4.3534 -1.97701 3.58122 -0.0506838 
337 -22.8535 22.9169 -10.1963 -2.24323 0.713253 -0.404448 
338 -40.2975 8.60975 -0.536688 -1.8933 -2.61256 -0.651125 
339 -26.1956 17.8601 -6.30112 -2.24086 -4.18133 -0.660094 
340 -21.3648 16.5811 -2.58747 -2.74106 -5.36439 -0.598119 
341 -16.6713 13.5469 -1.35362 -3.25304 -6.21921 -0.486282 
342 -12.0554 9.8871 -1.4449 -3.7124 -6.77362 -0.336204 
343 -14.0181 -4.76711 1.21409 -4.1024 -7.39204 -0.166175 
344 0.501819 -43.1941 13.6647 -3.60251 -7.63206 0.33791 
345 -2.30831 -31.0129 -2.43839 -2.70402 -7.547 1.12791 
346 3.06211 -28.5758 -1.43976 -1.92559 -6.75734 1.2546 
347 6.65693 -23.1797 -1.57242 -1.39305 -5.75686 1.36187 
348 9.7069 -20.4554 -0.347137 -0.969113 -4.66269 1.43475 
349 10.4637 -19.001 0.211511 -0.662462 -3.6432 0.876876 
350 10.1111 -17.4241 0.428973 -0.408269 -2.79095 0.258903 
351 9.36222 -15.0233 0.350461 -0.167863 -1.90745 0.230516 
352 8.55129 -13.3112 0.370743 0.0168014 -1.11667 0.181532 
353 7.64494 -11.7962 0.360582 0.151483 -0.424492 0.128683 
354 6.71019 -10.4772 0.325345 0.244441 0.172849 0.0750256 
355 6.51781 -9.24332 0.0799533 0.292734 0.512769 0.0303075 
356 6.32224 -8.24815 -0.0773233 0.309468 0.717923 -0.0223837 
357 4.277 -8.22438 -0.324267 0.353243 1.04726 -0.0325067 
358 4.39047 -5.01138 0.513976 0.241993 1.36553 -0.0404558 
359 1.89804 -5.90527 -0.726729 0.201815 1.43621 -0.0503934 
360 0.460356 -6.17707 -0.720179 0.19382 1.40986 -0.0566871 
361 44.9862 51.318 10.2384 3.99668 -0.799342 -0.0360848 
362 27.8612 45.9286 -15.1569 4.93488 4.58312 -0.504987 
363 21.8555 26.971 -34.1041 2.63447 9.58122 -0.962828 
364 -33.7953 -26.0844 4.10255 3.53585 8.48661 -4.17416 
365 -34.4401 -5.97421 0.800092 2.57918 1.01265 -2.1886 
366 -53.9952 -40.5538 12.085 -2.1627 -0.268491 -1.23173 
367 -10.5513 -43.6465 14.7272 -2.10678 -0.848896 0.0195126 
368 -6.51847 -28.9958 -2.94595 -0.748163 -1.22778 0.00933966 
369 -1.23913 -23.1062 -1.4366 0.307992 -1.3231 -0.00205533 
370 1.46272 -17.65 -0.84894 1.08052 -1.28253 -0.0113041 
371 3.26556 -13.5828 -0.732531 1.64593 -1.16156 -0.0165548 
372 4.82916 -10.879 -0.456021 1.92609 -0.960645 -0.0205019 
373 3.80555 -7.46722 -0.0959735 2.18606 -0.826682 -0.0263759 
374 5.62888 -5.7451 1.62414 2.52382 -0.214674 -0.126394 
375 3.19014 -4.70721 0.288755 2.95862 0.0947825 -0.184653 
376 3.95775 -3.43493 0.299585 3.33895 0.431549 -0.23779 
377 4.46062 -1.29623 0.614203 3.61893 0.801807 -0.283971 
378 5.32977 0.502457 1.19847 3.82113 1.22435 -0.334931 
379 6.58254 2.24169 2.34919 3.95042 1.72546 -0.390741 
380 7.98705 2.34008 1.40137 4.09478 2.30116 -0.445825 
381 8.70458 2.39604 0.935742 4.25644 2.88299 -0.493841 
382 9.86681 2.41851 -0.466982 4.42895 3.24777 -0.474754 
383 9.02069 2.56239 -0.682769 4.61948 3.59136 -0.462863 
384 13.0007 14.4991 -10.1391 9.65806 -0.582257 0.0851631 
385 4.18085 1.11369 -1.22271 8.9124 -0.106143 0.0757923 
386 1.98858 1.68716 0.351748 8.23089 0.236465 0.0607966 
387 0.327647 2.16935 0.46888 7.61407 0.459091 0.0469461 
388 -0.904126 2.5655 0.366428 7.05671 0.587405 0.0353098 
389 -2.39577 0.40421 0.578991 6.29957 3.60448 -0.486605 
390 0.751407 2.43397 0.118437 6.31975 3.48652 -0.451987 
391 -70.7109 93.9028 68.3781 1.04639 0.743684 -1.75246 
392 -16.3586 28.1886 -52.8841 -0.849496 -1.5062 -1.21141 
393 -3.89203 23.2669 -17.2899 -2.30889 -1.83038 -0.859488 
394 1.82335 19.7532 -5.45652 -3.56007 -1.88694 -0.710553 
395 7.49698 15.4529 -3.11679 -4.58162 -1.69168 -0.562693 
396 11.5218 12.232 -2.1537 -5.4394 -1.30044 -0.444436 
397 14.2329 10.0018 -1.66888 -6.19473 -0.784198 -0.351079 
398 15.9707 8.51019 -1.46585 -6.89483 -0.196543 -0.276914 
399 17.8247 6.68718 -1.95956 -7.53455 0.467472 -0.254804 
400 19.0047 5.5915 -2.00881 -8.15247 1.1709 -0.243693 
401 19.5044 5.06548 -2.00036 -8.78406 1.87616 -0.233366 
402 19.5426 4.87571 -2.09627 -9.4541 2.55581 -0.221108 
403 28.8433 -38.7401 23.7479 -7.78087 4.00983 -1.03305 
404 17.5927 -19.6989 -8.04126 -7.33855 4.48278 -0.855832 
405 12.6142 -16.4437 -2.75602 -7.06631 4.77032 -1.14694 
406 -16.2218 -14.3793 13.6661 -6.68815 3.01262 0.296584 
407 -34.3641 -42.9902 11.8617 -4.96238 1.15076 0.302203 
408 -17.4827 -35.4119 -6.49779 -3.71619 0.4616 0.226416 
409 -11.3913 -37.3391 -1.8913 -2.39882 0.272398 0.101855 
410 -2.61572 -36.0079 0.801218 -1.20259 0.616839 -0.0270444 
411 6.32047 -33.1447 2.7274 -0.210688 1.52334 -0.152146 
412 8.30139 -29.8608 0.307057 0.530329 1.9262 -0.114247 
413 -8.75797 -21.7127 -5.65793 0.692224 -0.253071 0.230595 
414 -15.663 -22.1045 -6.55282 1.0626 -2.3096 0.489505 
415 -16.3467 -22.4727 -2.74792 1.70472 -3.41956 0.532722 
416 -17.041 -18.6043 -1.59836 2.31875 -4.45284 0.494719 
417 -15.5751 -14.379 -1.77369 2.86524 -5.3233 0.399286 
418 -11.7607 -11.0444 -1.38548 3.37759 -5.92619 0.266894 
419 -7.6419 -3.3618 -1.52891 5.07701 -6.87358 0.139161 
420 -7.09296 47.2816 18.9553 3.36537 -6.74618 -0.918388 
421 -3.26053 29.1154 -5.82378 2.53794 -6.88251 -1.92501 
422 1.24057 26.6716 -1.95433 1.85384 -6.51872 -2.10573 
423 5.62702 22.4714 -1.18137 1.35841 -5.57796 -2.17269 
424 8.63476 20.0328 -0.151448 0.951911 -4.54257 -2.26011 
425 9.5419 19.2264 0.249265 0.713936 -3.63044 -1.04603 
426 9.27989 17.4574 0.465123 0.480156 -2.84864 -0.273938 
427 8.54575 15.0702 0.381771 0.23932 -2.01599 -0.223871 
428 8.21926 13.3273 0.34161 0.0561487 -1.25547 -0.162485 
429 7.66884 11.8247 0.337774 -0.0781809 -0.575005 -0.102771 
430 7.1768 10.4944 0.250894 -0.170505 -0.0248852 -0.0502148 
431 7.15002 9.26755 0.020271 -0.223798 0.300415 -0.0155132 
432 6.81608 8.30623 -0.0698662 -0.250119 0.551081 0.00850995 
433 4.8395 8.30202 -0.306682 -0.297821 0.902004 0.018456 
434 4.96509 5.07959 0.524461 -0.189654 1.24054 0.0239785 
435 2.59002 6.26394 -0.616386 -0.168436 1.3854 0.037329 
436 1.15649 6.5359 -0.719484 -0.179014 1.38083 0.0453915 
437 44.7868 -51.5275 10.8898 -4.03899 -0.505597 -0.0837398 
438 28.0403 -46.0252 -15.1106 -4.93287 4.83775 0.500555 
439 22.1287 -27.083 -34.1276 -2.62149 9.83948 0.964575 
440 -34.5029 26.5601 1.05088 -3.45738 8.81452 3.74696 
441 -31.9178 4.67305 2.56402 -2.54632 1.09825 2.16029 
442 -52.4815 40.8129 12.6268 2.10417 -0.255894 1.4403 
443 -11.2342 43.6019 14.9139 2.17828 -0.79562 -0.0210208 
444 -5.50842 29.6162 -2.84747 0.787968 -1.14076 -0.0111144 
445 -0.768263 23.5811 -1.48619 -0.292154 -1.22134 0.0020255 
446 1.68771 18.0286 -0.913309 -1.08356 -1.17949 0.0125242 
447 3.32917 13.8799 -0.793379 -1.6636 -1.06538 0.0186432 
448 4.1779 10.1721 -0.507345 -2.05556 -0.914665 0.0238167 
449 3.90909 7.4364 -0.0824102 -2.31236 -0.787278 0.0282159 
450 3.05684 5.50819 0.249283 -2.47714 -0.71378 0.0320187 
451 3.46517 4.19949 1.23679 -2.58976 -0.444827 0.0794726 
452 3.87447 2.63824 0.314087 -2.92084 -0.120925 0.13326 
453 2.66475 2.01846 0.17262 -3.23151 0.142992 0.184138 
454 3.56477 0.193798 0.582831 -3.45803 0.450085 0.230902 
455 5.35628 -0.0125707 1.34015 -3.69214 0.855128 0.28165 
456 6.7697 -0.665286 1.72537 -3.90938 1.34286 0.33486 
457 7.67365 -2.2388 2.05014 -4.06144 1.88903 0.391173 
458 8.69384 -2.33977 1.11078 -4.22874 2.49094 0.447112 
459 8.80221 -2.40245 0.349566 -4.4107 2.99493 0.478923 
460 10.057 -2.4215 -0.698996 -4.60762 3.36459 0.462619 
461 8.61827 -2.59283 -0.851511 -4.82192 3.68483 0.454228 
462 12.4674 -14.1944 -10.2845 -9.9011 -0.247924 -0.0553042 
463 4.16673 -1.16975 -1.29924 -9.17984 0.19942 -0.0446596 
464 3.25418 -1.0523 0.0141229 -8.33036 0.457174 -0.0334455 
465 1.06151 -2.23163 0.403283 -7.73868 0.700864 -0.0181917 
466 -2.83905 0.462882 1.30802 -6.53705 3.81443 0.480182 
467 1.435 -2.86618 -0.536932 -6.98316 3.77068 0.481114 
468 -83.2148 -115.532 113.803 -1.08433 2.0539 2.50699 
469 -15.4523 -25.6109 -74.2206 1.11813 -1.3702 0.6077 
470 -24.4173 -33.6088 -55.1264 3.23331 -1.8445 1.35901 
471 12.3836 -12.9136 2.20068 4.35879 -2.77133 1.3592 
472 12.1603 -11.4714 -3.17802 5.23692 -2.36156 1.40102 
473 13.2676 -10.5665 -2.89069 6.05958 -1.89648 1.41096 
474 15.5541 -8.89648 -1.16832 6.7935 -1.32683 1.35733 
475 17.4747 -7.33248 -0.470647 7.45529 -0.673975 1.24353 
476 18.6166 -6.27896 -0.509024 8.08307 0.0193829 1.08666 
477 19.8868 -4.87735 -1.22154 8.66963 0.758727 0.915932 
478 20.5066 -4.24182 -1.41333 9.25691 1.50705 0.698188 
479 20.592 -4.04131 -1.60507 9.87618 2.23305 0.444206 
480 28.691 43.3259 26.5171 8.39434 4.06252 2.8851 
481 13.2942 20.5292 -7.75042 8.25429 4.83068 5.21653 
482 11.48 23.4526 -4.60309 8.22883 5.79006 8.89232 
483 -19.3763 9.01616 20.2547 8.5741 4.41905 9.55901 
484 -29.3632 39.0813 16.276 5.76522 1.34928 4.23298 
485 -3.12553 36.9201 -5.59009 5.47007 0.644611 -0.0594819 
486 0.53693 40.5065 -1.4097 4.02113 1.17745 0.0532428 
487 4.87131 41.3477 -0.352161 2.58951 2.03132 0.176638 
488 6.33984 41.1362 -2.87575 1.25741 2.35687 0.128218 
489 -0.305075 39.2996 -10.8252 0.138113 0.623882 -0.283593 
490 -12.0539 39.4873 -11.5733 -1.10493 -1.55139 -0.66989 
491 -16.8528 41.114 -7.79326 -2.70631 -2.61812 -0.701919 
492 -18.5294 41.1484 -8.86014 -4.50729 -3.6665 -0.642829 
493 -36.2527 17.4508 14.8311 -4.87136 -6.35547 -0.594192 
494 -29.9852 10.2152 -12.6786 -6.38792 -7.75556 -0.372157 
495 -3.83059 4.67479 4.3877 -7.56327 -7.72028 -0.131286 
496 -6.47513 5.01717 -4.21532 -8.71902 -7.85413 0.066944 
497 -30.684 -36.4666 14.2294 -7.63353 -9.27386 0.22307 
498 -8.26564 -19.7847 -5.33579 -7.37388 -9.46429 0.343637 
499 19.7848 -57.8174 20.0791 -5.02518 -7.81917 0.754197 
500 16.7482 -38.5676 -6.22158 -3.19411 -6.08226 4.51567 
501 19.509 -38.4795 -3.31347 -1.94077 -4.61451 3.46286 
502 21.1734 -32.8969 -3.5068 -0.837669 -3.14109 2.16119 
503 19.2818 -29.4575 -1.89688 -0.0197175 -1.79029 1.46453 
504 17.0703 -26.0101 -1.31305 0.671468 -0.615132 0.8738 
505 14.6945 -22.4908 -0.980111 1.23911 0.3884 0.416202 
506 12.4088 -18.9493 -0.719096 1.69062 1.22267 0.0921485 
507 10.3527 -15.3789 -0.513885 2.04023 1.90336 -0.0599964 
508 8.05035 -11.9695 -0.431412 2.23892 2.38663 -0.214974 
509 5.59657 -9.38221 -0.742413 2.32499 2.60642 -0.197519 
510 0.31934 -4.70193 2.60967 2.1845 2.52979 -0.115803 
511 0.109891 -4.56867 0.356846 2.06733 2.4637 -0.105073 
512 42.0794 27.6289 -0.552829 7.19506 0.0185442 -0.0911428 
513 35.3814 65.7308 11.3662 7.18759 5.62912 -0.523265 
514 22.3164 31.3443 -38.5346 4.61931 9.0572 -0.880658 
515 22.1367 27.223 -42.8664 2.28571 11.2593 -1.08828 
516 -68.1115 -24.767 72.9009 2.46319 4.01423 -1.70433 
517 -46.2155 -38.254 -5.59588 -2.5061 2.71641 -0.382515 
518 -43.5536 -31.8679 -4.71758 -2.81439 0.400497 0.0255142 
519 -42.4777 -25.9535 -10.2708 -1.74588 -1.81504 0.0142055 
520 -39.6553 -22.7463 -10.561 -0.689961 -3.96298 0.0185959 
521 8.01077 -37.4449 11.587 1.18834 -3.53704 -0.01815 
522 -1.03862 -25.9362 -6.46527 2.43984 -3.65009 -0.0297297 
523 17.2671 -8.47205 10.0792 2.76339 -2.78129 -0.0292423 
524 10.179 -7.15901 -2.00208 3.04596 -2.315 -0.0330889 
525 8.73062 -4.86766 0.124618 3.22052 -1.93287 -0.0370166 
526 7.52055 -2.62046 0.360479 3.28967 -1.62388 -0.040283 
527 6.28995 -1.50513 0.0162754 3.31354 -1.38863 -0.0397186 
528 4.40377 -0.933015 -0.131474 3.32099 -1.25716 -0.0372071 
529 4.4426 -0.0480339 0.545113 3.29555 -1.13288 -0.03742 
530 4.66167 -0.198134 0.788442 3.29237 -1.0024 -0.038906 
531 5.49435 0.265998 1.39045 3.37058 -0.691219 -0.0746312 
532 6.17102 2.22105 1.91517 3.47506 -0.32014 -0.115948 
533 8.08653 2.1782 0.874654 3.59566 0.140537 -0.152898 
534 9.45265 2.15575 0.713051 3.7328 0.666174 -0.189908 
535 8.97977 2.26451 0.666243 3.88014 1.01285 -0.206402 
536 8.29028 2.35089 0.564567 4.04059 1.3289 -0.223767 
537 23.9052 15.8429 -3.26435 10.1468 -0.133055 -0.202383 
538 17.4608 5.00597 -3.99762 10.9158 0.868516 -0.208336 
539 12.6493 1.71698 0.0112032 10.2208 1.60923 -0.23108 
540 8.57924 2.36673 0.381427 9.60299 2.12212 -0.251111 
541 5.04963 2.93726 0.256001 9.05638 2.439 -0.2661 
542 -6.79252 -5.29308 5.46641 5.43273 3.66635 -0.407999 
543 -3.07408 3.38328 -0.348444 5.78569 3.1485 -0.340838 
544 29.6919 68.5361 17.8813 2.59551 4.44753 0.0794397 
545 3.92561 37.7331 -12.074 1.29299 4.35173 -0.770139 
546 -14.0506 16.0784 -14.1266 0.876968 3.29675 -0.234387 
547 -12.913 17.5593 -3.67827 0.528606 2.31899 -0.137522 
548 -10.0954 22.6816 -2.33443 0.121609 1.58535 -0.0603591 
549 -10.4891 18.8279 -1.9831 -0.954664 1.13964 -0.0454284 
550 -9.98636 16.3945 -1.7248 -1.92164 0.70986 -0.0308692 
551 -9.03189 14.1033 -1.41631 -2.75148 0.321814 -0.0194479 
552 -7.78295 11.8824 -1.12686 -3.45449 -0.00899837 -0.0125868 
553 -6.37191 9.74359 -0.862981 -4.04143 -0.273993 -0.0108347 
554 -4.90752 7.69876 -0.622537 -4.52331 -0.470162 -0.0140688 
555 -3.46669 5.77029 -0.399605 -4.91017 -0.599057 -0.0216748 
556 -2.26481 4.00136 -0.197863 -5.21633 -0.678477 -0.0272315 
557 -1.08133 3.42068 0.245424 -5.51029 -0.715972 -0.0228427 
558 0.0702269 3.2845 0.436048 -5.8214 -0.696584 -0.0215999 
559 0.917754 3.1082 0.407197 -6.15025 -0.63715 -0.0224089 
560 1.34573 2.89141 0.34835 -6.49873 -0.559685 -0.0241254 
561 1.71585 2.64149 0.305513 -6.86957 -0.468117 -0.0257267 
562 1.95356 2.35655 0.279275 -7.2646 -0.368581 -0.027048 
563 2.03598 2.03085 0.267841 -7.68714 -0.268075 -0.0278963 
564 2.00155 1.66473 0.271844 -8.13975 -0.172254 -0.0280823 
565 2.16874 1.18369 0.280942 -8.67349 -0.120482 -0.0270114 
566 22.5922 -36.2608 17.3559 -7.07497 1.07949 0.0205664 
567 6.90852 -22.0165 -4.56 -6.19057 1.48423 0.0355117 
568 -16.5257 -38.4382 7.17922 -4.29924 0.723977 -0.00560501 
569 -4.41012 -28.3123 -3.50636 -2.91065 0.475826 -0.00778516 
570 -3.24417 -25.2566 -1.51159 -1.62037 0.28084 -0.0097895 
571 -2.19417 -21.4492 -1.47833 -0.482278 0.142881 -0.0116628 
572 -1.30482 -15.0583 -2.83774 0.758006 0.0529498 -0.012855 
573 -0.633738 -7.66583 -3.19919 1.99885 -0.00131864 -0.0130474 
574 11.146 32.0893 8.61637 0.664538 0.659312 -0.16312 
575 1.10136 9.75019 -3.09263 0.49293 0.686048 -0.11185 
576 -0.292003 8.62217 -0.919149 0.350866 0.644183 -0.0867707 
577 -1.06249 7.75044 -0.636953 0.23484 0.567109 -0.0720194 
578 -1.39992 6.98479 -0.522111 0.140059 0.475542 -0.0600868 
579 -1.46728 6.28741 -0.442431 0.0639896 0.38319 -0.050108 
580 -1.37632 5.64779 -0.382243 0.00464804 0.297985 -0.041822 
581 -1.2022 5.06421 -0.335772 -0.0398957 0.223908 -0.0350025 
582 -0.994226 4.53721 -0.299161 -0.071639 0.162371 -0.0294303 
583 -0.784341 4.0681 -0.26897 -0.0926604 0.113364 -0.0256766 
584 -0.591513 3.65653 -0.243091 -0.105061 0.0759314 -0.0243216 
585 -0.422595 3.29527 -0.222364 -0.110704 0.0480067 -0.0230949 
586 -0.281657 2.97985 -0.204252 -0.111178 0.0279574 -0.0219724 
587 -0.168606 2.70617 -0.187983 -0.107887 0.0141943 -0.0209449 
588 -0.0812817 2.46927 -0.1731 -0.102034 0.00527066 -0.020003 
589 -2.15606 -38.5708 -2.78752 -2.99127 -0.289611 -0.0312273 
590 0.272621 -22.6624 -3.71346 -1.25094 -0.277415 -0.0259887 
591 3.3346 -9.90587 -0.526538 -0.256698 -0.07468 -0.0246151 
592 1.82409 -6.3253 -2.16598 0.540933 0.0319017 -0.0249741 
593 1.96705 0.17465 -0.301403 0.939258 0.143072 -0.0221908 
594 9.59404 35.4426 7.96919 2.82061 0.767419 -0.0105273 
595 3.08639 22.0553 -0.713217 1.7222 0.936235 -0.0115905 
596 -2.05617 15.4347 -0.179891 0.977608 0.828403 -0.0115815 
597 -4.36675 11.2764 -0.0349791 0.453487 0.59899 -0.0119038 
598 -5.06826 8.51554 0.0225579 0.0738511 0.333311 -0.0115685 
599 -4.88739 6.55141 0.0445208 -0.204763 0.0778027 -0.011017 
600 -4.25427 5.05344 0.048847 -0.407858 -0.144086 -0.0104383 
601 -3.42258 3.84465 0.044679 -0.551236 -0.322373 -0.00994232 
602 -0.151911 -0.267623 0.733354 -0.476371 -0.323858 -0.00913052 
603 0.388067 -0.377309 -0.00642309 -0.401524 -0.300384 -0.00893821 
604 0.689224 -0.401937 -0.0679194 -0.32924 -0.261526 -0.00875859 
605 0.817206 -0.35721 -0.0751886 -0.262835 -0.216468 -0.00858604 
606 0.829951 -0.269312 -0.0732291 -0.204255 -0.171265 -0.00840954 
607 0.771845 -0.15934 -0.067342 -0.154311 -0.129588 -0.00822335 
608 0.675131 -0.0433367 -0.0594989 -0.113039 -0.0933939 -0.00802599 
609 0.562429 0.0680757 -0.0510131 -0.0799097 -0.0634413 -0.00781796 
610 0.448628 0.167585 -0.042654 -0.0541033 -0.039709 -0.00760128 
611 0.34319 0.252811 -0.0350764 -0.0345543 -0.0216882 -0.00737768 
612 0.250858 0.321053 -0.0283459 -0.0202758 -0.00862999 -0.00715 
613 0.173923 0.373768 -0.0227357 -0.0102075 0.000321727 -0.00692019 
614 -4.20296 -37.7745 -2.82138 -2.15213 -0.329616 -0.0141222 
615 1.25945 -16.9944 -1.41139 -0.827581 -0.249009 -0.0129723 
616 1.85426 -10.0461 -1.78781 0.0877273 -0.138176 -0.0144936 
617 2.36683 -2.97165 -0.50428 0.605165 -0.00771918 -0.013575 
618 8.72312 28.9817 5.25697 2.18455 0.533106 -0.00884547 
619 2.35871 16.4082 0.0469683 1.33093 0.659749 -0.00816965 
620 -1.52657 11.3204 0.105008 0.751228 0.579233 -0.00774764 
621 -3.26697 8.12409 0.128321 0.34374 0.407219 -0.00723664 
622 -3.65584 5.83476 0.163533 0.0590858 0.215587 -0.00659023 
623 -2.906 3.57576 0.282569 -0.104355 0.0651858 -0.00598042 
624 -2.08745 2.11059 0.197148 -0.190324 -0.0411555 -0.00549165 
625 -1.34901 1.16225 0.121305 -0.226555 -0.108064 -0.00511492 
626 -0.751343 0.559324 0.0656787 -0.231603 -0.143289 -0.00483017 
627 -0.305738 0.189759 0.0271846 -0.218051 -0.155084 -0.00461394 
628 0.00169904 -0.0193124 0.0018614 -0.194299 -0.150885 -0.00444483 
629 0.194706 -0.119596 -0.0135547 -0.166022 -0.136809 -0.00430603 
630 0.299071 -0.149111 -0.0217115 -0.136996 -0.11756 -0.00418551 
631 0.339145 -0.135482 -0.0247772 -0.109596 -0.096542 -0.00411097 
632 0.336276 -0.0919674 -0.0249876 -0.0848848 -0.0759759 -0.00404683 
633 0.305879 -0.0368209 -0.0229742 -0.0637052 -0.0572685 -0.00398159 
634 0.261031 0.0241688 -0.0200995 -0.0460793 -0.0411374 -0.00391434 
635 0.209964 0.0810979 -0.016579 -0.0320301 -0.0278669 -0.0038443 
636 0.159795 0.136262 -0.0134551 -0.0209701 -0.0173685 -0.00377211 
637 0.118733 0.217216 -0.0130213 -0.0111717 -0.00912089 -0.00370218 
638 0.0730574 0.237971 -0.00731775 -0.00603185 -0.00334876 -0.00362559 
639 0.037178 0.261593 -0.0050562 -0.0023922 0.000498423 -0.0035483 
640 0.00966515 0.280463 -0.00342375 2.18066e-05 0.00287208 -0.00347044 
641 -0.0154129 0.265603 3.89074e-05 0.000207734 0.00390013 -0.00338834 
642 -0.0300598 0.263556 0.000442218 0.000501288 0.00415548 -0.00330748 
643 -0.038307 0.264399 0.000568878 0.000751113 0.00398154 -0.00322799 
644 -0.0426193 0.26616 0.000611496 0.000909026 0.00358848 -0.00315007 
645 -0.0445217 0.267917 0.000597021 0.000975801 0.00310421 -0.00307382 
646 -0.0449726 0.269309 0.000542441 0.000971201 0.00260502 -0.0029993 
647 -0.0445817 0.27025 0.000462387 0.000919395 0.00213453 -0.00292651 
648 -0.0437402 0.270787 0.000369135 0.000841894 0.00171547 -0.00285545 
649 -0.0426981 0.271007 0.000271952 0.000755426 0.00135737 -0.0027861 
650 -0.0416127 0.27101 0.000177647 0.00067135 0.00106147 -0.00271841 
651 -0.0405788 0.270878 9.05195e-05 0.000596654 0.000824136 -0.00265235 
652 -0.0396498 0.270679 1.32059e-05 0.000534665 0.000639054 -0.00258788 
653 -0.0388502 0.270459 -5.32873e-05 0.000486371 0.000498743 -0.00252494 
654 -0.0381867 0.27025 -0.000108776 0.000450997 0.000395496 -0.0024635 
655 -0.0376537 0.270067 -0.000153969 0.000426998 0.000322021 -0.0024035 
656 -0.0372392 0.269923 -0.000189787 0.000412264 0.000271747 -0.00234491 
657 -0.0369275 0.269816 -0.000217564 0.000404763 0.000239026 -0.00228769 
658 -0.0367021 0.269747 -0.000238489 0.000402458 0.00021914 -0.00223179 
659 -0.0365463 0.269707 -0.000253913 0.000403723 0.000208296 -0.00217719 
660 -0.0364457 0.269695 -0.000264875 0.000407093 0.000203513 -0.00212385 
661 -0.0363867 0.269702 -0.00027248 0.000411568 0.000202545 -0.00207174 
662 -0.0363587 0.269726 -0.000277472 0.000416282 0.000203731 -0.00202082 
663 -0.0363524 0.269758 -0.000280648 0.000420771 0.000205914 -0.00197107 
664 -0.0363609 0.269799 -0.000282459 0.00042462 0.000208306 -0.00192246 
665 -0.0363785 0.269841 -0.000283435 0.000427724 0.000210428 -0.00187496 
666 -0.0364015 0.269886 -0.000283795 0.000429942 0.000211998 -0.00182855 
667 -0.0364267 0.26993 -0.000283874 0.000431363 0.000212905 -0.0017832 
668 -0.0364525 0.269974 -0.000283732 0.000431978 0.00021312 -0.00173888 
669 -0.0364773 0.270015 -0.000283581 0.000431959 0.000212698 -0.00169558 
670 -0.0365007 0.270056 -0.000283386 0.000431338 0.000211711 -0.00165328 
671 -0.0365221 0.270092 -0.000283287 0.000430299 0.000210263 -0.00161194 
672 -0.0365417 0.270129 -0.0002832 0.000428869 0.000208446 -0.00157154 
673 -0.0365594 0.270162 -0.000283231 0.000427215 0.000206361 -0.00153208 
674 -0.0365755 0.270195 -0.000283273 0.000425339 0.000204081 -0.00149351 
675 -0.0365901 0.270225 -0.000283419 0.00042338 0.000201682 -0.00145583 
676 -0.0366037 0.270256 -0.000283557 0.000421314 0.000199213 -0.00141901 
677 -0.0366162 0.270284 -0.000283778 0.000419255 0.000196725 -0.00138304 
678 -0.0366281 0.270313 -0.00028397 0.000417157 0.00019424 -0.00134789 
679 -0.0366393 0.27034 -0.000284225 0.000415116 0.00019179 -0.00131355 
680 -0.0366503 0.270368 -0.000284435 0.00041307 0.000189381 -0.00127999 
681 -0.0366607 0.270395 -0.000284697 0.000411103 0.00018703 -0.00124721 
682 -0.0366712 0.270423 -0.000284904 0.000409143 0.000184734 -0.00121517 
683 -0.0366813 0.270449 -0.000285157 0.000407269 0.000182503 -0.00118387 
684 -0.0366915 0.270476 -0.000285351 0.000405404 0.000180326 -0.00115329 
685 -0.0367014 0.270503 -0.000285588 0.000403622 0.00017821 -0.00112341 
686 -0.0367114 0.27053 -0.000285766 0.000401846 0.000176144 -0.00109422 
687 -0.0367213 0.270556 -0.000285986 0.00040015 0.000174134 -0.00106569 
688 -0.0367312 0.270583 -0.000286148 0.000398454 0.000172167 -0.00103782 
689 -0.0367409 0.270609 -0.000286355 0.000396832 0.000170248 -0.00101059 
690 -0.0367507 0.270636 -0.000286503 0.000395207 0.000168367 -0.000983986 
691 -0.0367603 0.270662 -0.000286698 0.000393652 0.00016653 -0.000957992 
692 -0.03677 0.270689 -0.000286837 0.00039209 0.000164725 -0.000932595 
693 -0.0367795 0.270715 -0.000287022 0.000390595 0.000162961 -0.000907781 
694 -0.036789 0.270741 -0.000287153 0.00038909 0.000161226 -0.000883536 
695 -0.0367983 0.270767 -0.000287332 0.000387649 0.000159527 -0.000859849 
696 -0.0368077 0.270794 -0.000287457 0.000386197 0.000157856 -0.000836706 
697 -0.0368169 0.270819 -0.000287631 0.000384809 0.000156221 -0.000814094 
698 -0.0368262 0.270846 -0.000287751 0.000383407 0.00015461 -0.000792002 
699 -0.0368352 0.270871 -0.000287921 0.000382068 0.000153034 -0.000770418 
700 -0.0368443 0.270897 -0.000288037 0.000380714 0.000151481 -0.00074933 
701 -0.0368531 0.270922 -0.000288203 0.000379422 0.000149961 -0.000728727 
702 -0.0368621 0.270949 -0.000288316 0.000378115 0.000148465 -0.000708598 
703 -0.0368708 0.270974 -0.000288478 0.000376868 0.000146999 -0.000688931 
704 -0.0368796 0.271 -0.000288588 0.000375606 0.000145556 -0.000669717 
705 -0.0368882 0.271025 -0.000288747 0.000374403 0.000144144 -0.000650945 
706 -0.0368968 0.271051 -0.000288854 0.000373184 0.000142753 -0.000632604 
707 -0.0369052 0.271076 -0.00028901 0.000372023 0.000141391 -0.000614686 
708 -0.0369137 0.271102 -0.000289114 0.000370846 0.00014005 -0.00059718 
709 -0.036922 0.271126 -0.000289267 0.000369727 0.000138737 -0.000580077 
710 -0.0369304 0.271152 -0.000289368 0.000368589 0.000137444 -0.000563368 
711 -0.0369386 0.271176 -0.000289518 0.000367509 0.000136179 -0.000547043 
712 -0.0369468 0.271202 -0.000289616 0.000366411 0.000134932 -0.000531094 
713 -0.0369549 0.271226 -0.000289764 0.000365369 0.000133712 -0.000515513 
714 -0.036963 0.271252 -0.000289859 0.000364308 0.00013251 -0.00050029 
715 -0.0369709 0.271276 -0.000290005 0.000363303 0.000131334 -0.000485419 
716 -0.0369789 0.271302 -0.000290097 0.000362278 0.000130174 -0.00047089 
717 -0.0369867 0.271326 -0.00029024 0.000361308 0.00012904 -0.000456696 
718 -0.0369946 0.271351 -0.00029033 0.000360317 0.000127922 -0.000442829 
719 -0.0370023 0.271375 -0.00029047 0.000359381 0.000126829 -0.000429281 
720 -0.0370101 0.2714 -0.000290558 0.000358424 0.00012575 -0.000416046 
721 -0.0370177 0.271424 -0.000290696 0.000357521 0.000124696 -0.000403117 
722 -0.0370253 0.27145 -0.000290782 0.000356596 0.000123656 -0.000390485 
723 -0.0370328 0.271473 -0.000290917 0.000355724 0.000122639 -0.000378145 
724 -0.0370404 0.271498 -0.000291 0.00035483 0.000121635 -0.00036609 
725 -0.0370477 0.271522 -0.000291134 0.000353989 0.000120654 -0.000354313 
726 -0.0370552 0.271547 -0.000291215 0.000353125 0.000119686 -0.000342808 
727 -0.0370625 0.271571 -0.000291346 0.000352313 0.000118739 -0.000331568 
728 -0.0370699 0.271596 -0.000291425 0.000351477 0.000117805 -0.000320588 
729 -0.0370771 0.271619 -0.000291555 0.000350694 0.000116892 -0.000309862 
730 -0.0503713 0.32875 0.00213721 -0.00272795 -0.000608876 -0.000297716 
731 -0.0388535 0.270348 -0.000133978 -0.00268144 -0.000710341 -0.000286841 
732 -0.0368348 0.265866 -0.000451618 -0.0024028 -0.000705299 -0.000276879 
733 -0.0364673 0.26587 -0.000473867 -0.00213226 -0.000683093 -0.000267213 
734 -0.0363336 0.266228 -0.000464288 -0.00188791 -0.000656239 -0.000257779 
735 -0.0362429 0.266579 -0.000452034 -0.0016686 -0.00062694 -0.000248566 
736 -0.0361709 0.266897 -0.000440057 -0.00147186 -0.000596085 -0.000239567 
737 -0.0361127 0.267182 -0.000428767 -0.00129525 -0.000564287 -0.000230777 
738 -0.0360662 0.267439 -0.000418121 -0.00113669 -0.000532055 -0.000222191 
739 -0.0360295 0.267669 -0.000408198 -0.000994203 -0.000499787 -0.000213804 
740 -0.0360014 0.267878 -0.000398902 -0.00086616 -0.000467822 -0.00020561 
741 -0.0359802 0.268065 -0.000390292 -0.00075099 -0.000436412 -0.000197606 
742 -0.0359653 0.268236 -0.000382261 -0.000647399 -0.000405774 -0.000189786 
743 -0.0359553 0.268389 -0.000374857 -0.000554131 -0.000376056 -0.000182147 
744 -0.0359497 0.268529 -0.000367969 -0.000470167 -0.000347388 -0.000174683 
745 -0.0359475 0.268656 -0.000361644 -0.000394496 -0.000319846 -0.000167392 
746 -0.0359484 0.268773 -0.000355769 -0.000326318 -0.000293499 -0.000160269 
747 -0.0359516 0.268879 -0.000350393 -0.000264815 -0.000268371 -0.000153309 
748 -0.035957 0.268977 -0.000345403 -0.000209359 -0.000244489 -0.00014651 
749 -0.0359638 0.269066 -0.000340849 -0.000159284 -0.000221844 -0.000139868 
750 -0.0359722 0.269149 -0.000336624 -0.000114101 -0.000200434 -0.000133378 
751 -0.0359814 0.269224 -0.000332779 -7.32647e-05 -0.000180229 -0.000127038 
752 -0.0359916 0.269296 -0.00032921 -3.63932e-05 -0.000161208 -0.000120845 
753 -0.0360022 0.269361 -0.000325971 -3.04013e-06 -0.000143328 -0.000114794 
754 -0.0360135 0.269423 -0.000322961 2.70921e-05 -0.000126557 -0.000108882 
755 -0.0360249 0.269479 -0.000320239 5.43724e-05 -0.000110843 -0.000103107 
756 -0.0360366 0.269534 -0.000317705 7.90298e-05 -9.6151e-05 -9.74651e-05 
757 -0.0360483 0.269584 -0.00031542 0.000101372 -8.24242e-05 -9.19535e-05 
758 -0.0360603 0.269632 -0.00031329 0.000121573 -6.96249e-05 -8.65691e-05 
759 -0.036072 0.269677 -0.000311377 0.000139892 -5.76967e-05 -8.13093e-05 
760 -0.0360838 0.269721 -0.000309587 0.00015646 -4.66019e-05 -7.61709e-05 
761 -0.0360953 0.269761 -0.000307988 0.000171495 -3.62854e-05 -7.11515e-05 
762 -0.0361068 0.269801 -0.000306486 0.000185093 -2.67114e-05 -6.62481e-05 
763 -0.036118 0.269838 -0.000305152 0.000197443 -1.78273e-05 -6.14583e-05 
764 -0.0361292 0.269874 -0.000303894 0.000208612 -9.60004e-06 -5.67793e-05 
765 -0.03614 0.269909 -0.000302782 0.000218762 -1.98011e-06 -5.22089e-05 
766 -0.0361507 0.269943 -0.00030173 0.000227939 5.06212e-06 -4.77443e-05 
767 -0.036161 0.269975 -0.000300807 0.000236285 1.15727e-05 -4.33834e-05 
768 -0.0361713 0.270007 -0.000299927 0.000243826 1.75777e-05 -3.91235e-05 
769 -0.0361812 0.270037 -0.000299163 0.000250689 2.31196e-05 -3.49627e-05 
770 -0.036191 0.270067 -0.000298429 0.000256885 2.82209e-05 -3.08984e-05 
771 -0.0362005 0.270096 -0.000297798 0.000262527 3.29206e-05 -2.69286e-05 
772 -0.0362099 0.270125 -0.000297187 0.000267616 3.72378e-05 -2.3051e-05 
773 -0.0362189 0.270152 -0.000296669 0.000272253 4.12081e-05 -1.92637e-05 
774 -0.0362279 0.27018 -0.000296161 0.000276428 4.48472e-05 -1.55645e-05 
775 -0.0362365 0.270207 -0.000295738 0.000280235 4.81878e-05 -1.19515e-05 
776 -0.0362451 0.270234 -0.000295317 0.000283656 5.12425e-05 -8.42249e-06 
777 -0.0362533 0.27026 -0.000294974 0.000286778 5.40411e-05 -4.97588e-06 
778 -0.0362616 0.270286 -0.000294627 0.000289576 5.65937e-05 -1.60948e-06 
779 -0.0362695 0.270311 -0.000294351 0.000292131 5.89271e-05 1.67826e-06 
780 -0.0362774 0.270337 -0.000294065 0.000294414 6.10491e-05 4.88941e-06 
781 -0.036285 0.270361 -0.000293846 0.000296501 6.29844e-05 8.02546e-06 
782 -0.0362927 0.270386 -0.000293612 0.000298357 6.47384e-05 1.10884e-05 
783 -0.0363 0.27041 -0.00029344 0.000300055 6.63336e-05 1.40796e-05 
784 -0.0363074 0.270435 -0.00029325 0.000301558 6.77736e-05 1.70011e-05 
785 -0.0363145 0.270458 -0.000293119 0.000302935 6.90792e-05 1.9854e-05 
786 -0.0363216 0.270483 -0.000292965 0.000304146 7.0252e-05 2.26404e-05 
787 -0.0363285 0.270506 -0.000292868 0.000305256 7.13113e-05 2.53614e-05 
788 -0.0363354 0.27053 -0.000292745 0.000306223 7.22573e-05 2.80188e-05 
789 -0.036342 0.270553 -0.000292676 0.000307113 7.31077e-05 3.06138e-05 
790 -0.0363488 0.270577 -0.000292579 0.00030788 7.38615e-05 3.31481e-05 
791 -0.0363553 0.2706 -0.000292534 0.000308586 7.45352e-05 3.56228e-05 
792 -0.0363618 0.270623 -0.000292459 0.000309186 7.51265e-05 3.80397e-05 
793 -0.0363681 0.270646 -0.000292433 0.000309741 7.5651e-05 4.03996e-05 
794 -0.0363745 0.270669 -0.000292377 0.000310203 7.61054e-05 4.27043e-05 
795 -0.0363807 0.270692 -0.000292369 0.000310632 7.65043e-05 4.49547e-05 
796 -0.036387 0.270715 -0.000292328 0.00031098 7.68436e-05 4.71523e-05 
797 -0.036393 0.270737 -0.000292333 0.000311306 7.71369e-05 4.92981e-05 
798 -0.0363992 0.270761 -0.000292305 0.000311559 7.73796e-05 5.13936e-05 
799 -0.0364051 0.270783 -0.000292323 0.000311799 7.75847e-05 5.34397e-05 
800 -0.0364112 0.270806 -0.000292305 0.000311974 7.77466e-05 5.54376e-05 
801 -0.036417 0.270828 -0.000292333 0.000312143 7.7878e-05 5.73884e-05 
802 -0.0364229 0.270851 -0.000292325 0.000312255 7.79727e-05 5.92934e-05 
803 -0.0364287 0.270873 -0.00029236 0.000312365 7.80428e-05 6.11533e-05 
804 -0.0364345 0.270895 -0.00029236 0.000312424 7.80817e-05 6.29694e-05 
805 -0.0364402 0.270917 -0.000292403 0.000312487 7.8101e-05 6.47426e-05 
806 -0.0364459 0.27094 -0.000292408 0.000312503 7.80939e-05 6.6474e-05 
807 -0.0364515 0.270962 -0.000292457 0.000312526 7.80714e-05 6.81644e-05 
808 -0.0364572 0.270985 -0.000292468 0.000312507 7.80264e-05 6.9815e-05 
809 -0.0364627 0.271006 -0.000292521 0.000312499 7.79697e-05 7.14264e-05 
810 -0.0364683 0.271029 -0.000292537 0.00031245 7.78938e-05 7.29998e-05 
811 -0.0364738 0.27105 -0.000292594 0.000312416 7.78093e-05 7.45359e-05 
812 -0.0364793 0.271073 -0.000292613 0.000312345 7.77084e-05 7.60357e-05 
813 -0.0364847 0.271095 -0.000292674 0.00031229 7.76015e-05 7.74999e-05 
814 -0.0364902 0.271117 -0.000292696 0.0003122 7.74805e-05 7.89294e-05 
815 -0.0364956 0.271139 -0.00029276 0.000312129 7.73557e-05 8.0325e-05 
816 -0.036501 0.271161 -0.000292784 0.000312024 7.72189e-05 8.16876e-05 
817 -0.0365063 0.271183 -0.00029285 0.00031194 7.708e-05 8.30176e-05 
818 -0.0365117 0.271205 -0.000292877 0.000311824 7.69309e-05 8.43163e-05 
819 -0.036517 0.271227 -0.000292944 0.00031173 7.67812e-05 8.55839e-05 
820 -0.0365223 0.271249 -0.000292973 0.000311605 7.66225e-05 8.68215e-05 
821 -0.0365275 0.27127 -0.000293042 0.000311503 7.64647e-05 8.80296e-05 
822 -0.0365329 0.271293 -0.000293071 0.000311371 7.62991e-05 8.9209e-05 
823 -0.036538 0.271314 -0.000293142 0.000311264 7.61354e-05 9.03603e-05 
824 -0.0365433 0.271336 -0.000293173 0.000311127 7.59649e-05 9.14842e-05 
825 -0.0365484 0.271358 -0.000293244 0.000311015 7.57971e-05 9.25812e-05 
826 -0.0365537 0.27138 -0.000293276 0.000310875 7.56234e-05 9.36521e-05 
827 -0.0365588 0.271401 -0.000293348 0.000310761 7.54532e-05 9.46974e-05 
828 -0.036564 0.271424 -0.00029338 0.000310619 7.52776e-05 9.57179e-05 
829 -0.0365691 0.271445 -0.000293453 0.000310503 7.51062e-05 9.67138e-05 
830 -0.0365742 0.271467 -0.000293486 0.00031036 7.49301e-05 9.7686e-05 
831 -0.0365793 0.271488 -0.000293559 0.000310244 7.47585e-05 9.86349e-05 
832 -0.0365844 0.271511 -0.000293592 0.000310101 7.45827e-05 9.95612e-05 
833 -0.0365894 0.271532 -0.000293666 0.000309984 7.44119e-05 0.000100465 
834 -0.0365946 0.271554 -0.000293699 0.000309841 7.42372e-05 0.000101348 
835 -0.0365995 0.271575 -0.000293773 0.000309726 7.40679e-05 0.000102209 
836 -0.0366046 0.271597 -0.000293807 0.000309584 7.38949e-05 0.000103049 
837 -0.0366096 0.271619 -0.000293881 0.00030947 7.37276e-05 0.00010387 
838 -0.0366147 0.271641 -0.000293915 0.00030933 7.35569e-05 0.00010467 
839 -0.0366196 0.271662 -0.000293989 0.000309217 7.33921e-05 0.000105452 
840 -0.0366246 0.271684 -0.000294023 0.000309079 7.32241e-05 0.000106214 
841 -0.0366295 0.271705 -0.000294097 0.000308968 7.30621e-05 0.000106959 
842 -0.0366346 0.271727 -0.000294131 0.000308832 7.2897e-05 0.000107685 
843 -0.0366394 0.271748 -0.000294205 0.000308723 7.27382e-05 0.000108394 
844 -0.0366445 0.27177 -0.000294239 0.000308589 7.25764e-05 0.000109086 
845 -0.0366493 0.271792 -0.000294313 0.000308483 7.24208e-05 0.000109761 
846 -0.0366543 0.271814 -0.000294347 0.000308352 7.22625e-05 0.00011042 
847 -0.0366591 0.271835 -0.000294421 0.000308249 7.21104e-05 0.000111062 
848 -0.0366641 0.271857 -0.000294455 0.00030812 7.19557e-05 0.00011169 
849 -0.0366689 0.271878 -0.000294529 0.000308019 7.18072e-05 0.000112302 
850 -0.0366739 0.2719 -0.000294562 0.000307893 7.16561e-05 0.000112899 
851 -0.0366786 0.271921 -0.000294636 0.000307795 7.15113e-05 0.000113482 
852 -0.0366836 0.271943 -0.00029467 0.000307672 7.13639e-05 0.000114051 
853 -0.0366883 0.271964 -0.000294744 0.000307576 7.12229e-05 0.000114605 
854 -0.0366933 0.271986 -0.000294777 0.000307456 7.10792e-05 0.000115147 
855 -0.036698 0.272007 -0.000294851 0.000307364 7.09419e-05 0.000115675 
856 -0.0367029 0.272029 -0.000294884 0.000307246 7.0802e-05 0.00011619 
857 -0.0367077 0.27205 -0.000294957 0.000307156 7.06684e-05 0.000116693 
858 -0.0367125 0.272072 -0.00029499 0.000307041 7.05322e-05 0.000117184 
859 -0.0367173 0.272093 -0.000295064 0.000306955 7.04023e-05 0.000117663 
860 -0.0367221 0.272115 -0.000295097 0.000306842 7.02698e-05 0.00011813 
861 -0.0367268 0.272136 -0.00029517 0.000306758 7.01436e-05 0.000118585 
862 -0.0367317 0.272158 -0.000295203 0.000306649 7.00148e-05 0.00011903 
863 -0.0367364 0.272179 -0.000295276 0.000306568 6.98922e-05 0.000119463 
864 -0.0367412 0.272201 -0.000295308 0.000306461 6.97669e-05 0.000119886 
865 -0.0367459 0.272221 -0.000295381 0.000306383 6.96479e-05 0.000120299 
866 -0.0367507 0.272243 -0.000295414 0.000306279 6.95262e-05 0.000120701 
867 -0.0367554 0.272264 -0.000295486 0.000306203 6.94107e-05 0.000121094 
