# record data: step_count | walking_pattern_position (x y z) | walking_pattern_velocity (x y z) | walking_pattern_zmp (x y)
0 0 0 0 0 0 0 -0 -8.74503e-05 
1 0 2.49718e-07 0 0 4.99665e-05 0 -0 -8.74503e-05 
2 0 1.00028e-06 0 0 0.000100218 0 -0 -8.74503e-05 
3 0 2.25599e-06 0 0 0.000151043 0 -0 -8.74503e-05 
4 0 4.02401e-06 0 0 0.000202729 0 -0 -8.74503e-05 
5 0 6.31443e-06 0 0 0.000255574 0 -0 -8.74503e-05 
6 0 9.14035e-06 0 0 0.000309878 0 -0 -8.74503e-05 
7 0 1.25179e-05 0 0 0.000365952 0 -0 -8.74503e-05 
8 0 1.64663e-05 0 0 0.000424116 0 -0 -8.74503e-05 
9 0 2.10083e-05 0 0 0.000484701 0 -0 -8.74503e-05 
10 0 2.61696e-05 0 0 0.000548056 0 -0 -8.74503e-05 
11 0 3.19798e-05 0 0 0.00061454 0 -0 -8.74503e-05 
12 0 3.84721e-05 0 0 0.000684533 0 -0 -8.74503e-05 
13 0 4.56835e-05 0 0 0.000758436 0 -0 -8.74503e-05 
14 0 5.36552e-05 0 0 0.00083667 0 -0 -8.74503e-05 
15 0 6.24328e-05 0 0 0.000919683 0 -0 -8.74503e-05 
16 0 7.20664e-05 0 0 0.00100795 0 -0 -8.74503e-05 
17 0 8.2611e-05 0 0 0.00110197 0 -0 -8.74503e-05 
18 0 9.41268e-05 0 0 0.00120228 0 -0 -8.74503e-05 
19 0 0.00010668 0 0 0.00130946 0 -0 -8.74503e-05 
20 0 0.000120341 0 0 0.00142412 0 -0 -8.74503e-05 
21 0 0.000135189 0 0 0.00154692 0 -0 -8.74503e-05 
22 0 0.000151309 0 0 0.00167854 0 -0 -8.74503e-05 
23 0 0.000168792 0 0 0.00181976 0 -0 -8.74503e-05 
24 0 0.000187739 0 0 0.00197136 0 -0 -8.74503e-05 
25 0 0.000208257 0 0 0.00213423 0 -0 -8.74503e-05 
26 0 0.000230464 0 0 0.00230928 0 -0 -8.74503e-05 
27 0 0.000254486 0 0 0.00249752 0 -0 -8.74503e-05 
28 0 0.000280462 0 0 0.00270002 0 -0 -8.74503e-05 
29 0 0.000308538 0 0 0.00291794 0 -0 -8.74503e-05 
30 0 0.000338876 0 0 0.00315253 0 -0 -8.74503e-05 
31 0 0.000371649 0 0 0.00340512 0 -0 -8.74503e-05 
32 0 0.000407043 0 0 0.00367716 0 -0 -8.74503e-05 
33 0 0.000445262 0 0 0.0039702 0 -0 -8.74503e-05 
34 0 0.000486523 0 0 0.00428591 0 -0 -8.74503e-05 
35 0 0.000531062 0 0 0.0046261 0 -0 -8.74503e-05 
36 0 0.000579133 0 0 0.00499271 0 -0 -8.74503e-05 
37 0 0.000631011 0 0 0.00538783 0 -0 -8.74503e-05 
38 0 0.000686992 0 0 0.00581373 0 -0 -8.74503e-05 
39 0 0.000747396 0 0 0.00627282 0 -0 -8.74503e-05 
40 0 0.000812567 0 0 0.00676774 0 -0 -8.74503e-05 
41 0 0.000882879 0 0 0.0073013 0 -0 -8.74503e-05 
42 0 0.000958732 0 0 0.00787657 0 -0 -8.74503e-05 
43 0 0.00104056 0 0 0.00849682 0 -0 -8.74503e-05 
44 0 0.00112883 0 0 0.00916559 0 -0 -8.74503e-05 
45 0 0.00122405 0 0 0.00988671 0 -0 -8.74503e-05 
46 0 0.00132675 0 0 0.0106643 0 -0 -8.74503e-05 
47 0 0.00143753 0 0 0.0115028 0 -0 -8.74503e-05 
48 0 0.00155703 0 0 0.0124069 0 -0 -8.74503e-05 
49 0 0.00168591 0 0 0.013382 0 -0 -8.74503e-05 
50 0 0.00182492 0 0 0.0144334 0 -0 -8.74503e-05 
51 0 0.00197485 0 0 0.0155673 0 -0 -8.74503e-05 
52 0 0.00213656 0 0 0.0167901 0 -0 -8.74503e-05 
53 0 0.00231097 0 0 0.0181088 0 -0 -8.74503e-05 
54 0 0.00249908 0 0 0.0195309 0 -0 -8.74503e-05 
55 0 0.00270196 0 0 0.0210645 0 -0 -8.74503e-05 
56 0 0.00292077 0 0 0.0227185 0 -0 -8.74503e-05 
57 0 0.00315676 0 0 0.0245021 0 -0 -8.74503e-05 
58 0 0.00341128 0 0 0.0264257 0 -0 -8.74503e-05 
59 0 0.00368578 0 0 0.0285003 0 -0 -8.74503e-05 
60 0 0.00398183 0 0 0.0307376 0 -0 -8.74503e-05 
61 0 0.00430112 0 0 0.0331504 0 -0 -8.74503e-05 
62 0 0.00464547 0 0 0.0357526 0 -0 -8.74503e-05 
63 0 0.00501685 0 0 0.0385589 0 -0 -8.74503e-05 
64 0 0.00541738 0 0 0.0415854 0 -0 -8.74503e-05 
65 0 0.00584935 0 0 0.0448495 0 -0 -8.74503e-05 
66 0 0.00631522 0 0 0.0483697 0 -0 -8.74503e-05 
67 0 0.00681766 0 0 0.0521661 0 -0 -8.74503e-05 
68 0 0.00735954 0 0 0.0562604 0 -0 -8.74503e-05 
69 0 0.00794394 0 0 0.060676 0 -0 -8.74503e-05 
70 0 0.00857421 0 0 0.0654382 0 -0 -8.74503e-05 
71 0 0.00925395 0 0 0.070574 0 -0 -8.74503e-05 
72 0 0.00998703 0 0 0.0761129 0 -0 -8.74503e-05 
73 0 0.0107776 0 0 0.0820865 0 -0 -8.74503e-05 
74 0 0.0116303 0 0 0.0885289 0 -0 -8.74503e-05 
75 0 0.0125499 0 0 0.0954769 0 -0 -8.74503e-05 
76 0 0.0135417 0 0 0.10297 0 -0 -8.74503e-05 
77 0 0.0146113 0 0 0.111051 0 -0 -8.74503e-05 
78 0 0.0157648 0 0 0.119767 0 -0 -8.74503e-05 
79 0 0.0170089 0 0 0.129166 0 -0 -8.74503e-05 
80 0 0.0183506 0 0 0.139304 0 -7.14827e-05 0.0369633 
81 2.04122e-07 0.0196918 0 4.08431e-05 0.129067 0 -7.14827e-05 0.0369633 
82 8.17637e-07 0.0209344 0 8.19194e-05 0.119567 0 -7.14827e-05 0.0369633 
83 1.84406e-06 0.0220854 0 0.000123464 0.11075 0 -7.14827e-05 0.0369633 
84 3.28926e-06 0.0231515 0 0.000165713 0.102565 0 -7.14827e-05 0.0369633 
85 5.16147e-06 0.0241387 0 0.000208908 0.0949663 0 -7.14827e-05 0.0369633 
86 7.4714e-06 0.0250526 0 0.000253297 0.0879098 0 -7.14827e-05 0.0369633 
87 1.02322e-05 0.0258985 0 0.000299132 0.0813554 0 -7.14827e-05 0.0369633 
88 1.34597e-05 0.0266813 0 0.000346676 0.0752656 0 -7.14827e-05 0.0369633 
89 1.71723e-05 0.0274053 0 0.000396199 0.0696057 0 -7.14827e-05 0.0369633 
90 2.13913e-05 0.0280747 0 0.000447986 0.0643433 0 -7.14827e-05 0.0369633 
91 2.61406e-05 0.0286934 0 0.00050233 0.0594483 0 -7.14827e-05 0.0369633 
92 3.14474e-05 0.0292648 0 0.000559544 0.0548928 0 -7.14827e-05 0.0369633 
93 3.73421e-05 0.0297923 0 0.000619952 0.0506509 0 -7.14827e-05 0.0369633 
94 4.38583e-05 0.0302788 0 0.000683902 0.0466982 0 -7.14827e-05 0.0369633 
95 5.10332e-05 0.0307271 0 0.000751757 0.0430122 0 -7.14827e-05 0.0369633 
96 5.89077e-05 0.0311399 0 0.000823906 0.0395718 0 -7.14827e-05 0.0369633 
97 6.7527e-05 0.0315193 0 0.00090076 0.0363574 0 -7.14827e-05 0.0369633 
98 7.69401e-05 0.0318677 0 0.000982758 0.0333507 0 -7.14827e-05 0.0369633 
99 8.72008e-05 0.032187 0 0.00107037 0.0305344 0 -7.14827e-05 0.0369633 
100 9.83678e-05 0.032479 0 0.00116409 0.0278925 0 -7.14827e-05 0.0369633 
101 0.000110505 0.0327454 0 0.00126446 0.0254099 0 -7.14827e-05 0.0369633 
102 0.000123681 0.0329876 0 0.00137206 0.0230725 0 -7.14827e-05 0.0369633 
103 0.000137972 0.0332072 0 0.00148749 0.0208668 0 -7.14827e-05 0.0369633 
104 0.000153459 0.0334054 0 0.00161141 0.0187802 0 -7.14827e-05 0.0369633 
105 0.000170231 0.0335832 0 0.00174454 0.0168009 0 -7.14827e-05 0.0369633 
106 0.000188383 0.0337417 0 0.00188762 0.0149175 0 -7.14827e-05 0.0369633 
107 0.000208019 0.0338818 0 0.00204149 0.0131194 0 -7.14827e-05 0.0369633 
108 0.000229252 0.0340044 0 0.00220702 0.0113962 0 -7.14827e-05 0.0369633 
109 0.000252202 0.03411 0 0.00238515 0.00973811 0 -7.14827e-05 0.0369633 
110 0.000277 0.0341993 0 0.00257691 0.0081355 0 -7.14827e-05 0.0369633 
111 0.000303789 0.0342728 0 0.00278338 0.00657945 0 -7.14827e-05 0.0369633 
112 0.000332721 0.034331 0 0.00300575 0.00506103 0 -7.14827e-05 0.0369633 
113 0.000363961 0.0343742 0 0.00324528 0.00357148 0 -7.14827e-05 0.0369633 
114 0.000397688 0.0344025 0 0.00350335 0.00210221 0 -7.14827e-05 0.0369633 
115 0.000434094 0.0344163 0 0.00378142 0.000645034 0 -7.14827e-05 0.0369633 
116 0.000473388 0.0344154 0 0.00408109 -0.000808392 0 -7.14827e-05 0.0369633 
117 0.000515794 0.0344 0 0.00440406 -0.00226637 0 -7.14827e-05 0.0369633 
118 0.000561553 0.0343701 0 0.00475219 -0.00373767 0 -7.14827e-05 0.0369633 
119 0.000610928 0.0343253 0 0.00512746 -0.00523007 0 -7.14827e-05 0.0369633 
120 0.0006642 0.0342654 0 0.00553201 -0.00675228 0 -7.14827e-05 0.0369633 
121 0.000721673 0.0341901 0 0.00596815 -0.00831299 0 -7.14827e-05 0.0369633 
122 0.000783677 0.0340989 0 0.00643838 -0.00992124 0 -7.14827e-05 0.0369633 
123 0.000850563 0.0339914 0 0.00694537 -0.0115862 0 -7.14827e-05 0.0369633 
124 0.000922716 0.033867 0 0.00749204 -0.0133173 0 -7.14827e-05 0.0369633 
125 0.00100055 0.0337249 0 0.00808149 -0.0151247 0 -7.14827e-05 0.0369633 
126 0.0010845 0.0335642 0 0.00871709 -0.0170184 0 -7.14827e-05 0.0369633 
127 0.00117505 0.0333841 0 0.00940247 -0.0190087 0 -7.14827e-05 0.0369633 
128 0.00127273 0.0331837 0 0.0101416 -0.0211084 0 -7.14827e-05 0.0369633 
129 0.00137808 0.0329616 0 0.0109386 -0.0233279 0 -7.14827e-05 0.0369633 
130 0.00149171 0.0327167 0 0.011798 -0.0256812 0 -7.14827e-05 0.0369633 
131 0.00161426 0.0324474 0 0.0127249 -0.0281808 0 -7.14827e-05 0.0369633 
132 0.00174645 0.0321525 0 0.0137244 -0.0308417 0 -7.14827e-05 0.0369633 
133 0.00188901 0.03183 0 0.0148023 -0.0336784 0 -7.14827e-05 0.0369633 
134 0.00204277 0.0314783 0 0.0159647 -0.0367076 0 -7.14827e-05 0.0369633 
135 0.00220861 0.0310952 0 0.0172183 -0.0399467 0 -7.14827e-05 0.0369633 
136 0.00238747 0.0306785 0 0.0185703 -0.043413 0 -7.14827e-05 0.0369633 
137 0.00258037 0.030226 0 0.0200283 -0.0471277 0 -7.14827e-05 0.0369633 
138 0.00278841 0.0297352 0 0.0216006 -0.0511127 0 -7.14827e-05 0.0369633 
139 0.00301279 0.0292029 0 0.0232964 -0.0553884 0 -7.14827e-05 0.0369633 
140 0.00325478 0.0286263 0 0.0251252 -0.0599801 0 -7.14827e-05 0.0369633 
141 0.00351577 0.0280022 0 0.0270974 -0.064916 0 -7.14827e-05 0.0369633 
142 0.00379725 0.0273268 0 0.0292245 -0.0702209 0 -7.14827e-05 0.0369633 
143 0.00410082 0.0265964 0 0.0315184 -0.0759273 0 -7.14827e-05 0.0369633 
144 0.00442821 0.0258068 0 0.0339923 -0.0820678 0 -7.14827e-05 0.0369633 
145 0.00478131 0.0249534 0 0.0366604 -0.0886758 0 -7.14827e-05 0.0369633 
146 0.00516212 0.0240314 0 0.0395378 -0.0957909 0 -7.14827e-05 0.0369633 
147 0.00557282 0.0230358 0 0.042641 -0.103454 0 -7.14827e-05 0.0369633 
148 0.00601575 0.0219606 0 0.0459878 -0.111708 0 -7.14827e-05 0.0369633 
149 0.00649345 0.0207993 0 0.0495971 -0.120597 0 -7.14827e-05 0.0369633 
150 0.00700864 0.0195462 0 0.0534897 -0.130178 0 -7.14827e-05 0.0369633 
151 0.00756426 0.0181934 0 0.0576878 -0.140501 0 -7.14827e-05 0.0369633 
152 0.00816349 0.0167337 0 0.0622154 -0.151628 0 -7.14827e-05 0.0369633 
153 0.00880975 0.015158 0 0.0670983 -0.163618 0 -7.14827e-05 0.0369633 
154 0.00950673 0.0134582 0 0.0723644 -0.176546 0 -7.14827e-05 0.0369633 
155 0.0102584 0.011624 0 0.0780437 -0.190481 0 -7.14827e-05 0.0369633 
156 0.0110691 0.00964493 0 0.0841687 -0.205502 0 -7.14827e-05 0.0369633 
157 0.0119434 0.00751015 0 0.0907744 -0.221699 0 -7.14827e-05 0.0369633 
158 0.0128863 0.00520692 0 0.0978986 -0.239161 0 -7.14827e-05 0.0369633 
159 0.0139032 0.00272205 0 0.105582 -0.257986 0 -7.14827e-05 0.0369633 
160 0.0149999 4.18979e-05 0 0.113868 -0.278287 0 0.0299999 -0.0369664 
161 0.0160969 -0.00263794 0 0.105623 -0.257936 0 0.0299999 -0.0369664 
162 0.0171144 -0.00512173 0 0.0979804 -0.239058 0 0.0299999 -0.0369664 
163 0.0180583 -0.00742365 0 0.0908979 -0.221546 0 0.0299999 -0.0369664 
164 0.0189341 -0.00955685 0 0.0843344 -0.205298 0 0.0299999 -0.0369664 
165 0.0197466 -0.0115335 0 0.0782525 -0.190224 0 0.0299999 -0.0369664 
166 0.0205006 -0.0133649 0 0.0726176 -0.176235 0 0.0299999 -0.0369664 
167 0.0212004 -0.0150616 0 0.0673973 -0.163253 0 0.0299999 -0.0369664 
168 0.0218499 -0.0166331 0 0.062562 -0.151204 0 0.0299999 -0.0369664 
169 0.0224528 -0.0180885 0 0.058084 -0.140018 0 0.0299999 -0.0369664 
170 0.0230126 -0.0194361 0 0.0539377 -0.129631 0 0.0299999 -0.0369664 
171 0.0235326 -0.0206836 0 0.0500994 -0.119985 0 0.0299999 -0.0369664 
172 0.0240156 -0.0218381 0 0.0465472 -0.111024 0 0.0299999 -0.0369664 
173 0.0244644 -0.0229062 0 0.0432609 -0.102697 0 0.0299999 -0.0369664 
174 0.0248816 -0.023894 0 0.0402216 -0.0949571 0 0.0299999 -0.0369664 
175 0.0252696 -0.0248072 0 0.037412 -0.087759 0 0.0299999 -0.0369664 
176 0.0256306 -0.0256509 0 0.0348161 -0.0810622 0 0.0299999 -0.0369664 
177 0.0259666 -0.02643 0 0.0324191 -0.0748283 0 0.0299999 -0.0369664 
178 0.0262796 -0.0271489 0 0.0302071 -0.0690218 0 0.0299999 -0.0369664 
179 0.0265713 -0.0278117 0 0.0281677 -0.0636094 0 0.0299999 -0.0369664 
180 0.0268435 -0.0284223 0 0.0262892 -0.0585604 0 0.0299999 -0.0369664 
181 0.0270976 -0.028984 0 0.0245608 -0.0538457 0 0.0299999 -0.0369664 
182 0.0273352 -0.0295002 0 0.0229726 -0.0494386 0 0.0299999 -0.0369664 
183 0.0275575 -0.0299737 0 0.0215157 -0.0453138 0 0.0299999 -0.0369664 
184 0.0277659 -0.0304073 0 0.0201816 -0.0414478 0 0.0299999 -0.0369664 
185 0.0279615 -0.0308035 0 0.0189628 -0.0378184 0 0.0299999 -0.0369664 
186 0.0281455 -0.0311644 0 0.0178522 -0.0344051 0 0.0299999 -0.0369664 
187 0.0283189 -0.0314922 0 0.0168437 -0.0311883 0 0.0299999 -0.0369664 
188 0.0284827 -0.0317888 0 0.0159313 -0.0281496 0 0.0299999 -0.0369664 
189 0.0286378 -0.0320558 0 0.0151099 -0.0252717 0 0.0299999 -0.0369664 
190 0.0287852 -0.0322947 0 0.0143748 -0.0225379 0 0.0299999 -0.0369664 
191 0.0289256 -0.032507 0 0.0137218 -0.019933 0 0.0299999 -0.0369664 
192 0.0290599 -0.0326937 0 0.0131472 -0.0174421 0 0.0299999 -0.0369664 
193 0.0291888 -0.0328561 0 0.0126477 -0.0150507 0 0.0299999 -0.0369664 
194 0.0293131 -0.0329951 0 0.0122203 -0.012745 0 0.0299999 -0.0369664 
195 0.0294334 -0.0331113 0 0.0118627 -0.0105123 0 0.0299999 -0.0369664 
196 0.0295505 -0.0332055 0 0.011573 -0.00833973 0 0.0299999 -0.0369664 
197 0.0296651 -0.0332782 0 0.0113494 -0.00621493 0 0.0299999 -0.0369664 
198 0.0297778 -0.0333299 0 0.0111903 -0.00412488 0 0.0299999 -0.0369664 
199 0.0298891 -0.0333608 0 0.0110953 -0.00205887 0 0.0299999 -0.0369664 
200 0.0299999 -0.0333711 0 0.0110638 -4.74779e-06 0 0.0299999 -0.0369664 
201 0.0301106 -0.0333609 0 0.0110955 0.00204924 0 0.0299999 -0.0369664 
202 0.030222 -0.0333301 0 0.0111905 0.00411505 0 0.0299999 -0.0369664 
203 0.0303346 -0.0332785 0 0.0113493 0.00620455 0 0.0299999 -0.0369664 
204 0.0304492 -0.0332059 0 0.011573 0.00832934 0 0.0299999 -0.0369664 
205 0.0305663 -0.0331118 0 0.0118626 0.0105021 0 0.0299999 -0.0369664 
206 0.0306867 -0.0329957 0 0.01222 0.0127349 0 0.0299999 -0.0369664 
207 0.0308109 -0.0328568 0 0.0126476 0.0150391 0 0.0299999 -0.0369664 
208 0.0309399 -0.0326946 0 0.0131469 0.0174307 0 0.0299999 -0.0369664 
209 0.0310741 -0.0325078 0 0.0137218 0.0199207 0 0.0299999 -0.0369664 
210 0.0312145 -0.0322958 0 0.0143746 0.0225254 0 0.0299999 -0.0369664 
211 0.0313619 -0.0320569 0 0.0151098 0.025258 0 0.0299999 -0.0369664 
212 0.031517 -0.0317901 0 0.015931 0.0281356 0 0.0299999 -0.0369664 
213 0.0316808 -0.0314937 0 0.0168434 0.0311733 0 0.0299999 -0.0369664 
214 0.0318542 -0.031166 0 0.0178519 0.0343894 0 0.0299999 -0.0369664 
215 0.0320382 -0.0308053 0 0.0189622 0.0378022 0 0.0299999 -0.0369664 
216 0.0322338 -0.0304092 0 0.0201815 0.0414292 0 0.0299999 -0.0369664 
217 0.0324421 -0.0299757 0 0.0215156 0.0452937 0 0.0299999 -0.0369664 
218 0.0326646 -0.0295026 0 0.0229717 0.0494192 0 0.0299999 -0.0369664 
219 0.0329021 -0.0289866 0 0.02456 0.0538245 0 0.0299999 -0.0369664 
220 0.0331561 -0.0284249 0 0.0262888 0.0585364 0 0.0299999 -0.0369664 
221 0.0334284 -0.0278149 0 0.0281664 0.063586 0 0.0299999 -0.0369664 
222 0.0337201 -0.0271521 0 0.0302063 0.0689954 0 0.0299999 -0.0369664 
223 0.034033 -0.0264335 0 0.0324182 0.0747998 0 0.0299999 -0.0369664 
224 0.0343691 -0.0256547 0 0.034815 0.0810321 0 0.0299999 -0.0369664 
225 0.0347299 -0.0248111 0 0.0374114 0.0877251 0 0.0299999 -0.0369664 
226 0.0351179 -0.0238983 0 0.0402211 0.0949201 0 0.0299999 -0.0369664 
227 0.0355352 -0.0229111 0 0.0432596 0.10266 0 0.0299999 -0.0369664 
228 0.0359841 -0.0218435 0 0.0465453 0.110985 0 0.0299999 -0.0369664 
229 0.0364668 -0.0206889 0 0.0500991 0.119938 0 0.0299999 -0.0369664 
230 0.0369869 -0.0194422 0 0.0539363 0.129583 0 0.0299999 -0.0369664 
231 0.0375467 -0.018095 0 0.0580826 0.139966 0 0.0299999 -0.0369664 
232 0.0381498 -0.0166405 0 0.0625593 0.151151 0 0.0299999 -0.0369664 
233 0.0387991 -0.0150692 0 0.0673957 0.163193 0 0.0299999 -0.0369664 
234 0.039499 -0.0133736 0 0.0726143 0.176174 0 0.0299999 -0.0369664 
235 0.040253 -0.0115429 0 0.0782488 0.190158 0 0.0299999 -0.0369664 
236 0.0410654 -0.0095667 0 0.0843313 0.205226 0 0.0299999 -0.0369664 
237 0.0419413 -0.00743466 0 0.0908933 0.22147 0 0.0299999 -0.0369664 
238 0.0428851 -0.00513346 0 0.097976 0.238975 0 0.0299999 -0.0369664 
239 0.0439024 -0.00264992 0 0.10562 0.257841 0 0.0299999 -0.0369664 
240 0.0449992 2.90602e-05 0 0.113865 0.278184 0 0.0599988 0.0370239 
241 0.0460961 0.00270791 0 0.10562 0.257841 0 0.0599988 0.0370239 
242 0.0471136 0.00519078 0 0.0979781 0.23897 0 0.0599988 0.0370239 
243 0.0480575 0.00749186 0 0.0908957 0.221464 0 0.0599988 0.0370239 
244 0.0489333 0.00962427 0 0.0843324 0.205223 0 0.0599988 0.0370239 
245 0.0497458 0.0116002 0 0.0782507 0.190153 0 0.0599988 0.0370239 
246 0.0504998 0.013431 0 0.0726159 0.17617 0 0.0599988 0.0370239 
247 0.0511995 0.015127 0 0.0673958 0.163193 0 0.0599988 0.0370239 
248 0.051849 0.0166979 0 0.0625606 0.151147 0 0.0599988 0.0370239 
249 0.0524519 0.0181528 0 0.0580826 0.139965 0 0.0599988 0.0370239 
250 0.0530117 0.0194999 0 0.0539364 0.129583 0 0.0599988 0.0370239 
251 0.0535317 0.0207469 0 0.0500982 0.11994 0 0.0599988 0.0370239 
252 0.0540146 0.021901 0 0.0465462 0.110983 0 0.0599988 0.0370239 
253 0.0544635 0.0229687 0 0.0432599 0.102659 0 0.0599988 0.0370239 
254 0.0548807 0.0239561 0 0.0402207 0.0949211 0 0.0599988 0.0370239 
255 0.0552686 0.0248689 0 0.0374112 0.0877256 0 0.0599988 0.0370239 
256 0.0556296 0.0257123 0 0.0348153 0.0810311 0 0.0599988 0.0370239 
257 0.0559656 0.0264911 0 0.0324183 0.0747994 0 0.0599988 0.0370239 
258 0.0562786 0.0272097 0 0.0302064 0.0689949 0 0.0599988 0.0370239 
259 0.0565703 0.0278723 0 0.0281671 0.0635843 0 0.0599988 0.0370239 
260 0.0568425 0.0284826 0 0.0262886 0.058537 0 0.0599988 0.0370239 
261 0.0570966 0.0290441 0 0.0245602 0.0538239 0 0.0599988 0.0370239 
262 0.0573341 0.0295601 0 0.0229721 0.0494183 0 0.0599988 0.0370239 
263 0.0575565 0.0300334 0 0.0215152 0.0452948 0 0.0599988 0.0370239 
264 0.0577648 0.0304669 0 0.0201811 0.0414301 0 0.0599988 0.0370239 
265 0.0579605 0.0308628 0 0.0189623 0.0378018 0 0.0599988 0.0370239 
266 0.0581445 0.0312236 0 0.0178518 0.0343895 0 0.0599988 0.0370239 
267 0.0583179 0.0315513 0 0.0168433 0.0311737 0 0.0599988 0.0370239 
268 0.0584816 0.0318477 0 0.0159309 0.0281358 0 0.0599988 0.0370239 
269 0.0586368 0.0321145 0 0.0151096 0.0252588 0 0.0599988 0.0370239 
270 0.0587841 0.0323534 0 0.0143745 0.0225257 0 0.0599988 0.0370239 
271 0.0589245 0.0325655 0 0.0137215 0.0199214 0 0.0599988 0.0370239 
272 0.0590588 0.0327521 0 0.0131469 0.0174311 0 0.0599988 0.0370239 
273 0.0591877 0.0329144 0 0.0126474 0.0150402 0 0.0599988 0.0370239 
274 0.059312 0.0330532 0 0.01222 0.0127349 0 0.0599988 0.0370239 
275 0.0594324 0.0331694 0 0.0118625 0.0105026 0 0.0599988 0.0370239 
276 0.0595495 0.0332635 0 0.0115727 0.0083304 0 0.0599988 0.0370239 
277 0.059664 0.0333361 0 0.0113492 0.0062059 0 0.0599988 0.0370239 
278 0.0597767 0.0333877 0 0.0111901 0.00411608 0 0.0599988 0.0370239 
279 0.0598881 0.0334186 0 0.0110951 0.00205025 0 0.0599988 0.0370239 
280 0.0599988 0.0334288 0 0.0110636 -3.73316e-06 0 0.0599988 0.0370239 
281 0.0601095 0.0334184 0 0.0110952 -0.00205764 0 0.0599988 0.0370239 
282 0.0602209 0.0333875 0 0.0111902 -0.00412341 0 0.0599988 0.0370239 
283 0.0603335 0.0333359 0 0.0113491 -0.00621291 0 0.0599988 0.0370239 
284 0.0604481 0.0332632 0 0.0115728 -0.00833776 0 0.0599988 0.0370239 
285 0.0605652 0.033169 0 0.0118624 -0.0105106 0 0.0599988 0.0370239 
286 0.0606856 0.0330528 0 0.0122197 -0.0127435 0 0.0599988 0.0370239 
287 0.0608098 0.0329138 0 0.0126474 -0.0150479 0 0.0599988 0.0370239 
288 0.0609388 0.0327515 0 0.0131467 -0.0174398 0 0.0599988 0.0370239 
289 0.061073 0.0325647 0 0.0137215 -0.0199301 0 0.0599988 0.0370239 
290 0.0612134 0.0323525 0 0.0143743 -0.0225352 0 0.0599988 0.0370239 
291 0.0613608 0.0321136 0 0.0151096 -0.0252682 0 0.0599988 0.0370239 
292 0.0615159 0.0318467 0 0.0159307 -0.0281463 0 0.0599988 0.0370239 
293 0.0616797 0.0315501 0 0.0168431 -0.0311845 0 0.0599988 0.0370239 
294 0.0618531 0.0312224 0 0.0178516 -0.0344012 0 0.0599988 0.0370239 
295 0.0620371 0.0308615 0 0.0189619 -0.0378146 0 0.0599988 0.0370239 
296 0.0622326 0.0304653 0 0.0201811 -0.0414424 0 0.0599988 0.0370239 
297 0.062441 0.0300317 0 0.0215153 -0.0453077 0 0.0599988 0.0370239 
298 0.0626634 0.0295584 0 0.0229713 -0.0494341 0 0.0599988 0.0370239 
299 0.062901 0.0290422 0 0.0245596 -0.0538404 0 0.0599988 0.0370239 
300 0.063155 0.0284804 0 0.0262884 -0.0585534 0 0.0599988 0.0370239 
301 0.0634273 0.0278702 0 0.028166 -0.0636041 0 0.0599988 0.0370239 
302 0.0637189 0.0272072 0 0.0302058 -0.0690148 0 0.0599988 0.0370239 
303 0.0640319 0.0264884 0 0.0324177 -0.0748205 0 0.0599988 0.0370239 
304 0.0643679 0.0257095 0 0.0348144 -0.0810544 0 0.0599988 0.0370239 
305 0.0647288 0.0248656 0 0.0374108 -0.087749 0 0.0599988 0.0370239 
306 0.0651167 0.0239525 0 0.0402205 -0.0949458 0 0.0599988 0.0370239 
307 0.065534 0.022965 0 0.0432589 -0.102687 0 0.0599988 0.0370239 
308 0.0659829 0.0218972 0 0.0465445 -0.111014 0 0.0599988 0.0370239 
309 0.0664656 0.0207423 0 0.0500982 -0.11997 0 0.0599988 0.0370239 
310 0.0669857 0.0194952 0 0.0539354 -0.129618 0 0.0599988 0.0370239 
311 0.0675455 0.0181477 0 0.0580816 -0.140003 0 0.0599988 0.0370239 
312 0.0681485 0.0166928 0 0.0625583 -0.15119 0 0.0599988 0.0370239 
313 0.0687978 0.015121 0 0.0673945 -0.163236 0 0.0599988 0.0370239 
314 0.0694977 0.013425 0 0.0726131 -0.17622 0 0.0599988 0.0370239 
315 0.0702517 0.0115939 0 0.0782475 -0.190208 0 0.0599988 0.0370239 
316 0.0710641 0.00961715 0 0.0843299 -0.205279 0 0.0599988 0.0370239 
317 0.07194 0.00748456 0 0.0908918 -0.221528 0 0.0599988 0.0370239 
318 0.0728838 0.00518276 0 0.0979744 -0.239037 0 0.0599988 0.0370239 
319 0.0739011 0.00269858 0 0.105618 -0.257908 0 0.0599988 0.0370239 
320 0.0749979 1.8902e-05 0 0.113863 -0.278256 0 0.0899972 -0.0369854 
321 0.0760948 -0.00266064 0 0.105618 -0.257908 0 0.0899972 -0.0369854 
322 0.0771123 -0.00514416 0 0.0979765 -0.239032 0 0.0899972 -0.0369854 
323 0.0780562 -0.00744583 0 0.0908942 -0.221521 0 0.0899972 -0.0369854 
324 0.0789319 -0.0095788 0 0.084331 -0.205276 0 0.0899972 -0.0369854 
325 0.0797444 -0.0115553 0 0.0782494 -0.190203 0 0.0899972 -0.0369854 
326 0.0804984 -0.0133865 0 0.0726147 -0.176216 0 0.0899972 -0.0369854 
327 0.0811981 -0.0150829 0 0.0673947 -0.163235 0 0.0899972 -0.0369854 
328 0.0818475 -0.0166543 0 0.0625595 -0.151187 0 0.0899972 -0.0369854 
329 0.0824504 -0.0181095 0 0.0580817 -0.140002 0 0.0899972 -0.0369854 
330 0.0830103 -0.019457 0 0.0539355 -0.129617 0 0.0899972 -0.0369854 
331 0.0835302 -0.0207044 0 0.0500974 -0.119972 0 0.0899972 -0.0369854 
332 0.0840132 -0.0218587 0 0.0465454 -0.111012 0 0.0899972 -0.0369854 
333 0.084462 -0.0229267 0 0.0432592 -0.102686 0 0.0899972 -0.0369854 
334 0.0848792 -0.0239144 0 0.04022 -0.0949464 0 0.0899972 -0.0369854 
335 0.0852671 -0.0248274 0 0.0374106 -0.0877491 0 0.0899972 -0.0369854 
336 0.0856281 -0.025671 0 0.0348148 -0.081053 0 0.0899972 -0.0369854 
337 0.0859641 -0.02645 0 0.0324178 -0.0748198 0 0.0899972 -0.0369854 
338 0.0862771 -0.0271689 0 0.0302059 -0.0690138 0 0.0899972 -0.0369854 
339 0.0865688 -0.0278316 0 0.0281666 -0.063602 0 0.0899972 -0.0369854 
340 0.0868409 -0.0284421 0 0.0262882 -0.0585535 0 0.0899972 -0.0369854 
341 0.0870951 -0.0290038 0 0.0245598 -0.0538392 0 0.0899972 -0.0369854 
342 0.0873326 -0.0295199 0 0.0229717 -0.0494326 0 0.0899972 -0.0369854 
343 0.0875549 -0.0299934 0 0.0215148 -0.0453082 0 0.0899972 -0.0369854 
344 0.0877633 -0.030427 0 0.0201808 -0.0414426 0 0.0899972 -0.0369854 
345 0.0879589 -0.0308231 0 0.018962 -0.0378135 0 0.0899972 -0.0369854 
346 0.0881429 -0.031184 0 0.0178515 -0.0344005 0 0.0899972 -0.0369854 
347 0.0883163 -0.0315117 0 0.016843 -0.031184 0 0.0899972 -0.0369854 
348 0.0884801 -0.0318082 0 0.0159307 -0.0281455 0 0.0899972 -0.0369854 
349 0.0886352 -0.0320752 0 0.0151094 -0.0252679 0 0.0899972 -0.0369854 
350 0.0887826 -0.0323141 0 0.0143742 -0.0225343 0 0.0899972 -0.0369854 
351 0.088923 -0.0325263 0 0.0137213 -0.0199296 0 0.0899972 -0.0369854 
352 0.0890573 -0.032713 0 0.0131467 -0.0174388 0 0.0899972 -0.0369854 
353 0.0891862 -0.0328754 0 0.0126472 -0.0150476 0 0.0899972 -0.0369854 
354 0.0893104 -0.0330143 0 0.0122198 -0.012742 0 0.0899972 -0.0369854 
355 0.0894308 -0.0331305 0 0.0118623 -0.0105094 0 0.0899972 -0.0369854 
356 0.0895479 -0.0332247 0 0.0115726 -0.00833697 0 0.0899972 -0.0369854 
357 0.0896624 -0.0332973 0 0.011349 -0.00621226 0 0.0899972 -0.0369854 
358 0.0897751 -0.033349 0 0.0111899 -0.00412228 0 0.0899972 -0.0369854 
359 0.0898865 -0.0333799 0 0.011095 -0.00205632 0 0.0899972 -0.0369854 
360 0.0899972 -0.0333902 0 0.0110634 -2.2398e-06 0 0.0899972 -0.0369854 
361 0.0901079 -0.0333799 0 0.0110951 0.00205173 0 0.0899972 -0.0369854 
362 0.0902193 -0.0333491 0 0.0111901 0.00411752 0 0.0899972 -0.0369854 
363 0.090332 -0.0332975 0 0.0113489 0.00620702 0 0.0899972 -0.0369854 
364 0.0904465 -0.0332248 0 0.0115726 0.00833183 0 0.0899972 -0.0369854 
365 0.0905636 -0.0331307 0 0.0118622 0.0105046 0 0.0899972 -0.0369854 
366 0.090684 -0.0330146 0 0.0122196 0.0127374 0 0.0899972 -0.0369854 
367 0.0908082 -0.0328757 0 0.0126473 0.0150417 0 0.0899972 -0.0369854 
368 0.0909372 -0.0327134 0 0.0131465 0.0174334 0 0.0899972 -0.0369854 
369 0.0910714 -0.0325267 0 0.0137214 0.0199235 0 0.0899972 -0.0369854 
370 0.0912118 -0.0323146 0 0.0143742 0.0225283 0 0.0899972 -0.0369854 
371 0.0913592 -0.0320757 0 0.0151094 0.025261 0 0.0899972 -0.0369854 
372 0.0915143 -0.0318088 0 0.0159305 0.0281387 0 0.0899972 -0.0369854 
373 0.0916781 -0.0315124 0 0.0168429 0.0311766 0 0.0899972 -0.0369854 
374 0.0918515 -0.0311847 0 0.0178514 0.0343929 0 0.0899972 -0.0369854 
375 0.0920355 -0.0308239 0 0.0189617 0.0378059 0 0.0899972 -0.0369854 
376 0.092231 -0.0304278 0 0.0201809 0.0414331 0 0.0899972 -0.0369854 
377 0.0924394 -0.0299943 0 0.021515 0.0452978 0 0.0899972 -0.0369854 
378 0.0926618 -0.0295211 0 0.0229711 0.0494236 0 0.0899972 -0.0369854 
379 0.0928993 -0.0290051 0 0.0245593 0.0538292 0 0.0899972 -0.0369854 
380 0.0931534 -0.0284433 0 0.0262881 0.0585415 0 0.0899972 -0.0369854 
381 0.0934257 -0.0278332 0 0.0281656 0.0635914 0 0.0899972 -0.0369854 
382 0.0937173 -0.0271704 0 0.0302054 0.0690012 0 0.0899972 -0.0369854 
383 0.0940303 -0.0264517 0 0.0324173 0.0748059 0 0.0899972 -0.0369854 
384 0.0943663 -0.0256729 0 0.034814 0.0810387 0 0.0899972 -0.0369854 
385 0.0947271 -0.0248293 0 0.0374104 0.0877321 0 0.0899972 -0.0369854 
386 0.0951151 -0.0239163 0 0.04022 0.0949277 0 0.0899972 -0.0369854 
387 0.0955324 -0.022929 0 0.0432583 0.102668 0 0.0899972 -0.0369854 
388 0.0959812 -0.0218614 0 0.046544 0.110994 0 0.0899972 -0.0369854 
389 0.096464 -0.0207067 0 0.0500976 0.119948 0 0.0899972 -0.0369854 
390 0.096984 -0.0194599 0 0.0539348 0.129593 0 0.0899972 -0.0369854 
391 0.0975438 -0.0181126 0 0.0580809 0.139977 0 0.0899972 -0.0369854 
392 0.0981469 -0.016658 0 0.0625575 0.151162 0 0.0899972 -0.0369854 
393 0.0987962 -0.0150865 0 0.0673938 0.163206 0 0.0899972 -0.0369854 
394 0.099496 -0.0133908 0 0.0726123 0.176188 0 0.0899972 -0.0369854 
395 0.10025 -0.01156 0 0.0782466 0.190173 0 0.0899972 -0.0369854 
396 0.101062 -0.00958363 0 0.0843289 0.205241 0 0.0899972 -0.0369854 
397 0.101938 -0.00745143 0 0.0908907 0.221487 0 0.0899972 -0.0369854 
398 0.102882 -0.00515005 0 0.0979732 0.238994 0 0.0899972 -0.0369854 
399 0.103899 -0.00266632 0 0.105617 0.257861 0 0.0899972 -0.0369854 
400 0.104996 1.28646e-05 0 0.113862 0.278205 0 0.120067 0.036923 
401 0.106093 0.00269217 0 0.105576 0.257911 0 0.120067 0.036923 
402 0.10711 0.00517598 0 0.0978935 0.239088 0 0.120067 0.036923 
403 0.108053 0.00747849 0 0.0907697 0.221632 0 0.120067 0.036923 
404 0.108927 0.00961284 0 0.0841643 0.205441 0 0.120067 0.036923 
405 0.109737 0.0115912 0 0.0780396 0.190423 0 0.120067 0.036923 
406 0.110489 0.0134249 0 0.0723605 0.176493 0 0.120067 0.036923 
407 0.111186 0.0151245 0 0.0670947 0.163571 0 0.120067 0.036923 
408 0.111832 0.0166995 0 0.0622121 0.151583 0 0.120067 0.036923 
409 0.112431 0.018159 0 0.0576848 0.140461 0 0.120067 0.036923 
410 0.112987 0.0195114 0 0.0534869 0.130141 0 0.120067 0.036923 
411 0.113502 0.0207643 0 0.0495945 0.120564 0 0.120067 0.036923 
412 0.11398 0.0219249 0 0.0459853 0.111676 0 0.120067 0.036923 
413 0.114423 0.0229999 0 0.0426387 0.103425 0 0.120067 0.036923 
414 0.114833 0.0239954 0 0.0395357 0.0957653 0 0.120067 0.036923 
415 0.115214 0.0249171 0 0.0366584 0.0886523 0 0.120067 0.036923 
416 0.115567 0.0257701 0 0.0339905 0.0820456 0 0.120067 0.036923 
417 0.115895 0.0265595 0 0.0315167 0.0759074 0 0.120067 0.036923 
418 0.116198 0.0272897 0 0.0292228 0.0702028 0 0.120067 0.036923 
419 0.11648 0.0279649 0 0.0270959 0.0648991 0 0.120067 0.036923 
420 0.116741 0.028589 0 0.0251238 0.0599661 0 0.120067 0.036923 
421 0.116983 0.0291654 0 0.023295 0.0553754 0 0.120067 0.036923 
422 0.117207 0.0296975 0 0.0215994 0.0511011 0 0.120067 0.036923 
423 0.117415 0.0301884 0 0.0200271 0.0471186 0 0.120067 0.036923 
424 0.117608 0.0306408 0 0.0185692 0.0434052 0 0.120067 0.036923 
425 0.117787 0.0310573 0 0.0172173 0.0399396 0 0.120067 0.036923 
426 0.117953 0.0314404 0 0.0159637 0.0367021 0 0.120067 0.036923 
427 0.118106 0.0317921 0 0.0148013 0.0336743 0 0.120067 0.036923 
428 0.118249 0.0321145 0 0.0137235 0.0308388 0 0.120067 0.036923 
429 0.118381 0.0324094 0 0.012724 0.0281795 0 0.120067 0.036923 
430 0.118504 0.0326786 0 0.0117972 0.0256808 0 0.120067 0.036923 
431 0.118617 0.0329235 0 0.0109377 0.0233291 0 0.120067 0.036923 
432 0.118723 0.0331456 0 0.0101408 0.0211106 0 0.120067 0.036923 
433 0.11882 0.0333461 0 0.00940177 0.0190127 0 0.120067 0.036923 
434 0.118911 0.0335262 0 0.00871634 0.0170231 0 0.120067 0.036923 
435 0.118995 0.0336869 0 0.00808075 0.0151309 0 0.120067 0.036923 
436 0.119073 0.0338291 0 0.00749137 0.0133252 0 0.120067 0.036923 
437 0.119145 0.0339536 0 0.00694482 0.0115958 0 0.120067 0.036923 
438 0.119212 0.0340613 0 0.00643763 0.0099318 0 0.120067 0.036923 
439 0.119274 0.0341525 0 0.0059674 0.00832504 0 0.120067 0.036923 
440 0.119331 0.0342279 0 0.0055313 0.00676595 0 0.120067 0.036923 
441 0.119384 0.0342879 0 0.00512683 0.00524561 0 0.120067 0.036923 
442 0.119434 0.0343329 0 0.0047516 0.00375512 0 0.120067 0.036923 
443 0.119479 0.0343631 0 0.00440343 0.00228588 0 0.120067 0.036923 
444 0.119522 0.0343787 0 0.00408046 0.000829832 0 0.120067 0.036923 
445 0.119561 0.0343798 0 0.00378062 -0.000621894 0 0.120067 0.036923 
446 0.119598 0.0343663 0 0.00350239 -0.00207714 0 0.120067 0.036923 
447 0.119631 0.0343381 0 0.00324467 -0.003543 0 0.120067 0.036923 
448 0.119663 0.0342953 0 0.00300484 -0.00503065 0 0.120067 0.036923 
449 0.119691 0.0342374 0 0.00278268 -0.00654579 0 0.120067 0.036923 
450 0.119718 0.0341643 0 0.00257601 -0.00809931 0 0.120067 0.036923 
451 0.119743 0.0340752 0 0.00238437 -0.0096983 0 0.120067 0.036923 
452 0.119766 0.0339701 0 0.00220602 -0.0113535 0 0.120067 0.036923 
453 0.119787 0.033848 0 0.00204051 -0.0130729 0 0.120067 0.036923 
454 0.119807 0.0337084 0 0.00188652 -0.0148673 0 0.120067 0.036923 
455 0.119825 0.0335504 0 0.00174316 -0.0167469 0 0.120067 0.036923 
456 0.119842 0.033373 0 0.00161043 -0.0187206 0 0.120067 0.036923 
457 0.119857 0.0331754 0 0.00148656 -0.020802 0 0.120067 0.036923 
458 0.119871 0.0329568 0 0.00137022 -0.0230045 0 0.120067 0.036923 
459 0.119885 0.0327151 0 0.00126271 -0.025336 0 0.120067 0.036923 
460 0.119897 0.0324494 0 0.00116269 -0.0278115 0 0.120067 0.036923 
461 0.119908 0.0321585 0 0.00106797 -0.0304491 0 0.120067 0.036923 
462 0.119918 0.0318399 0 0.000980687 -0.0332572 0 0.120067 0.036923 
463 0.119927 0.0314925 0 0.000898645 -0.0362563 0 0.120067 0.036923 
464 0.119936 0.0311142 0 0.000821375 -0.0394632 0 0.120067 0.036923 
465 0.119944 0.0307024 0 0.000749713 -0.0428933 0 0.120067 0.036923 
466 0.119951 0.0302552 0 0.000681883 -0.0465694 0 0.120067 0.036923 
467 0.119958 0.0297702 0 0.000616977 -0.0505139 0 0.120067 0.036923 
468 0.119964 0.0292444 0 0.00055582 -0.0547463 0 0.120067 0.036923 
469 0.119969 0.0286739 0 0.000500104 -0.0592858 0 0.120067 0.036923 
470 0.119973 0.0280572 0 0.000444565 -0.0641705 0 0.120067 0.036923 
471 0.119978 0.0273895 0 0.000392624 -0.069419 0 0.120067 0.036923 
472 0.119981 0.0266678 0 0.000341617 -0.0750672 0 0.120067 0.036923 
473 0.119984 0.0258868 0 0.000294955 -0.0811382 0 0.120067 0.036923 
474 0.119987 0.0250435 0 0.000247358 -0.0876791 0 0.120067 0.036923 
475 0.11999 0.0241321 0 0.000202227 -0.094718 0 0.120067 0.036923 
476 0.119991 0.0231473 0 0.000159484 -0.102295 0 0.120067 0.036923 
477 0.119993 0.0220844 0 0.000115568 -0.110461 0 0.120067 0.036923 
478 0.119994 0.0209363 0 7.38613e-05 -0.119254 0 0.120067 0.036923 
479 0.119994 0.0196964 0 3.42656e-05 -0.128724 0 0.120067 0.036923 
480 0.119994 0.0183586 0 -6.80127e-06 -0.138934 0 0.119993 -3.04791e-05 
481 0.119994 0.0170204 0 -6.30805e-06 -0.128824 0 0.119993 -3.04791e-05 
482 0.119994 0.0157797 0 -5.85086e-06 -0.119449 0 0.119993 -3.04791e-05 
483 0.119994 0.0146292 0 -5.42709e-06 -0.110757 0 0.119993 -3.04791e-05 
484 0.119994 0.0135624 0 -5.03431e-06 -0.102697 0 0.119993 -3.04791e-05 
485 0.119994 0.0125733 0 -4.67027e-06 -0.0952236 0 0.119993 -3.04791e-05 
486 0.119994 0.0116561 0 -4.33292e-06 -0.0882941 0 0.119993 -3.04791e-05 
487 0.119994 0.0108057 0 -4.0203e-06 -0.0818688 0 0.119993 -3.04791e-05 
488 0.119994 0.0100172 0 -3.73065e-06 -0.0759111 0 0.119993 -3.04791e-05 
489 0.119994 0.00928607 0 -3.4623e-06 -0.0703869 0 0.119993 -3.04791e-05 
490 0.119994 0.00860813 0 -3.21373e-06 -0.0652647 0 0.119993 -3.04791e-05 
491 0.119994 0.00797953 0 -2.9835e-06 -0.0605152 0 0.119993 -3.04791e-05 
492 0.119994 0.00739668 0 -2.77032e-06 -0.0561114 0 0.119993 -3.04791e-05 
493 0.119994 0.00685624 0 -2.57296e-06 -0.0520279 0 0.119993 -3.04791e-05 
494 0.119994 0.00635513 0 -2.39029e-06 -0.0482416 0 0.119993 -3.04791e-05 
495 0.119994 0.00589049 0 -2.22128e-06 -0.0447308 0 0.119993 -3.04791e-05 
496 0.119994 0.00545966 0 -2.06495e-06 -0.0414755 0 0.119993 -3.04791e-05 
497 0.119993 0.00506019 0 -1.92041e-06 -0.038457 0 0.119993 -3.04791e-05 
498 0.119993 0.00468978 0 -1.78684e-06 -0.0356582 0 0.119993 -3.04791e-05 
499 0.119993 0.00434634 0 -1.66347e-06 -0.033063 0 0.119993 -3.04791e-05 
500 0.119993 0.0040279 0 -1.54961e-06 -0.0306566 0 0.119993 -3.04791e-05 
501 0.119993 0.00373263 0 -1.44459e-06 -0.0284253 0 0.119993 -3.04791e-05 
502 0.119993 0.00345885 0 -1.34783e-06 -0.0263564 0 0.119993 -3.04791e-05 
503 0.119993 0.003205 0 -1.25876e-06 -0.0244379 0 0.119993 -3.04791e-05 
504 0.119993 0.00296963 0 -1.17688e-06 -0.0226591 0 0.119993 -3.04791e-05 
505 0.119993 0.00275138 0 -1.10172e-06 -0.0210096 0 0.119993 -3.04791e-05 
506 0.119993 0.00254903 0 -1.03285e-06 -0.0194801 0 0.119993 -3.04791e-05 
507 0.119993 0.00236141 0 -9.69887e-07 -0.0180619 0 0.119993 -3.04791e-05 
508 0.119993 0.00218745 0 -9.12457e-07 -0.0167468 0 0.119993 -3.04791e-05 
509 0.119993 0.00202616 0 -8.60242e-07 -0.0155274 0 0.119993 -3.04791e-05 
510 0.119993 0.0018766 0 -8.12933e-07 -0.0143965 0 0.119993 -3.04791e-05 
511 0.119993 0.00173794 0 -7.70271e-07 -0.013348 0 0.119993 -3.04791e-05 
512 0.119993 0.00160939 0 -7.32011e-07 -0.0123758 0 0.119993 -3.04791e-05 
513 0.119993 0.00149021 0 -6.9793e-07 -0.0114742 0 0.119993 -3.04791e-05 
514 0.119993 0.00137969 0 -6.67829e-07 -0.010638 0 0.119993 -3.04791e-05 
515 0.119993 0.00127723 0 -6.41546e-07 -0.00986261 0 0.119993 -3.04791e-05 
516 0.119993 0.00118225 0 -6.1893e-07 -0.00914365 0 0.119993 -3.04791e-05 
517 0.119993 0.00109421 0 -5.99852e-07 -0.00847697 0 0.119993 -3.04791e-05 
518 0.119993 0.00101254 0 -5.84181e-07 -0.00785833 0 0.119993 -3.04791e-05 
519 0.119993 0.000936861 0 -5.71859e-07 -0.00728481 0 0.119993 -3.04791e-05 
520 0.119993 0.000866713 0 -5.62805e-07 -0.00675296 0 0.119993 -3.04791e-05 
521 0.119993 0.000801695 0 -5.56968e-07 -0.00625972 0 0.119993 -3.04791e-05 
522 0.119993 0.000741424 0 -5.5431e-07 -0.00580218 0 0.119993 -3.04791e-05 
523 0.119993 0.000685547 0 -5.54812e-07 -0.00537768 0 0.119993 -3.04791e-05 
524 0.119993 0.000633769 0 -5.58486e-07 -0.00498396 0 0.119993 -3.04791e-05 
525 0.119993 0.000585757 0 -5.6534e-07 -0.0046185 0 0.119993 -3.04791e-05 
526 0.119993 0.000541266 0 -5.75423e-07 -0.00427942 0 0.119993 -3.04791e-05 
527 0.119993 0.000500123 0 -5.88822e-07 -0.00396541 0 0.119993 -3.04791e-05 
528 0.119993 0.000461907 0 -6.05546e-07 -0.00367327 0 0.119993 -3.04791e-05 
529 0.119993 0.000426586 0 -6.25759e-07 -0.00340273 0 0.119993 -3.04791e-05 
530 0.119993 0.000393808 0 -6.49521e-07 -0.00315112 0 0.119993 -3.04791e-05 
531 0.119993 0.000363507 0 -6.77013e-07 -0.0029179 0 0.119993 -3.04791e-05 
532 0.119993 0.000335402 0 -7.0835e-07 -0.00270095 0 0.119993 -3.04791e-05 
533 0.119993 0.000309425 0 -7.43748e-07 -0.00249971 0 0.119993 -3.04791e-05 
534 0.119993 0.000285369 0 -7.83385e-07 -0.00231259 0 0.119993 -3.04791e-05 
535 0.119993 0.000263094 0 -8.27488e-07 -0.00213851 0 0.119993 -3.04791e-05 
536 0.119993 0.000242603 0 -8.76356e-07 -0.00197745 0 0.119993 -3.04791e-05 
537 0.119993 0.000223617 0 -9.30209e-07 -0.00182728 0 0.119993 -3.04791e-05 
538 0.119993 0.000205929 0 -9.89318e-07 -0.00168638 0 0.119993 -3.04791e-05 
539 0.119993 0.000189752 0 -1.05414e-06 -0.00155633 0 0.119993 -3.04791e-05 
540 0.119993 0.000174878 0 -1.12499e-06 -0.00143551 0 0.119993 -3.04791e-05 
541 0.119993 0.00016096 0 -1.20219e-06 -0.00132124 0 0.119993 -3.04791e-05 
542 0.119993 0.000148352 0 -1.28634e-06 -0.00121617 0 0.119993 -3.04791e-05 
543 0.119993 0.000136706 0 -1.37781e-06 -0.00111759 0 0.119993 -3.04791e-05 
544 0.119993 0.000125958 0 -1.47712e-06 -0.00102496 0 0.119993 -3.04791e-05 
545 0.119993 0.000116251 0 -1.58493e-06 -0.000939303 0 0.119993 -3.04791e-05 
546 0.119993 0.000107309 0 -1.70176e-06 -0.000858461 0 0.119993 -3.04791e-05 
547 0.119993 9.8998e-05 0 -1.82826e-06 -0.000781338 0 0.119993 -3.04791e-05 
548 0.119993 9.14625e-05 0 -1.96521e-06 -0.000708952 0 0.119993 -3.04791e-05 
549 0.119993 8.49894e-05 0 -2.11351e-06 -0.00064338 0 0.119993 -3.04791e-05 
550 0.119993 7.87432e-05 0 -2.27373e-06 -0.000578214 0 0.119993 -3.04791e-05 
551 0.119993 7.32917e-05 0 -2.44699e-06 -0.000517642 0 0.119993 -3.04791e-05 
552 0.119993 6.82216e-05 0 -2.63416e-06 -0.00045843 0 0.119993 -3.04791e-05 
553 0.119993 6.41018e-05 0 -2.8365e-06 -0.000404758 0 0.119993 -3.04791e-05 
554 0.119993 6.00991e-05 0 -3.0549e-06 -0.000350201 0 0.119993 -3.04791e-05 
555 0.119993 5.67838e-05 0 -3.2908e-06 -0.000298929 0 0.119993 -3.04791e-05 
556 0.119993 5.4166e-05 0 -3.54556e-06 -0.000250869 0 0.119993 -3.04791e-05 
557 0.119993 5.1695e-05 0 -3.82046e-06 -0.000201698 0 0.119993 -3.04791e-05 
558 0.119993 4.99437e-05 0 -4.11726e-06 -0.000155571 0 0.119993 -3.04791e-05 
559 0.119993 4.89244e-05 0 -4.43768e-06 -0.000112393 0 0.119993 -3.04791e-05 
