# record data: step_count | acceleration (x y z) | gyro (x y z)
0 0.0854122 -0.00056638 -2.84983e-05 -0 -0 0 
1 0.0846361 -0.00164629 -0.000357377 0.000106396 -0.000116505 -0.00312178 
2 1.68649 -0.00536428 2.30697 0.000346187 0.087422 -0.00160571 
3 -1.60467 0.0044618 -2.70773 9.59987e-05 -0.00449427 -0.00305303 
4 -0.0146252 -5.68672e-05 0.0306678 7.03876e-05 -0.00954473 -0.0030103 
5 0.0933245 -0.000460775 0.0711398 6.68015e-05 -0.00884218 -0.00296816 
6 0.0991939 -0.000492038 0.0582251 6.51334e-05 -0.00786098 -0.0029266 
7 0.0981984 -0.000493329 0.0468717 6.37697e-05 -0.00696492 -0.00288563 
8 0.0968646 -0.000490965 0.0377148 6.25126e-05 -0.00616811 -0.00284522 
9 0.0956313 -0.000488873 0.030347 6.13755e-05 -0.00546163 -0.00280538 
10 0.0945195 -0.00048564 0.0244191 6.02952e-05 -0.00483591 -0.0027661 
11 0.0935219 -0.000483006 0.0196494 5.93022e-05 -0.00428219 -0.00272736 
12 0.0926291 -0.000479367 0.0158116 5.83401e-05 -0.00379255 -0.00268917 
13 0.0918319 -0.000476428 0.0127234 5.74445e-05 -0.00335986 -0.00265151 
14 0.0911216 -0.000472564 0.0102382 5.65631e-05 -0.00297772 -0.00261438 
15 0.0904898 -0.000469465 0.00823817 5.57348e-05 -0.00264043 -0.00257777 
16 0.0899289 -0.000465495 0.00662852 5.49101e-05 -0.00234286 -0.00254167 
17 0.0894317 -0.000462331 0.00533293 5.41298e-05 -0.00208045 -0.00250607 
18 0.0889915 -0.00045833 0.00429006 5.33463e-05 -0.00184914 -0.00247098 
19 0.0886025 -0.000455164 0.00345053 5.26019e-05 -0.00164533 -0.00243637 
20 0.0882592 -0.000451182 0.00277464 5.185e-05 -0.00146581 -0.00240225 
21 0.0879565 -0.000448052 0.00223043 5.11339e-05 -0.00130772 -0.00236861 
22 0.0876901 -0.000444119 0.00179221 5.04075e-05 -0.00116855 -0.00233544 
23 0.087456 -0.000441049 0.00143928 4.97149e-05 -0.00104607 -0.00230273 
24 0.0872504 -0.000437184 0.00115502 4.90104e-05 -0.000938302 -0.00227048 
25 0.0870702 -0.000434188 0.000926028 4.83384e-05 -0.000843494 -0.00223868 
26 0.0869125 -0.000430402 0.000741531 4.76536e-05 -0.000760106 -0.00220733 
27 0.0867746 -0.000427488 0.00059286 4.70004e-05 -0.000686776 -0.00217642 
28 0.0866544 -0.000423787 0.000473036 4.63338e-05 -0.0006223 -0.00214594 
29 0.0865498 -0.000420959 0.000376443 4.56985e-05 -0.000565619 -0.00211589 
30 0.0864589 -0.000417345 0.000298561 4.50493e-05 -0.000515795 -0.00208625 
31 0.0863802 -0.000414605 0.00023575 4.4431e-05 -0.000472006 -0.00205704 
32 0.0863122 -0.000411078 0.000185081 4.37987e-05 -0.000433524 -0.00202823 
33 0.0862536 -0.000408425 0.000144195 4.31971e-05 -0.000399709 -0.00199983 
34 0.0862034 -0.000404984 0.000111195 4.25812e-05 -0.000369998 -0.00197182 
35 0.0861605 -0.000402417 8.45494e-05 4.19958e-05 -0.000343896 -0.00194421 
36 0.0861241 -0.000399061 6.30281e-05 4.1396e-05 -0.000320966 -0.00191698 
37 0.0860934 -0.000396578 4.56386e-05 4.08266e-05 -0.000300823 -0.00189013 
38 0.0860677 -0.000393305 3.15819e-05 4.02426e-05 -0.00028313 -0.00186366 
39 0.0860465 -0.000390904 2.02139e-05 3.96889e-05 -0.000267591 -0.00183756 
40 0.0860291 -0.000387712 1.1016e-05 3.91204e-05 -0.000253943 -0.00181183 
41 0.0860151 -0.00038539 3.56968e-06 3.8582e-05 -0.000241956 -0.00178646 
42 0.0860042 -0.000382276 -2.46198e-06 3.80287e-05 -0.00023143 -0.00176144 
43 0.0859959 -0.000380031 -7.35093e-06 3.75053e-05 -0.000222187 -0.00173677 
44 0.0859899 -0.000376994 -1.13164e-05 3.69669e-05 -0.00021407 -0.00171245 
45 0.0859859 -0.000374824 -1.45352e-05 3.64582e-05 -0.000206943 -0.00168847 
46 0.0859838 -0.00037186 -1.71501e-05 3.59344e-05 -0.000200684 -0.00166483 
47 0.0859833 -0.000369763 -1.92764e-05 3.54401e-05 -0.000195189 -0.00164151 
48 0.0859841 -0.000366871 -2.10069e-05 3.49304e-05 -0.000190364 -0.00161852 
49 0.0859862 -0.000364845 -2.24169e-05 3.44501e-05 -0.000186128 -0.00159586 
50 0.0859893 -0.000362022 -2.3567e-05 3.39543e-05 -0.000182409 -0.00157351 
51 0.0859934 -0.000360064 -2.45064e-05 3.34877e-05 -0.000179144 -0.00155148 
52 0.0859982 -0.000357309 -2.52747e-05 3.30054e-05 -0.000176277 -0.00152975 
53 0.0860039 -0.000355418 -2.59041e-05 3.25521e-05 -0.00017376 -0.00150833 
54 0.0860101 -0.000352728 -2.64204e-05 3.20829e-05 -0.00017155 -0.00148721 
55 0.086017 -0.000350901 -2.68449e-05 3.16425e-05 -0.00016961 -0.00146638 
56 0.0860243 -0.000348275 -2.71944e-05 3.11862e-05 -0.000167907 -0.00144585 
57 0.086032 -0.000346511 -2.7483e-05 3.07584e-05 -0.000166412 -0.0014256 
58 0.0860402 -0.000343947 -2.77217e-05 3.03145e-05 -0.000165099 -0.00140564 
59 0.0860486 -0.000342243 -2.79198e-05 2.9899e-05 -0.000163946 -0.00138595 
60 0.0860574 -0.000339739 -2.80845e-05 2.94671e-05 -0.000162935 -0.00136655 
61 0.0860664 -0.000338095 -2.8222e-05 2.90636e-05 -0.000162047 -0.00134741 
62 0.0860757 -0.000335649 -2.83372e-05 2.86435e-05 -0.000161267 -0.00132854 
63 0.0860851 -0.000334063 -2.8434e-05 2.82515e-05 -0.000160582 -0.00130994 
64 0.0860947 -0.000331674 -2.85157e-05 2.78429e-05 -0.000159981 -0.0012916 
65 0.0861045 -0.000330143 -2.85851e-05 2.74622e-05 -0.000159454 -0.00127351 
66 0.0861144 -0.000327809 -2.86441e-05 2.70646e-05 -0.00015899 -0.00125568 
67 0.0861244 -0.000326333 -2.86947e-05 2.66949e-05 -0.000158584 -0.0012381 
68 0.0861345 -0.000324052 -2.87383e-05 2.63081e-05 -0.000158227 -0.00122076 
69 0.0861447 -0.000322629 -2.87761e-05 2.5949e-05 -0.000157913 -0.00120367 
70 0.086155 -0.0003204 -2.88091e-05 2.55727e-05 -0.000157638 -0.00118681 
71 0.0861654 -0.000319028 -2.88381e-05 2.5224e-05 -0.000157396 -0.0011702 
72 0.0861758 -0.00031685 -2.88637e-05 2.48579e-05 -0.000157184 -0.00115381 
73 0.0861863 -0.000315528 -2.88866e-05 2.45191e-05 -0.000156998 -0.00113765 
74 0.0861968 -0.0003134 -2.89071e-05 2.41629e-05 -0.000156834 -0.00112172 
75 0.0862074 -0.000312126 -2.89257e-05 2.3834e-05 -0.00015669 -0.00110602 
76 0.086218 -0.000310045 -2.89426e-05 2.34874e-05 -0.000156564 -0.00109053 
77 0.0862286 -0.000308818 -2.89581e-05 2.3168e-05 -0.000156453 -0.00107526 
78 0.0862393 -0.000306784 -2.89725e-05 2.28307e-05 -0.000156356 -0.00106021 
79 0.08625 -0.000305603 -2.89859e-05 2.25205e-05 -0.00015627 -0.00104536 
80 0.0862607 -0.000303614 -2.89984e-05 2.21924e-05 -0.000156195 -0.00103073 
81 0.0862714 -0.000302478 -2.90103e-05 2.18911e-05 -0.000156129 -0.00101629 
82 0.0862822 -0.000300533 -2.90215e-05 2.15718e-05 -0.000156071 -0.00100207 
83 0.0862929 -0.00029944 -2.90323e-05 2.12792e-05 -0.00015602 -0.000988035 
84 0.0863037 -0.000297538 -2.90426e-05 2.09685e-05 -0.000155976 -0.000974202 
85 0.0863145 -0.000296487 -2.90526e-05 2.06844e-05 -0.000155936 -0.000960562 
86 0.0863253 -0.000294626 -2.90622e-05 2.03821e-05 -0.000155902 -0.000947113 
87 0.0863361 -0.000293617 -2.90715e-05 2.01062e-05 -0.000155871 -0.000933853 
88 0.0863469 -0.000291796 -2.90806e-05 1.98119e-05 -0.000155845 -0.000920778 
89 0.0863577 -0.000290826 -2.90896e-05 1.95441e-05 -0.000155821 -0.000907887 
90 0.0863686 -0.000289045 -2.90983e-05 1.92577e-05 -0.000155801 -0.000895176 
91 0.0863794 -0.000288114 -2.91069e-05 1.89976e-05 -0.000155782 -0.000882643 
92 0.0863902 -0.000286371 -2.91153e-05 1.87189e-05 -0.000155766 -0.000870286 
93 0.0864011 -0.000285477 -2.91237e-05 1.84663e-05 -0.000155752 -0.000858102 
94 0.0864119 -0.000283772 -2.91319e-05 1.81951e-05 -0.00015574 -0.000846088 
95 0.0864227 -0.000282915 -2.91401e-05 1.79499e-05 -0.000155729 -0.000834243 
96 0.0864336 -0.000281245 -2.91482e-05 1.76859e-05 -0.000155719 -0.000822564 
97 0.0864444 -0.000280424 -2.91563e-05 1.74478e-05 -0.000155711 -0.000811048 
98 0.0864553 -0.000278789 -2.91642e-05 1.71908e-05 -0.000155703 -0.000799693 
99 0.0864661 -0.000278002 -2.91722e-05 1.69597e-05 -0.000155697 -0.000788498 
100 0.086477 -0.000276402 -2.91801e-05 1.67095e-05 -0.000155691 -0.00077746 
101 0.0864879 -0.000275648 -2.91879e-05 1.64852e-05 -0.000155686 -0.000766576 
102 0.0864987 -0.000274081 -2.91957e-05 1.62417e-05 -0.000155681 -0.000755844 
103 0.0865096 -0.000273361 -2.92035e-05 1.60239e-05 -0.000155677 -0.000745263 
104 0.0865204 -0.000271825 -2.92113e-05 1.57868e-05 -0.000155674 -0.00073483 
105 0.0865313 -0.000271137 -2.92191e-05 1.55754e-05 -0.000155671 -0.000724543 
106 0.0865421 -0.000269633 -2.92268e-05 1.53447e-05 -0.000155668 -0.000714401 
107 0.086553 -0.000268975 -2.92345e-05 1.51394e-05 -0.000155665 -0.0007044 
108 0.0865639 -0.000267502 -2.92422e-05 1.49148e-05 -0.000155663 -0.00069454 
109 0.0865747 -0.000266874 -2.92499e-05 1.47156e-05 -0.000155661 -0.000684817 
110 0.0865762 0.00180612 0.000474616 7.84498e-05 -0.000156126 -0.000675218 
111 0.0866006 0.00604988 -6.35001e-05 0.00024831 -0.000155676 -0.000665711 
112 0.0866131 0.0103406 -6.81979e-05 0.000492553 -0.000154754 -0.000656291 
113 0.0866253 0.0145207 -6.2666e-05 0.000792987 -0.000153182 -0.000646958 
114 0.0866377 0.0185997 -5.65693e-05 0.00113564 -0.000150727 -0.000637708 
115 0.0866504 0.0225975 -5.0038e-05 0.00150975 -0.000147125 -0.000628539 
116 0.0866635 0.0265396 -4.29962e-05 0.00190705 -0.000142074 -0.00061945 
117 0.086677 0.0304504 -3.5345e-05 0.00232154 -0.000135228 -0.000610439 
118 0.086691 0.0343588 -2.69642e-05 0.00274887 -0.000126187 -0.000601505 
119 0.0867054 0.0382916 -1.77089e-05 0.00318632 -0.000114487 -0.000592644 
120 0.0867203 0.0422797 -7.40664e-06 0.00363228 -9.95911e-05 -0.000583857 
121 0.0867357 0.0463519 4.14689e-06 0.0040863 -8.08719e-05 -0.00057514 
122 0.0867516 0.0505406 1.71923e-05 0.00454866 -5.75988e-05 -0.000566492 
123 0.0867678 0.0548766 3.20117e-05 0.00502046 -2.89188e-05 -0.000557911 
124 0.0867844 0.0593939 4.89354e-05 0.00550331 6.16442e-06 -0.000549395 
125 0.0868013 0.0641247 6.83486e-05 0.0059994 4.88149e-05 -0.000540941 
126 0.0868185 0.0691056 9.07009e-05 0.00651129 0.000100393 -0.000532548 
127 0.0868358 0.0743711 0.000116516 0.00704198 0.000162489 -0.000524215 
128 0.0868531 0.0799598 0.000146404 0.0075947 0.000236961 -0.00051594 
129 0.0868703 0.08591 0.000181075 0.00817311 0.000325979 -0.000507722 
130 0.0868871 0.0922625 0.000221353 0.008781 0.00043208 -0.000499563 
131 0.0869035 0.0990598 0.000268201 0.00942257 0.000558226 -0.000491463 
132 0.086919 0.106347 0.000322737 0.0101021 0.000707874 -0.000483427 
133 0.0869335 0.114171 0.000386261 0.0108244 0.000885064 -0.000475459 
134 -40.1773 0.110079 1.19006 0.0121867 1.3445 -0.000487504 
135 -13.4128 0.535453 -0.364001 -0.0087141 0.277441 -0.000467946 
136 -2.97856 0.286352 -0.392626 -0.0157793 -0.197175 -0.000486986 
137 2.12444 0.178798 -0.266041 -0.0165655 -0.367547 -0.000512325 
138 4.36482 0.141637 -0.170529 -0.0147954 -0.390694 -0.000537921 
139 5.10901 0.138549 -0.104952 -0.0122363 -0.349657 -0.000560928 
140 26.5078 0.158572 -0.376029 -0.0100103 -0.99849 -0.000586608 
141 11.9519 0.158199 0.197326 -0.00705491 -0.365907 -0.000604932 
142 5.93376 0.192776 0.161231 -0.00514511 -0.055274 -0.000601778 
143 2.72827 0.219509 0.080235 -0.00376528 0.0836177 -0.000597213 
144 1.07368 0.243627 0.0342852 -0.00269945 0.134262 -0.000592806 
145 0.263362 0.26741 0.0113074 -0.00184793 0.142058 -0.000589312 
146 -0.0975653 0.291856 0.00100134 -0.00115867 0.131129 -0.00058722 
147 -0.227276 0.317434 -0.00266565 -0.000598403 0.113862 -0.000586974 
148 -0.244377 0.34442 -0.00301478 -0.000141867 0.0962736 -0.000589073 
149 -0.211861 0.37303 -0.00180708 0.000232293 0.0810133 -0.000594127 
150 -0.162025 0.403475 6.35974e-05 0.000542267 0.0690134 -0.000602902 
151 -0.1105 0.43597 0.00217436 0.000803734 0.060387 -0.000616365 
152 -0.0640899 0.470738 0.00435221 0.00102944 0.0549023 -0.000635735 
153 -0.0250862 0.508018 0.00655356 0.00123026 0.052225 -0.000662551 
154 0.00638931 0.548063 0.00879957 0.00141484 0.0520358 -0.000698754 
155 0.0311474 0.591123 0.0111425 0.00158997 0.054081 -0.00074679 
156 0.0503022 0.637479 0.0136494 0.00176128 0.0581911 -0.000809741 
157 0.0649702 0.687408 0.0163951 0.00193311 0.0642827 -0.000891488 
158 0.0761431 0.741225 0.0194589 0.00210929 0.0723552 -0.000996919 
159 0.0846474 0.799235 0.0229256 0.00229235 0.0824858 -0.00113219 
160 -21.5497 0.85583 0.0681486 0.00267123 0.680625 -0.000427877 
161 -7.29377 0.93925 -0.223276 0.00229404 0.107361 -0.000404417 
162 -1.64229 1.00139 -0.163833 0.0025103 -0.145901 -0.00040522 
163 1.12885 1.07734 -0.076678 0.00286814 -0.234805 -0.00040894 
164 2.35109 1.16208 -0.0246633 0.00323005 -0.24422 -0.000414036 
165 15.683 1.26044 0.260212 0.00349296 -0.449454 -0.00237482 
166 7.15575 1.34976 0.157234 0.00402353 -0.0578836 -0.00276008 
167 3.49008 1.46078 0.097544 0.00430066 0.141342 -0.00320386 
168 1.51875 1.57607 0.0422953 0.00455605 0.23933 -0.00374179 
169 0.482492 1.69909 0.0140105 0.00485546 0.286985 -0.0044016 
170 -0.0454833 1.83158 0.00207952 0.00521283 0.312307 -0.00521687 
171 -0.304502 1.97463 -0.000844747 0.00562486 0.330522 -0.00622891 
172 -0.441879 5.44987 0.107085 0.108518 0.410868 -0.00878719 
173 -0.494746 3.59501 -0.00328658 0.0339381 0.4431 -0.0108697 
174 -0.571366 3.03893 0.00217193 0.00101315 0.483019 -0.0134012 
175 -0.631934 2.88308 0.013085 -0.0109272 0.533286 -0.016521 
176 -0.694602 2.94485 0.0237817 -0.0128284 0.595869 -0.0203959 
177 -0.769825 3.12706 0.0343437 -0.010323 0.672545 -0.0252303 
178 -1.25077 3.38029 -0.0149281 -0.00640878 0.558842 -0.0251638 
179 -1.78652 3.67352 -0.0377513 -0.00217403 0.387735 -0.0230301 
180 -2.17278 3.99775 -0.0412263 0.00183611 0.202703 -0.0196747 
181 -2.46745 4.34841 -0.039886 0.00539857 0.00685757 -0.0147868 
182 -2.73531 4.72382 -0.0373178 0.00848416 -0.200209 -0.00795866 
183 -3.01494 5.12434 -0.0347281 0.0111429 -0.421016 0.00133882 
184 -1.28641 5.55321 0.0616434 0.0137136 -0.519165 0.00434451 
185 0.223623 6.0143 0.142641 0.016014 -0.525154 0.00463856 
186 0.919467 6.50727 0.192817 0.0180502 -0.492805 0.00483475 
187 1.18365 7.03434 0.232512 0.0199416 -0.445406 0.00495705 
188 1.51763 7.57061 0.265759 0.0245239 -0.404374 0.00169727 
189 1.26819 7.32238 0.222381 -0.000118814 -0.348598 0.001586 
190 1.09475 5.95899 0.0843069 -0.0572307 -0.301908 0.00162131 
191 0.950428 4.30096 -0.0266945 -0.115707 -0.262761 0.00176687 
192 0.846196 4.02519 1.52911 -0.119415 -0.230354 0.00198411 
193 0.724368 -4.42746 0.20549 -0.3704 -0.203078 0.00272174 
194 0.652704 -7.46971 0.301612 -0.425746 -0.179514 0.00327815 
195 0.717583 -8.5091 0.377365 -0.394929 -0.150495 0.00211916 
196 2.65017 -12.4355 1.03228 -0.494499 -0.112151 -0.00797331 
197 1.60807 -9.94628 -0.278736 -0.311769 -0.0314347 -0.00756977 
198 0.900094 -8.36486 -0.290508 -0.191602 0.0109458 -0.00719351 
199 0.415684 -10.3923 -0.545963 -0.223561 0.0226224 -0.00664951 
200 0.247502 -7.42517 -0.201747 -0.095705 0.0293762 -0.00628352 
201 0.112908 -5.94534 -0.223695 -0.0302697 0.028686 -0.00597602 
202 0.0609629 -5.03233 -0.246802 0.00181347 0.0249773 -0.00570179 
203 0.0502021 -4.43594 -0.252646 0.0163532 0.0204099 -0.00544813 
204 0.0592836 -4.01969 -0.248473 0.0218813 0.0159977 -0.00520845 
205 0.077025 -3.70852 -0.239326 0.0229525 0.0121543 -0.00497943 
206 0.0977893 -3.46124 -0.228088 0.0219569 0.00899102 -0.00475941 
207 0.118944 -3.25495 -0.216308 0.0201272 0.00647794 -0.00454756 
208 0.139438 -3.07722 -0.204842 0.0180663 0.00452818 -0.00434336 
209 0.159027 -2.92103 -0.194097 0.0160557 0.00304036 -0.00414644 
210 -4.32041 63.7435 2.5266 2.9539 -0.0214701 -0.144717 
211 2.58574 15.009 -12.4727 1.67643 0.153443 -0.415546 
212 -3.90768 -6.34715 -3.61339 1.32337 -0.200547 0.00358142 
213 -2.45238 -9.3335 0.204162 1.26577 -0.363776 0.0110794 
214 -0.697682 -8.12085 1.12276 1.20311 -0.416352 0.011285 
215 0.469945 -6.98518 1.12832 1.1244 -0.408164 0.0109473 
216 2.16732 -28.859 8.8058 -1.7696 -0.450123 8.87995e-05 
217 2.04151 -16.2966 0.215277 -0.991625 -0.376143 0.0152669 
218 0.517446 -13.7521 -0.550692 -0.34642 -0.405756 0.0516832 
219 -0.419778 -11.2864 -0.531466 0.168254 -0.491364 0.0892129 
220 -0.866498 -8.72572 -0.373049 0.547959 -0.606777 0.127595 
221 -1.25074 -5.35656 0.142938 0.871273 -0.589125 0.11374 
222 -0.778342 -2.74683 -0.172473 1.15085 -0.53763 0.0957598 
223 -0.489248 -0.713614 -0.107397 1.32684 -0.47407 0.0777141 
224 -0.246934 1.07577 0.0354328 1.41344 -0.400365 0.0610182 
225 -0.665719 2.07601 0.340691 1.45436 -0.35212 0.0452735 
226 -0.506764 1.57781 -0.00151871 1.53169 -0.284098 0.0150488 
227 0.302599 0.847176 0.275832 1.66006 -0.132362 -0.0598548 
228 1.69747 1.33941 0.591215 1.77198 0.0916097 -0.132694 
229 2.72321 2.36792 0.682929 1.83963 0.325736 -0.195144 
230 2.75479 4.48631 1.05476 1.80499 0.553471 -0.254342 
231 4.75783 5.13324 0.463988 1.74874 0.883335 -0.314559 
232 6.38641 5.75973 -0.771842 1.65637 1.00323 -0.274081 
233 5.22987 5.89596 -1.08296 1.57078 1.08517 -0.241107 
234 4.09954 6.03714 -1.19611 1.49186 1.12034 -0.211148 
235 3.05501 6.17914 -1.27424 1.4202 1.11265 -0.183768 
236 1.81462 6.28951 -1.24047 1.13175 -0.273058 0.11746 
237 0.0150113 5.09144 -0.283667 0.579277 -0.240163 0.108221 
238 -0.0902788 5.21471 -0.151631 0.0409247 -0.219831 0.0983119 
239 -0.0697785 5.29001 -0.168933 -0.487574 -0.210145 0.0893602 
240 0.111003 5.28073 -0.221652 -1.00664 -0.202418 0.0814161 
241 -1.37634 3.05703 -1.20929 -1.39855 0.266599 -0.0446694 
242 -0.332579 3.17784 -0.0445029 -1.79924 0.135123 -0.0312584 
243 2.36868 3.89108 0.431304 -2.24202 0.1466 -0.0165645 
244 6.94535 -4.54185 4.10627 -2.22781 0.437496 -0.00526905 
245 5.33421 -5.05657 0.489215 -2.20122 0.652277 -0.00481312 
246 3.70767 -5.34238 0.261876 -2.16925 0.801693 -0.00928767 
247 2.45931 -5.78261 0.266184 -2.12588 0.905671 -0.0185105 
248 -3.54972 -11.3166 2.209 -1.79288 0.630885 -0.0179563 
249 -2.20844 -11.3813 -0.137864 -1.47606 0.310967 0.00912335 
250 -1.20766 -11.475 -0.316115 -1.16982 0.0221336 0.0386144 
251 -0.362584 -11.4252 -0.276307 -0.88324 -0.247757 0.0700932 
252 0.413058 -11.2686 -0.198056 -0.623186 -0.438689 0.0900216 
253 1.26218 -11.0406 -0.0817385 -0.394899 -0.460292 0.0815835 
254 2.07702 -10.7461 0.0117871 -0.204532 -0.454331 0.0736175 
255 5.92156 -16.0365 1.83284 -0.708877 -0.652785 0.0681701 
256 5.30981 -13.6392 0.0581725 -0.397581 -0.50255 0.061444 
257 4.96825 -13.2348 -0.00248658 -0.144264 -0.388918 0.0548167 
258 5.71319 -12.8619 0.609784 0.054164 -0.157218 0.0201995 
259 8.09586 -12.7054 1.9564 0.211606 0.421441 -0.0756522 
260 10.5623 -12.6203 2.61898 0.320813 1.19602 -0.177143 
261 13.1111 -12.6948 3.30123 0.387221 2.1869 -0.280021 
262 17.6021 5.0691 9.19886 -0.557166 3.48583 -0.365659 
263 13.3015 -13.2018 -0.953784 -0.599302 4.06172 -0.324356 
264 -1.45804 -10.4005 -6.29599 -0.894076 2.10149 0.0784208 
265 -17.1852 -7.34865 -4.66062 -1.25976 -0.425247 0.406972 
266 -14.6694 -1.0721 5.17489 -1.62569 -1.86399 1.77005 
267 -12.5578 -3.06105 4.43076 -1.84795 -2.43494 0.794622 
268 -15.5879 -9.40815 -4.33751 -1.50062 -3.76104 2.01432 
269 -16.5973 -10.8695 -3.44015 -0.970945 -4.79905 2.27968 
270 -12.3612 -0.941936 -1.96511 -0.0598094 -5.39662 1.93551 
271 -8.76781 5.59926 -1.45565 0.523194 -5.74186 1.51251 
272 -6.15197 9.8025 -0.988754 0.819034 -5.90554 1.05512 
273 -4.25051 12.3755 -0.570702 0.913395 -5.94245 0.588233 
274 -2.50746 14.2196 -0.459392 0.860487 -5.85939 0.234408 
275 -0.304677 15.8707 -0.900599 0.660593 -5.58834 -0.18361 
276 1.35187 16.5734 -0.571432 0.398797 -5.26254 -0.393047 
277 2.80419 17.0499 -0.652041 0.100494 -4.77344 -0.0222867 
278 15.1748 12.8313 2.54269 -0.0059324 -3.65619 0.0187914 
279 22.6594 7.09241 4.01293 0.644455 -1.5829 0.347316 
280 20.7492 7.23386 -1.21873 0.705617 -0.279778 0.410747 
281 17.2816 7.84984 -1.22599 0.683145 0.77606 0.338519 
282 13.8485 8.14427 -0.99997 0.616757 1.62455 0.248938 
283 9.37143 8.1874 -0.877539 0.536753 2.23739 0.231781 
284 6.43478 7.98798 -0.693396 0.481157 2.77823 0.581944 
285 3.30107 7.01697 -0.392636 0.41128 3.00962 0.472916 
286 0.976763 5.91729 -0.529973 0.392691 3.03963 0.387148 
287 -0.75933 5.20956 -0.656873 0.407704 2.95303 0.367732 
288 24.1769 -33.9711 2.62174 -4.37698 -0.116997 0.538873 
289 29.0906 -46.193 -9.9359 -3.98881 3.12124 4.83486 
290 20.8156 -8.09949 -16.8822 -2.04418 3.74972 10.572 
291 17.4768 -1.67804 -6.15312 -0.921526 5.12161 10.9183 
292 16.2261 12.7973 -4.08312 -1.33287 3.59322 6.62071 
293 15.0841 10.8385 -2.85776 -1.71125 4.83419 1.89697 
294 12.0268 36.3323 3.9399 2.78598 9.80533 -0.020709 
295 16.3245 25.8311 -0.0134195 2.34016 10.784 -0.00388342 
296 -73.4458 34.9326 74.5228 0.605943 6.88296 0.0128392 
297 -34.8109 14.218 -28.3176 0.0147958 5.11987 0.00508836 
298 -39.508 13.5415 -12.4596 -0.565039 3.09604 -0.00647332 
299 -39.8933 11.9889 -10.1763 -1.06869 1.05315 -0.014868 
300 -39.698 10.3038 -9.80076 -1.49002 -0.986721 -0.0232308 
301 -39.4725 8.63049 -9.77272 -1.83118 -3.03046 -0.0291519 
302 2.15505 -1.89777 14.6089 -1.61287 -2.80808 -0.0206627 
303 0.928099 -1.96403 -0.978818 -1.55822 -2.3175 0.079185 
304 0.838178 -0.499749 -0.377664 -1.73274 -2.00747 0.136949 
305 7.83309 5.40352 4.47307 -2.24272 -1.32992 0.201188 
306 8.70364 3.27531 1.24873 -2.64042 -0.613935 0.25423 
307 8.74462 -0.0978287 1.34413 -2.8701 0.109623 0.310197 
308 8.85177 -2.87082 1.16122 -2.96691 0.838268 0.37351 
309 9.89464 -2.96013 1.43404 -3.0777 1.62535 0.43894 
310 9.39582 -3.01679 0.237897 -3.19272 2.1431 0.444076 
311 10.9763 -2.94799 -0.239122 -3.32813 2.68643 0.433683 
312 8.68733 -3.13617 -0.340504 -3.47499 3.13674 0.433041 
313 11.6625 -12.68 -8.27621 -7.56422 -2.95506 -0.421216 
314 1.51981 -1.74945 -1.22252 -6.8547 -2.33822 -0.403278 
315 -0.185481 -2.23467 0.320799 -6.19808 -1.84903 -0.374689 
316 -1.37928 -2.62155 0.446754 -5.5947 -1.48042 -0.345639 
317 -2.19439 -2.9319 0.366314 -5.03971 -1.20722 -0.317593 
318 -3.46812 -1.32717 -0.0611744 -4.64202 3.1083 0.453466 
319 1.3893 -2.05571 1.0544 -4.24216 3.09303 0.418869 
320 -0.185192 -2.34356 0.607705 -3.87 3.01112 0.381485 
321 -51.2392 -69.7434 27.1022 0.193866 0.208895 1.42334 
322 -3.6606 -21.8946 -22.4829 1.60226 -0.0533884 1.0146 
323 -1.44039 -21.2407 -5.99538 3.4257 -0.464592 0.94532 
324 3.20647 -18.1424 -4.13588 4.63143 -0.425319 0.983794 
325 7.10202 -15.0416 -3.28222 5.66822 -0.19129 0.922478 
326 9.9619 -12.7178 -2.72008 6.59033 0.180244 0.783806 
327 12.0169 -10.9901 -2.39948 7.43986 0.643688 0.584495 
328 13.4741 -9.69645 -2.27157 8.24891 1.16439 0.336001 
329 6.3404 -2.02198 3.39982 8.70341 1.24581 0.119514 
330 3.55117 -1.50577 1.45282 9.1902 1.16303 0.060562 
331 22.006 34.8771 17.855 7.71321 2.10333 -0.0812795 
332 6.8921 22.135 -4.24169 7.0371 2.09084 -0.161504 
333 2.5462 23.0631 -0.785697 6.33466 1.81552 -0.248225 
334 -25.4582 42.9338 12.3454 4.58239 -0.0369628 -0.3634 
335 -11.384 34.9175 -7.31049 3.32779 -1.19107 -0.465381 
336 -8.01341 34.792 -1.58168 2.10488 -1.80569 -0.46117 
337 -1.23572 32.5443 1.13703 1.04122 -1.30926 -0.317065 
338 5.2981 29.9176 2.26103 0.161832 -0.416644 -0.170113 
339 11.0535 27.3535 3.25896 -0.533524 0.852607 -0.0282379 
340 10.7907 24.6818 0.718566 -1.01243 1.49253 -0.0486533 
341 -2.74771 21.886 -7.75365 -1.23997 -0.306314 -0.403407 
342 -23.2578 13.1403 -2.55957 -1.1444 -2.70329 -0.640769 
343 -18.4049 17.957 -3.40689 -1.52061 -3.85179 -0.655955 
344 -22.9626 25.4732 3.85427 -1.01445 -5.98069 -0.715958 
345 -18.699 12.6342 -4.28071 -2.48719 -6.80031 -0.525663 
346 -11.855 6.41932 -4.45702 -3.84408 -7.22335 -0.325401 
347 -16.0542 -7.80869 2.01531 -4.38713 -7.85593 -0.13198 
348 1.12709 -37.2508 10.122 -3.27255 -7.38215 0.600476 
349 0.325121 -33.1747 1.09714 -2.93766 -6.64802 1.7528 
350 7.25284 -28.5228 -1.40035 -2.08336 -5.58997 2.13465 
351 7.66877 -25.9461 -1.19405 -1.52968 -4.68797 0.816751 
352 9.09785 -22.5515 -0.503189 -1.02934 -3.73675 0.302539 
353 10.0136 -19.4383 -0.21565 -0.608361 -2.83488 0.211264 
354 9.53899 -16.9323 0.0169036 -0.26927 -1.93663 0.159434 
355 8.75143 -14.7481 0.143778 -0.0138965 -1.12799 0.122788 
356 7.81794 -12.847 0.1984 0.170813 -0.419059 0.0836064 
357 7.44932 -11.1161 0.0466757 0.287221 0.049899 0.0353193 
358 7.18339 -9.6598 -0.088975 0.349074 0.348574 -0.0153515 
359 5.76827 -8.6412 0.0948001 0.387763 0.783349 -0.0402947 
360 3.95916 -8.46173 -0.394525 0.438818 1.10025 -0.0386867 
361 2.60675 -8.21815 -0.480771 0.499005 1.32957 -0.041717 
362 3.48623 -4.51567 0.579492 0.376696 1.48208 -0.0485579 
363 1.58319 -6.13818 -0.515095 0.364477 1.52556 -0.0552179 
364 45.5796 50.9304 11.5467 4.19109 -1.16175 -0.0202823 
365 28.0192 49.7389 -13.4474 5.88416 4.25073 -0.423558 
366 21.5599 28.3979 -34.3778 3.40929 9.21967 -0.875052 
367 -30.9625 -22.6277 -2.90121 3.94123 8.64041 -3.70956 
368 -33.6023 -2.60245 3.77978 2.76565 1.08162 -1.87685 
369 -42.328 -12.4572 -11.696 2.40955 -1.0927 -1.28069 
370 -6.74554 -45.5851 39.0502 -2.13032 0.320819 0.0371503 
371 -15.4945 -34.1925 -0.911974 -2.24608 -0.487645 0.0168496 
372 -6.51651 -25.123 -1.59898 -1.06826 -0.86358 0.00881426 
373 -2.44792 -20.2672 -1.07674 -0.146747 -1.02014 -0.00045322 
374 0.451547 -16.5911 -0.962667 0.584272 -1.037 -0.00709219 
375 2.24107 -13.1543 -0.679072 1.13852 -0.967416 -0.0120628 
376 3.24677 -10.0157 -0.436662 1.53247 -0.852401 -0.0158992 
377 3.55884 -7.3649 -0.154502 1.79265 -0.728697 -0.0192987 
378 3.76994 -6.13595 1.24632 2.00419 -0.42078 -0.0675072 
379 3.97332 -4.57119 0.345944 2.43199 -0.0694767 -0.122798 
380 2.55865 -3.87665 0.196218 2.83438 0.210753 -0.179988 
381 3.26117 -1.97637 0.587971 3.14664 0.524072 -0.230074 
382 3.99015 -0.108966 0.615121 3.37358 0.878505 -0.278741 
383 5.43491 0.794628 1.61063 3.5709 1.31764 -0.33298 
384 6.58198 2.37084 2.14001 3.70184 1.82806 -0.39058 
385 7.83278 2.46431 1.22319 3.84708 2.40618 -0.447893 
386 7.94511 2.53618 0.240558 4.00299 2.83908 -0.469114 
387 9.36752 2.53911 -0.625191 4.17504 3.19732 -0.453222 
388 8.11046 2.70734 -0.747327 4.36293 3.51494 -0.445354 
389 10.9254 14.0178 -9.93897 9.18577 -0.584406 0.110203 
390 2.70403 1.29259 -1.23706 8.45612 -0.185023 0.101039 
391 0.850758 1.84098 0.3092 7.78786 0.0986615 0.0866821 
392 -0.495967 2.30025 0.444116 7.18178 0.27925 0.0734624 
393 -1.44433 2.67634 0.362814 6.63275 0.380593 0.0622249 
394 -2.84163 0.679915 0.301852 6.01537 3.25018 -0.442577 
395 0.586098 2.28435 0.38274 5.89461 3.13475 -0.409369 
396 -68.0423 90.4812 61.3794 0.716016 -0.423693 -1.94351 
397 -9.86195 22.8212 -49.6938 -0.840407 -1.36719 -1.42423 
398 0.879535 19.6416 -15.4627 -2.08877 -1.41854 -1.08431 
399 5.15424 16.5763 -4.2285 -3.61604 -1.54103 -0.8541 
400 8.86237 14.517 -2.2193 -4.57608 -1.27136 -0.700702 
401 11.7504 12.161 -1.62982 -5.4237 -0.867708 -0.578635 
402 13.7679 10.4381 -1.43597 -6.20173 -0.379312 -0.479723 
403 15.1412 9.19431 -1.43112 -6.94255 0.158353 -0.39996 
404 16.0756 8.26928 -1.55261 -7.66986 0.720234 -0.336497 
405 16.8027 7.46487 -1.80577 -8.39746 1.2927 -0.290273 
406 17.7616 6.37649 -2.32424 -9.11954 1.88479 -0.274885 
407 18.2503 5.80767 -2.42591 -9.86392 2.47016 -0.257791 
408 10.9001 -34.8848 32.8693 -8.39671 2.62994 0.156029 
409 22.5575 -25.728 -16.1485 -7.50785 3.35793 0.292713 
410 -7.35916 -20.2581 8.43716 -7.00588 2.48992 0.285338 
411 -31.4072 -43.9525 14.4176 -5.22445 0.806072 0.277919 
412 -11.8737 -37.5529 -7.96982 -3.85314 0.433557 0.193791 
413 -5.10378 -37.1841 -1.71062 -2.53914 0.554008 0.0732708 
414 2.686 -34.686 1.60728 -1.4085 1.15649 -0.0518245 
415 8.98404 -32.1839 3.00371 -0.461758 2.18064 -0.173463 
416 9.17271 -29.2671 0.44614 0.253184 2.60835 -0.132998 
417 -3.96352 -26.0132 -7.98729 0.691363 0.637049 0.240209 
418 -16.7184 -23.922 -6.09028 1.1421 -1.51812 0.49843 
419 -20.9397 -21.1869 -1.39313 1.7032 -2.86517 0.533341 
420 -20.7994 -17.2364 -1.30337 2.24486 -4.09662 0.491092 
421 -17.2755 -14.2216 -1.29269 2.79166 -5.05998 0.395577 
422 -13.2009 -10.8191 -1.44356 3.29889 -5.74225 0.262227 
423 -14.4038 4.10329 0.61486 3.66254 -6.44026 0.0958126 
424 0.773355 35.2885 10.1994 2.74543 -6.15458 -0.437979 
425 -2.73754 28.6431 -1.61397 2.11292 -6.29746 -0.462148 
426 -0.818598 29.6037 1.29107 2.0766 -6.34799 -0.52289 
427 4.8312 23.0884 -1.11718 1.4903 -5.44235 -1.06402 
428 8.72489 20.0904 -0.560044 1.04416 -4.39494 -1.44483 
429 9.8049 18.7825 0.054281 0.733254 -3.41895 -0.985915 
430 9.35574 17.5626 0.372761 0.486551 -2.63582 -0.259821 
431 8.58347 15.1628 0.277115 0.23866 -1.79819 -0.207905 
432 8.02944 13.4286 0.280703 0.0480521 -1.044 -0.143829 
433 7.32205 11.9049 0.286184 -0.0925849 -0.376701 -0.0822662 
434 6.7729 10.5345 0.198125 -0.189296 0.147928 -0.0302684 
435 6.64511 9.28228 -0.00380066 -0.246195 0.462585 0.00202943 
436 6.15869 8.34502 -0.0947607 -0.277447 0.713794 0.0232152 
437 4.13592 8.40348 -0.406217 -0.332523 1.03426 0.0303865 
438 4.46043 4.88403 0.567885 -0.216099 1.35622 0.041257 
439 1.93545 5.89565 -0.734486 -0.177149 1.43046 0.0505175 
440 0.561882 6.31003 -0.701373 -0.177997 1.40879 0.0578294 
441 44.6025 -51.8317 10.1764 -4.03546 -0.686913 -0.133668 
442 27.7067 -45.0049 -15.823 -4.71554 4.62945 0.51928 
443 22.0558 -27.0121 -33.9975 -2.43309 9.64091 0.982414 
444 -43.4664 11.4188 26.0497 -2.22137 2.7534 2.01931 
445 -21.9809 16.4652 -32.1577 -2.32199 2.26565 2.66839 
446 -46.0825 14.1253 3.13042 -2.17511 -0.891499 2.1671 
447 -3.50694 47.9684 37.4223 2.46758 -0.0308027 -0.0499578 
448 -10.4641 32.8199 -2.31955 1.75646 -0.62925 -0.029032 
449 -4.87638 25.5996 -1.90804 0.567624 -0.92757 -0.0130437 
450 0.124357 21.3595 -1.47077 -0.399518 -0.978131 -0.00237195 
451 1.84959 16.1068 -0.661171 -1.09322 -0.932505 0.00832335 
452 3.73245 13.1088 -0.541403 -1.48321 -0.790068 0.0142356 
453 3.21036 9.33858 -0.413777 -1.83638 -0.692566 0.0219723 
454 3.48579 6.56789 -0.182018 -2.05064 -0.594323 0.0265439 
455 3.67728 5.30013 1.23836 -2.21468 -0.313467 0.0775825 
456 3.73159 3.10875 0.595558 -2.56167 0.00654665 0.136077 
457 2.67507 3.33302 -0.0868164 -2.93399 0.268574 0.194915 
458 3.40479 1.48147 0.556456 -3.21879 0.569062 0.247758 
459 4.17305 -0.347038 0.609741 -3.42038 0.912929 0.298439 
460 5.56279 -1.70951 1.84016 -3.56765 1.34051 0.355608 
461 6.90289 -2.79577 1.83963 -3.67472 1.84483 0.414252 
462 8.12448 -2.87685 1.13824 -3.7966 2.41848 0.473911 
463 8.0283 -2.93187 -0.0349476 -3.92748 2.78597 0.483126 
464 9.62396 -2.91385 -0.686417 -4.07735 3.14203 0.467241 
465 8.21529 -3.08827 -0.76781 -4.24231 3.45023 0.459984 
466 9.96468 -12.7887 -9.06452 -8.46927 -0.00312711 -0.0446073 
467 2.96305 -1.7518 -1.05205 -7.77178 0.330223 -0.0368262 
468 1.13278 -2.2436 0.305132 -7.13076 0.553879 -0.0253238 
469 -0.207478 -2.64401 0.407372 -6.54678 0.682101 -0.0156093 
470 -1.15276 -2.96773 0.324204 -6.01504 0.737919 -0.00818674 
471 -2.70525 -1.44317 -0.261935 -5.63494 3.11323 0.426498 
472 0.427028 -2.08673 0.725527 -5.26788 2.97829 0.392839 
473 -66.2257 -88.2354 55.3383 -0.306719 -0.124911 1.34566 
474 0.0955737 -15.2093 -49.1675 0.822682 -0.87827 0.812944 
475 6.81259 -15.293 -13.6001 1.84494 -0.620905 0.646527 
476 5.11769 -18.2456 -1.27899 2.99361 -0.494074 0.533998 
477 7.78858 -15.9294 -1.33034 4.01516 -0.264334 0.346463 
478 9.97009 -14.0567 -1.43672 4.94886 0.0647643 0.163718 
479 13.8987 -9.74963 -2.19972 6.25278 0.242506 -0.114551 
480 14.3201 -10.266 -1.51329 7.02393 0.753078 -0.264912 
481 14.9131 -9.59382 -1.60189 7.7964 1.27376 -0.391993 
482 15.4312 -8.93648 -1.88751 8.57882 1.79506 -0.509234 
483 -2.03888 -1.26339 9.97991 9.11281 1.27427 0.01681 
484 3.32046 -1.15696 -2.28961 9.589 1.07551 -0.0428683 
485 22.5394 36.0067 17.2545 8.08218 1.89267 -0.176737 
486 11.9309 29.1492 -2.49798 8.1425 1.47063 -0.271964 
487 7.04075 27.4024 0.433782 7.19634 2.06418 -0.189541 
488 -21.612 44.9548 17.4758 5.34468 1.19872 -0.0954197 
489 -4.1158 38.4362 -5.89536 3.92041 1.35931 0.0148666 
490 0.771714 39.0375 -0.864619 2.51399 1.83699 0.127957 
491 7.31432 36.5048 1.92725 1.30482 2.75644 0.238734 
492 9.12121 34.25 -1.05803 0.297404 3.17462 0.180621 
493 0.186888 33.9105 -11.1793 -0.585547 1.42014 -0.223465 
494 -23.1486 27.5986 -6.44947 -1.23597 -1.4199 -0.583767 
495 -25.6873 23.9676 -1.9166 -1.9607 -2.99386 -0.605219 
496 -24.0456 19.1684 -1.73438 -2.61848 -4.37273 -0.547209 
497 -19.4161 15.3348 -1.64393 -3.23599 -5.4275 -0.435433 
498 -14.3414 11.3835 -1.72838 -3.78375 -6.15169 -0.288025 
499 -8.69993 4.78505 -3.23189 -4.80879 -6.53364 -0.119815 
500 -7.01536 5.25147 -1.22563 -6.05651 -6.80532 0.0480306 
501 -1.22166 -55.2999 23.1018 -3.99831 -6.63697 0.482453 
502 1.88358 -32.8629 -8.26561 -2.93047 -6.39136 1.95788 
503 4.12404 -31.789 -2.07536 -1.97766 -5.98307 2.23656 
504 6.72743 -30.399 -0.120789 -1.05507 -5.39613 2.41475 
505 8.0383 -26.0653 -0.428453 -0.313136 -4.47017 2.65038 
506 9.63415 -22.19 -0.223334 0.198898 -3.47149 2.37286 
507 11.3708 -18.6326 -0.36019 0.409261 -2.54281 0.970875 
508 12.202 -14.2755 -0.237452 0.51642 -1.63688 0.27683 
509 12.0936 -10.6773 -0.0750757 0.548252 -0.682907 0.209145 
510 11.715 -8.07917 -0.0629974 0.476474 0.224985 0.154719 
511 11.0674 -6.07183 -0.0880669 0.327686 1.05505 0.100432 
512 1.28644 -10.9526 2.95119 0.503943 1.22877 0.0407506 
513 1.78659 -8.98152 0.289594 0.5741 1.46111 -0.0168332 
514 2.19289 -7.91828 -0.30727 0.605842 1.52763 -0.0514204 
515 2.00913 -7.48895 -0.612109 0.635112 1.5322 -0.0695714 
516 0.876221 -6.65209 -0.710919 0.64597 1.53324 -0.0860469 
517 0.117478 -5.89458 -0.653836 0.63658 1.48791 -0.0982138 
518 41.0301 28.203 -3.93664 5.7157 -0.464668 -0.107451 
519 34.055 54.9211 2.59714 4.82175 4.35182 -1.05917 
520 23.5503 29.5234 -33.6605 2.64855 8.4075 -0.980927 
521 -30.294 -23.095 3.08014 3.44732 6.70812 -3.53639 
522 -41.956 -8.24184 -2.08549 2.83209 1.33695 -2.19865 
523 -2.92006 -5.41419 11.8008 1.89871 1.26511 -0.149022 
524 -30.0416 -43.2496 15.5524 -2.4773 0.861819 0.0352463 
525 -17.5107 -25.7333 0.34759 -1.40059 -0.0739333 0.0246395 
526 -9.47343 -20.2897 -1.72073 -0.45853 -0.590528 0.0148244 
527 -4.50286 -16.8175 -1.17702 0.303845 -0.850996 0.00673417 
528 -0.289062 -12.9528 -0.576602 0.868339 -0.896654 0.00146802 
529 1.41147 -9.47973 -0.283965 1.25719 -0.853276 -0.00346717 
530 2.45238 -6.80125 -0.198477 1.51341 -0.762465 -0.00711281 
531 2.27038 -5.06877 0.200922 1.68822 -0.688232 -0.0101247 
532 1.88843 -3.69146 0.295857 1.79996 -0.639847 -0.0126238 
533 1.6543 -2.46577 0.245579 1.85612 -0.608635 -0.0146218 
534 1.31967 -2.29309 -0.132709 1.91327 -0.600699 -0.0163736 
535 -0.699766 -2.91222 -0.272347 1.90659 -0.672559 -0.0217425 
536 0.636949 -2.19951 -0.0767205 1.9774 -0.718122 -0.02099 
537 1.59702 -1.19081 0.585114 2.09609 -0.570473 -0.0583501 
538 2.05497 2.20779 1.17138 2.1575 -0.37219 -0.0987437 
539 4.71579 3.04776 0.710362 2.18395 -0.0458254 -0.137976 
540 7.5938 3.28543 0.983554 2.31937 0.426167 -0.191472 
541 7.31023 3.32318 0.857976 2.35526 0.732456 -0.209843 
542 21.447 16.748 -6.60729 8.31641 -0.76291 -0.146619 
543 13.9609 2.7315 -0.544645 7.60453 0.0786383 -0.147767 
544 10.599 2.74595 0.630088 6.89835 0.733852 -0.153298 
545 7.54073 3.22313 0.606087 6.25265 1.21278 -0.15901 
546 4.8179 3.61646 0.434422 5.66163 1.53603 -0.163102 
547 -5.1569 -2.62298 4.09789 2.86003 2.59185 -0.269323 
548 -1.47328 3.7032 -0.18953 3.0475 2.19818 -0.209516 
549 -1.73378 3.8977 -1.00255 3.25123 1.80379 -0.152945 
550 -2.51544 4.03488 -1.2401 3.46972 1.37807 -0.0971289 
551 -3.27384 4.37917 -1.24519 3.69402 0.918055 -0.0408382 
552 -3.61771 4.99453 -1.02401 3.91118 0.486124 0.00719308 
553 -3.34611 4.38167 -0.438573 3.68593 0.387644 -0.00724851 
554 -2.64439 4.34264 -0.0462639 3.35743 0.317571 -0.021908 
555 -1.9129 4.46947 0.0176026 3.05424 0.277243 -0.0364109 
556 -1.21755 4.56076 0.022633 2.7737 0.265761 -0.050871 
557 -0.586925 4.62035 0.0164044 2.51347 0.280462 -0.0652666 
558 -0.0391385 4.64932 0.00704643 2.27119 0.317772 -0.0794728 
559 14.0599 36.0643 8.45368 0.306336 1.14064 -0.122004 
560 3.90583 22.173 -5.32024 -0.85643 1.34411 -0.125638 
561 0.37051 19.1181 -3.31125 -1.87458 1.37223 -0.119975 
562 -2.24819 16.2214 -2.47449 -2.74734 1.26251 -0.107397 
563 -3.94405 13.6313 -1.89808 -3.49694 1.06351 -0.0907207 
564 -4.87774 11.3578 -1.43771 -4.13715 0.815062 -0.0762574 
565 -5.23537 9.29394 -1.07551 -4.68874 0.546948 -0.0640187 
566 -4.53526 9.12057 -0.285973 -5.2813 0.320487 -0.0499345 
567 -3.6428 8.86732 -0.167731 -5.89525 0.138975 -0.038702 
568 -2.95879 8.14614 -0.257778 -6.51019 -0.00928833 -0.0294445 
569 -2.49117 6.99065 -0.325055 -7.1085 -0.135454 -0.0216762 
570 -2.19589 5.41228 -0.344045 -7.67214 -0.248887 -0.0149908 
571 -1.80326 3.19146 -0.370403 -8.22484 -0.396898 -0.00806726 
572 -1.84997 1.13633 -0.245921 -8.59294 -0.503176 0.00488207 
573 -2.17998 0.970911 0.943701 -8.86613 -0.560894 0.0289557 
574 -1.01926 0.706449 2.21836 -9.0535 -0.513253 0.00712778 
575 -4.41503 -48.5441 32.8297 -6.4871 -0.780502 -0.00357879 
576 5.66315 -30.2339 -12.9198 -4.91488 -0.489568 0.00228198 
577 5.99515 -30.0952 -4.44041 -3.21988 -0.190577 -0.00243315 
578 5.35335 -25.1982 -4.32781 -1.40454 0.0725474 -0.00472813 
579 3.21563 -19.7354 -3.23082 0.0802732 0.219491 -0.00612313 
580 1.7635 -14.2906 -2.75278 1.24368 0.289531 -0.00709643 
581 0.833706 -7.25364 -2.84175 2.34449 0.310969 -0.0075709 
582 13.1946 30.5153 9.76293 1.02746 1.05514 -0.048055 
583 -0.752999 11.5539 -4.13405 0.713792 0.97753 -0.0231308 
584 -0.896836 9.5438 -0.101348 0.484968 0.921185 -0.029404 
585 -1.91632 8.47385 -0.301604 0.292008 0.802907 -0.0281484 
586 -2.25246 7.49139 -0.269207 0.134777 0.67009 -0.0256843 
587 -2.38421 6.30431 -0.355737 0.0259761 0.533307 -0.0241669 
588 -2.23864 5.391 -0.315046 -0.0491375 0.407178 -0.0233017 
589 -1.846 5.97634 -0.561731 -0.000290132 0.303163 -0.0207244 
590 -1.65526 4.5894 -0.237653 -0.072123 0.21162 -0.0203141 
591 -1.34783 3.82563 -0.200481 -0.114864 0.137141 -0.0193858 
592 -1.03094 3.24307 -0.186418 -0.137341 0.0803921 -0.0186341 
593 -0.749906 2.77735 -0.181767 -0.14507 0.0391663 -0.0180464 
594 -3.27405 -39.4993 -1.84049 -3.22658 -0.29759 -0.0222299 
595 -0.91151 -23.5769 -4.08034 -1.42624 -0.349096 -0.0153489 
596 2.64676 -10.956 -0.812127 -0.340734 -0.180894 -0.0170032 
597 2.36212 -5.13129 -1.50826 0.40243 -0.0405879 -0.0178759 
598 2.09425 0.269747 -0.618869 0.815241 0.078764 -0.0164644 
599 1.83456 4.47627 0.0537432 0.96742 0.184028 -0.0149105 
600 8.82567 34.4158 7.1045 2.6936 0.750995 -0.0106273 
601 2.72982 21.7169 -0.755315 1.61561 0.903581 -0.0126007 
602 -2.23987 15.1668 -0.164188 0.887657 0.788787 -0.0126333 
603 -4.44181 11.0444 -0.023374 0.377971 0.558136 -0.0130967 
604 -5.07568 8.30607 0.0290366 0.0113708 0.294745 -0.0128482 
605 -4.85396 6.35946 0.0478616 -0.255318 0.0436184 -0.0123578 
606 -4.19817 4.87822 0.0503572 -0.44752 -0.172752 -0.0118266 
607 -3.35649 3.68725 0.0451126 -0.581039 -0.345046 -0.0113672 
608 -0.0570615 -0.43476 0.733438 -0.495813 -0.33949 -0.00980055 
609 0.456084 -0.493683 -0.0147547 -0.413402 -0.309903 -0.00947378 
610 0.730907 -0.478535 -0.0745847 -0.335726 -0.266376 -0.00927837 
611 0.834921 -0.402782 -0.0798873 -0.265609 -0.217946 -0.00908957 
612 0.827345 -0.290983 -0.0763031 -0.204588 -0.170462 -0.00889685 
613 0.752848 -0.163409 -0.0690989 -0.153166 -0.127379 -0.00869531 
614 0.643637 -0.0344445 -0.0602887 -0.111088 -0.0904423 -0.00848354 
615 0.521823 0.0858773 -0.0510757 -0.0776351 -0.0602265 -0.00826233 
616 0.401787 0.191308 -0.0422208 -0.0518158 -0.0365559 -0.00803366 
617 0.292407 0.280192 -0.0343213 -0.0324437 -0.0187991 -0.00779917 
618 0.197885 0.350439 -0.027407 -0.0184437 -0.0061139 -0.00756155 
619 0.12003 0.404003 -0.0217118 -0.00869422 0.00242267 -0.00732263 
620 -4.52906 -35.7288 -2.67055 -1.9672 -0.32358 -0.00893727 
621 1.0035 -15.0752 -1.0747 -0.769256 -0.255515 -0.00897895 
622 1.5753 -8.72961 -1.69218 0.072776 -0.159613 -0.0116747 
623 2.26999 -2.10252 -0.204369 0.497549 -0.0336761 -0.0106973 
624 8.23607 27.3314 4.36239 1.95249 0.46902 -0.00868031 
625 1.95627 15.0453 0.171594 1.17263 0.575362 -0.00811817 
626 -1.5145 10.3768 0.114737 0.643551 0.497158 -0.00775197 
627 -3.04874 7.43386 0.122864 0.272848 0.33819 -0.00732396 
628 -3.06514 4.93471 0.233735 0.0364715 0.179672 -0.00677824 
629 -2.45318 3.03087 0.232761 -0.0981077 0.054672 -0.00626437 
630 -1.7644 1.871 0.150229 -0.164607 -0.0332471 -0.0058247 
631 -1.16151 1.03805 0.0942576 -0.194787 -0.0889567 -0.0054772 
632 -0.66788 0.521391 0.0490493 -0.19838 -0.118491 -0.00519998 
633 -0.296828 0.208731 0.0175723 -0.186163 -0.128508 -0.00497586 
634 -0.0396314 0.0341878 -0.00286206 -0.165418 -0.125137 -0.00479018 
635 0.12219 -0.0489454 -0.0149724 -0.14105 -0.113479 -0.00463055 
636 0.209756 -0.0737869 -0.0210451 -0.116253 -0.097473 -0.00448778 
637 0.244194 -0.0574359 -0.0234295 -0.0927088 -0.079918 -0.00435499 
638 0.241863 -0.0209017 -0.0229133 -0.0717248 -0.0627443 -0.0042535 
639 0.217043 0.0279458 -0.0210091 -0.0536698 -0.0471015 -0.00417497 
640 0.179302 0.077579 -0.0180639 -0.0388227 -0.0336218 -0.00409532 
641 0.137286 0.128965 -0.015211 -0.0267824 -0.0224933 -0.00401472 
642 0.0950694 0.174172 -0.0121664 -0.0174741 -0.0136929 -0.00393271 
643 0.0559487 0.212843 -0.00936813 -0.0105149 -0.00702842 -0.00385169 
644 0.0223254 0.247468 -0.00720723 -0.00536396 -0.00218457 -0.00377086 
645 -0.00598378 0.273647 -0.00521085 -0.0018445 0.00113802 -0.00368972 
646 -0.0287012 0.293025 -0.00362822 0.000424682 0.00324915 -0.00360867 
647 -0.0509289 0.277727 -0.000208564 0.000484129 0.00415071 -0.00352184 
648 -0.0638447 0.275005 0.000173066 0.000688519 0.00437358 -0.0034364 
649 -0.0710733 0.275189 0.000295374 0.000885329 0.00422295 -0.00335247 
650 -0.074836 0.276408 0.000345833 0.00101983 0.00388398 -0.00327025 
651 -0.0764984 0.277777 0.000347542 0.00108451 0.00346813 -0.00318981 
652 -0.0769101 0.278919 0.000314025 0.00109175 0.00304118 -0.00311122 
653 -0.0766066 0.279728 0.00025757 0.00105942 0.00264017 -0.00303445 
654 -0.0759266 0.280216 0.000188337 0.00100463 0.00228407 -0.0029595 
655 -0.0750845 0.280449 0.00011444 0.000940825 0.00198052 -0.00288632 
656 -0.0742128 0.280501 4.15809e-05 0.000877561 0.00173021 -0.00281489 
657 -0.0733907 0.28044 -2.62636e-05 0.000820642 0.00152972 -0.00274515 
658 -0.0726612 0.280319 -8.69059e-05 0.000773153 0.00137352 -0.00267707 
659 -0.0720441 0.280178 -0.000139165 0.000735971 0.00125511 -0.00261059 
660 -0.0715434 0.280041 -0.000182951 0.000708771 0.0011679 -0.00254566 
661 -0.0711538 0.279926 -0.000218557 0.000690294 0.00110569 -0.00248226 
662 -0.0708643 0.279838 -0.000246852 0.000679063 0.00106294 -0.00242033 
663 -0.0706615 0.279781 -0.000268687 0.000673368 0.00103486 -0.00235983 
664 -0.0705308 0.279751 -0.000285181 0.00067175 0.00101752 -0.00230073 
665 -0.0704587 0.279747 -0.000297219 0.000672798 0.00100773 -0.00224298 
666 -0.0704323 0.279762 -0.000305817 0.000675495 0.001003 -0.00218657 
667 -0.0704408 0.279795 -0.00031167 0.000678919 0.00100145 -0.00213144 
668 -0.0704749 0.279837 -0.000315558 0.000682528 0.00100172 -0.00207758 
669 -0.0705271 0.27989 -0.000317933 0.000685826 0.00100282 -0.00202495 
670 -0.0705914 0.279945 -0.00031934 0.000688628 0.00100413 -0.00197352 
671 -0.0706634 0.280005 -0.000320016 0.000690724 0.00100522 -0.00192327 
672 -0.0707396 0.280065 -0.000320319 0.000692145 0.00100589 -0.00187416 
673 -0.0708178 0.280126 -0.00032033 0.000692836 0.00100601 -0.00182618 
674 -0.0708962 0.280184 -0.000320279 0.000692932 0.00100559 -0.00177929 
675 -0.070974 0.280242 -0.000320147 0.000692441 0.00100465 -0.00173347 
676 -0.0710504 0.280297 -0.00032009 0.000691528 0.00100327 -0.0016887 
677 -0.0711254 0.280351 -0.00032003 0.00069021 0.00100151 -0.00164494 
678 -0.0711986 0.280403 -0.000320083 0.000688647 0.000999477 -0.00160219 
679 -0.0712705 0.280454 -0.000320147 0.00068684 0.000997225 -0.00156042 
680 -0.0713408 0.280503 -0.00032032 0.000684927 0.000994833 -0.0015196 
681 -0.0714101 0.280552 -0.000320489 0.000682886 0.000992348 -0.00147971 
682 -0.0714783 0.280599 -0.000320748 0.000680834 0.000989825 -0.00144074 
683 -0.0715458 0.280646 -0.000320984 0.000678727 0.000987289 -0.00140265 
684 -0.0716126 0.280692 -0.000321291 0.000676666 0.000984774 -0.00136544 
685 -0.071679 0.280738 -0.000321558 0.000674589 0.000982291 -0.00132907 
686 -0.071745 0.280783 -0.000321883 0.000672585 0.000979859 -0.00129354 
687 -0.0718108 0.280829 -0.000322156 0.000670584 0.000977477 -0.00125882 
688 -0.0718763 0.280873 -0.000322479 0.000668665 0.000975157 -0.0012249 
689 -0.0719417 0.280919 -0.000322757 0.000666768 0.000972894 -0.00119175 
690 -0.0720071 0.280964 -0.000323032 0.000664905 0.000970684 -0.00115936 
691 -0.0720722 0.281008 -0.000323338 0.000663123 0.000968534 -0.00112771 
692 -0.0721374 0.281053 -0.000323585 0.000661344 0.000966433 -0.00109678 
693 -0.0722024 0.281097 -0.000323876 0.000659643 0.000964387 -0.00106656 
694 -0.0722675 0.281142 -0.000324109 0.000657943 0.000962383 -0.00103704 
695 -0.0723323 0.281186 -0.000324389 0.000656315 0.000960427 -0.00100819 
696 -0.0723973 0.281231 -0.000324611 0.000654684 0.000958509 -0.000979998 
697 -0.0724621 0.281275 -0.00032488 0.000653123 0.000956635 -0.000952454 
698 -0.0725269 0.28132 -0.000325093 0.000651555 0.000954795 -0.00092554 
699 -0.0725915 0.281364 -0.000325355 0.000650054 0.000952995 -0.000899243 
700 -0.0726562 0.281409 -0.00032556 0.000648543 0.000951225 -0.000873548 
701 -0.0727206 0.281452 -0.000325816 0.000647098 0.000949494 -0.000848441 
702 -0.0727851 0.281497 -0.000326016 0.000645642 0.00094779 -0.000823909 
703 -0.0728494 0.28154 -0.000326267 0.00064425 0.000946123 -0.00079994 
704 -0.0729138 0.281585 -0.000326463 0.000642845 0.000944482 -0.00077652 
705 -0.0729779 0.281628 -0.000326709 0.000641503 0.000942876 -0.000753636 
706 -0.0730421 0.281672 -0.000326901 0.000640148 0.000941296 -0.000731277 
707 -0.0731061 0.281715 -0.000327144 0.000638854 0.000939749 -0.00070943 
708 -0.0731702 0.28176 -0.000327332 0.000637546 0.000938225 -0.000688084 
709 -0.073234 0.281803 -0.000327572 0.000636299 0.000936735 -0.000667228 
710 -0.0732979 0.281847 -0.000327757 0.000635037 0.000935267 -0.000646849 
711 -0.0733616 0.28189 -0.000327993 0.000633834 0.000933831 -0.000626939 
712 -0.0734253 0.281934 -0.000328175 0.000632616 0.000932417 -0.000607484 
713 -0.0734888 0.281977 -0.000328408 0.000631457 0.000931034 -0.000588476 
714 -0.0735525 0.282021 -0.000328587 0.000630281 0.000929671 -0.000569904 
715 -0.0736159 0.282063 -0.000328818 0.000629163 0.000928338 -0.000551758 
716 -0.0736793 0.282107 -0.000328994 0.000628029 0.000927025 -0.000534029 
717 -0.0737426 0.282149 -0.000329221 0.000626951 0.000925741 -0.000516706 
718 -0.073806 0.282193 -0.000329395 0.000625856 0.000924476 -0.000499781 
719 -0.0738691 0.282236 -0.00032962 0.000624817 0.000923238 -0.000483245 
720 -0.0739323 0.282279 -0.00032979 0.00062376 0.000922019 -0.000467088 
721 -0.0739953 0.282321 -0.000330012 0.000622758 0.000920826 -0.000451303 
722 -0.0740584 0.282365 -0.000330181 0.000621738 0.000919651 -0.000435879 
723 -0.0741213 0.282407 -0.0003304 0.000620772 0.000918502 -0.000420811 
724 -0.0741843 0.28245 -0.000330566 0.000619786 0.000917369 -0.000406088 
725 -0.0742471 0.282492 -0.000330783 0.000618855 0.000916261 -0.000391704 
726 -0.07431 0.282536 -0.000330946 0.000617903 0.00091517 -0.00037765 
727 -0.0743727 0.282578 -0.000331161 0.000617005 0.000914102 -0.000363919 
728 -0.0744354 0.282621 -0.000331322 0.000616086 0.000913049 -0.000350503 
729 -0.074498 0.282663 -0.000331535 0.00061522 0.00091202 -0.000337397 
730 -0.0745607 0.282706 -0.000331693 0.000614332 0.000911005 -0.000324591 
731 -0.0746231 0.282748 -0.000331904 0.000613497 0.000910013 -0.00031208 
732 -0.0746857 0.282791 -0.00033206 0.000612639 0.000909034 -0.000299857 
733 -0.0747481 0.282832 -0.000332269 0.000611833 0.000908077 -0.000287915 
734 -0.0748105 0.282875 -0.000332423 0.000611004 0.000907134 -0.000276248 
735 -0.0925527 0.342189 0.00240472 -0.00258553 -5.64378e-05 -0.000263814 
736 -0.0766912 0.281717 -0.00016359 -0.00254406 -0.000159381 -0.000251998 
737 -0.0743375 0.27702 -0.000516876 -0.00225832 -0.000135625 -0.000241096 
738 -0.0740068 0.27702 -0.000540427 -0.00197987 -9.44724e-05 -0.000230514 
739 -0.0739431 0.277394 -0.000528888 -0.0017279 -5.01717e-05 -0.00022019 
740 -0.0739245 0.277766 -0.000514481 -0.00150148 -4.97426e-06 -0.000210112 
741 -0.073923 0.278103 -0.000500617 -0.00129803 4.03754e-05 -0.000200271 
742 -0.0739341 0.27841 -0.000487553 -0.00111519 8.53747e-05 -0.000190661 
743 -0.0739553 0.278686 -0.000475389 -0.000950749 0.00012965 -0.000181276 
744 -0.0739854 0.278938 -0.000464024 -0.000802832 0.000172891 -0.00017211 
745 -0.0740226 0.279166 -0.000453506 -0.000669669 0.000214875 -0.000163158 
746 -0.0740662 0.279375 -0.000443719 -0.00054978 0.000255418 -0.000154414 
747 -0.0741147 0.279564 -0.000434703 -0.000441743 0.000294401 -0.000145874 
748 -0.0741677 0.279739 -0.000426336 -0.000344392 0.000331728 -0.000137531 
749 -0.0742241 0.279899 -0.000418656 -0.000256581 0.000367353 -0.000129381 
750 -0.0742836 0.280047 -0.000411541 -0.000177388 0.00040124 -0.00012142 
751 -0.0743452 0.280182 -0.000405031 -0.000105889 0.000433394 -0.000113642 
752 -0.074409 0.280309 -0.000399005 -4.13562e-05 0.000463818 -0.000106044 
753 -0.0744741 0.280426 -0.000393508 1.69609e-05 0.000492551 -9.86218e-05 
754 -0.0745406 0.280536 -0.000388421 6.96341e-05 0.00051962 -9.13703e-05 
755 -0.0746078 0.280637 -0.000383793 0.000117277 0.000545085 -8.42861e-05 
756 -0.0746759 0.280734 -0.00037951 0.000160337 0.000568989 -7.7365e-05 
757 -0.0747443 0.280823 -0.000375625 0.000199319 0.000591402 -7.06035e-05 
758 -0.0748132 0.280909 -0.000372027 0.000234573 0.000612377 -6.39977e-05 
759 -0.0748821 0.280989 -0.000368772 0.000266514 0.000631988 -5.75442e-05 
760 -0.0749513 0.281066 -0.000365756 0.000295414 0.000650292 -5.12392e-05 
761 -0.0750203 0.281139 -0.000363036 0.00032162 0.000667363 -4.50797e-05 
762 -0.0750893 0.281209 -0.000360512 0.000345341 0.000683259 -3.90619e-05 
763 -0.0751581 0.281276 -0.000358245 0.000366867 0.000698052 -3.3183e-05 
764 -0.0752268 0.28134 -0.000356137 0.000386358 0.000711798 -2.74394e-05 
765 -0.0752951 0.281402 -0.000354253 0.000404057 0.000724565 -2.18284e-05 
766 -0.0753633 0.281462 -0.000352496 0.000420086 0.000736404 -1.63467e-05 
767 -0.0754311 0.28152 -0.000350934 0.000434652 0.000747382 -1.09915e-05 
768 -0.0754987 0.281577 -0.000349473 0.000447843 0.000757542 -5.75982e-06 
769 -0.0755659 0.281631 -0.000348183 0.000459838 0.000766947 -6.48973e-07 
770 -0.075633 0.281685 -0.000346972 0.000470699 0.000775637 4.34399e-06 
771 -0.0756995 0.281737 -0.000345911 0.000480582 0.000783669 9.22152e-06 
772 -0.075766 0.281788 -0.00034491 0.000489527 0.000791077 1.39865e-05 
773 -0.075832 0.281838 -0.000344043 0.000497672 0.000797912 1.86412e-05 
774 -0.0758978 0.281888 -0.000343219 0.00050504 0.000804206 2.31885e-05 
775 -0.0759632 0.281936 -0.000342514 0.000511752 0.000810006 2.76304e-05 
776 -0.0760285 0.281984 -0.000341839 0.000517818 0.000815336 3.19698e-05 
777 -0.0760934 0.28203 -0.000341271 0.000523348 0.00082024 3.62085e-05 
778 -0.0761582 0.282077 -0.000340722 0.00052834 0.000824739 4.03493e-05 
779 -0.0762225 0.282123 -0.000340268 0.000532893 0.000828871 4.43941e-05 
780 -0.0762868 0.282169 -0.000339825 0.000536997 0.000832655 4.83452e-05 
781 -0.0763508 0.282213 -0.000339469 0.000540743 0.000836124 5.22047e-05 
782 -0.0764146 0.282258 -0.000339114 0.000544111 0.000839294 5.59748e-05 
783 -0.0764781 0.282302 -0.00033884 0.000547188 0.000842195 5.96574e-05 
784 -0.0765416 0.282346 -0.00033856 0.000549948 0.000844839 6.32547e-05 
785 -0.0766047 0.282389 -0.000338355 0.000552471 0.000847254 6.67683e-05 
786 -0.0766679 0.282433 -0.000338138 0.000554726 0.000849449 7.02005e-05 
787 -0.0767306 0.282475 -0.00033799 0.00055679 0.00085145 7.35528e-05 
788 -0.0767935 0.282519 -0.000337827 0.000558627 0.000853263 7.68274e-05 
789 -0.0768559 0.282561 -0.000337728 0.000560309 0.00085491 8.00258e-05 
790 -0.0769185 0.282603 -0.000337609 0.000561799 0.000856397 8.31499e-05 
791 -0.0769807 0.282645 -0.000337551 0.000563165 0.000857745 8.62012e-05 
792 -0.077043 0.282688 -0.00033747 0.000564367 0.000858955 8.91817e-05 
793 -0.077105 0.282729 -0.000337446 0.00056547 0.000860048 9.20927e-05 
794 -0.077167 0.282771 -0.000337397 0.000566432 0.000861024 9.4936e-05 
795 -0.0772288 0.282812 -0.000337402 0.000567318 0.000861902 9.77129e-05 
796 -0.0772906 0.282854 -0.000337379 0.000568082 0.00086268 0.000100425 
797 -0.0773522 0.282895 -0.000337409 0.000568786 0.000863376 0.000103074 
798 -0.0774139 0.282937 -0.000337408 0.000569386 0.000863987 0.000105662 
799 -0.0774753 0.282978 -0.000337458 0.00056994 0.000864529 0.000108189 
800 -0.0775368 0.283019 -0.000337477 0.000570403 0.000865 0.000110657 
801 -0.0775981 0.28306 -0.000337544 0.000570833 0.000865413 0.000113067 
802 -0.0776594 0.283101 -0.000337578 0.000571182 0.000865765 0.000115421 
803 -0.0777206 0.283142 -0.00033766 0.000571509 0.000866071 0.00011772 
804 -0.0777818 0.283183 -0.000337708 0.000571765 0.000866324 0.000119966 
805 -0.0778428 0.283223 -0.000337802 0.000572007 0.000866539 0.000122158 
806 -0.077904 0.283264 -0.00033786 0.000572185 0.000866709 0.0001243 
807 -0.0779649 0.283305 -0.000337964 0.000572357 0.000866849 0.000126392 
808 -0.0780259 0.283346 -0.000338032 0.000572471 0.000866951 0.000128434 
809 -0.0780867 0.283386 -0.000338145 0.000572585 0.000867027 0.000130429 
810 -0.0781477 0.283427 -0.000338221 0.000572647 0.000867072 0.000132377 
811 -0.0782084 0.283467 -0.000338341 0.000572713 0.000867097 0.000134279 
812 -0.0782692 0.283508 -0.000338423 0.000572732 0.000867095 0.000136137 
813 -0.0783299 0.283548 -0.000338549 0.000572759 0.000867077 0.000137951 
814 -0.0783907 0.283588 -0.000338636 0.000572743 0.000867037 0.000139723 
815 -0.0784513 0.283628 -0.000338767 0.000572738 0.000866984 0.000141453 
816 -0.078512 0.283669 -0.000338859 0.000572693 0.000866912 0.000143143 
817 -0.0785725 0.283709 -0.000338995 0.000572663 0.00086683 0.000144792 
818 -0.0786331 0.28375 -0.000339091 0.000572595 0.000866733 0.000146404 
819 -0.0786936 0.283789 -0.000339229 0.000572544 0.000866629 0.000147977 
820 -0.0787542 0.28383 -0.000339328 0.000572457 0.00086651 0.000149513 
821 -0.0788146 0.28387 -0.00033947 0.00057239 0.000866388 0.000151013 
822 -0.0788752 0.28391 -0.000339571 0.000572288 0.000866254 0.000152478 
823 -0.0789355 0.28395 -0.000339715 0.000572208 0.000866117 0.000153908 
824 -0.078996 0.283991 -0.000339819 0.000572095 0.00086597 0.000155305 
825 -0.0790563 0.28403 -0.000339965 0.000572004 0.000865822 0.000156668 
826 -0.0791168 0.284071 -0.000340071 0.000571882 0.000865665 0.000158 
827 -0.079177 0.28411 -0.000340218 0.000571783 0.000865509 0.0001593 
828 -0.0792375 0.284151 -0.000340325 0.000571655 0.000865345 0.00016057 
829 -0.0792977 0.28419 -0.000340474 0.000571551 0.000865183 0.000161809 
830 -0.0793581 0.284231 -0.000340582 0.000571417 0.000865014 0.00016302 
831 -0.0794183 0.28427 -0.000340732 0.000571309 0.000864848 0.000164201 
832 -0.0794786 0.284311 -0.000340841 0.000571172 0.000864675 0.000165355 
833 -0.0795388 0.28435 -0.000340992 0.000571061 0.000864507 0.000166481 
834 -0.0795991 0.284391 -0.000341102 0.000570922 0.000864332 0.000167581 
835 -0.0796592 0.28443 -0.000341253 0.000570809 0.000864162 0.000168655 
836 -0.0797195 0.284471 -0.000341364 0.000570669 0.000863987 0.000169704 
837 -0.0797796 0.28451 -0.000341516 0.000570555 0.000863817 0.000170727 
838 -0.0798398 0.284551 -0.000341627 0.000570415 0.000863642 0.000171726 
