0 0 0 0 -0 -0.00014883 0 -0.037
0 4.2499e-07 0 8.50369e-05 -0 -0.00014883 0 -0.037
0 1.70235e-06 0 0.00017056 -0 -0.00014883 0 -0.037
0 3.83942e-06 0 0.000257056 -0 -0.00014883 0 -0.037
0 6.84838e-06 0 0.000345021 -0 -0.00014883 0 -0.037
0 1.07464e-05 0 0.000434956 -0 -0.00014883 0 -0.037
0 1.55558e-05 0 0.000527375 -0 -0.00014883 0 -0.037
0 2.13039e-05 0 0.000622806 -0 -0.00014883 0 -0.037
0 2.80237e-05 0 0.000721794 -0 -0.00014883 0 -0.037
0 3.57535e-05 0 0.000824904 -0 -0.00014883 0 -0.037
0 4.45375e-05 0 0.000932725 -0 -0.00014883 0 -0.037
0 5.44258e-05 0 0.00104587 -0 -0.00014883 0 -0.037
0 6.54749e-05 0 0.00116499 -0 -0.00014883 0 -0.037
0 7.77478e-05 0 0.00129077 -0 -0.00014883 0 -0.037
0 9.13148e-05 0 0.00142391 -0 -0.00014883 0 -0.037
0 0.000106253 0 0.00156519 -0 -0.00014883 0 -0.037
0 0.000122648 0 0.00171541 -0 -0.00014883 0 -0.037
0 0.000140594 0 0.00187542 -0 -0.00014883 0 -0.037
0 0.000160192 0 0.00204614 -0 -0.00014883 0 -0.037
0 0.000181556 0 0.00222855 -0 -0.00014883 0 -0.037
0 0.000204806 0 0.00242369 -0 -0.00014883 0 -0.037
0 0.000230076 0 0.00263267 -0 -0.00014883 0 -0.037
0 0.000257509 0 0.00285668 -0 -0.00014883 0 -0.037
0 0.000287264 0 0.00309701 -0 -0.00014883 0 -0.037
0 0.000319508 0 0.00335502 -0 -0.00014883 0 -0.037
0 0.000354428 0 0.00363219 -0 -0.00014883 0 -0.037
0 0.000392221 0 0.00393011 -0 -0.00014883 0 -0.037
0 0.000433105 0 0.00425048 -0 -0.00014883 0 -0.037
0 0.000477312 0 0.00459511 -0 -0.00014883 0 -0.037
0 0.000525094 0 0.00496599 -0 -0.00014883 0 -0.037
0 0.000576726 0 0.00536523 -0 -0.00014883 0 -0.037
0 0.000632501 0 0.00579511 -0 -0.00014883 0 -0.037
0 0.000692738 0 0.00625809 -0 -0.00014883 0 -0.037
0 0.000757782 0 0.0067568 -0 -0.00014883 0 -0.037
0 0.000828003 0 0.00729411 -0 -0.00014883 0 -0.037
0 0.000903803 0 0.00787307 -0 -0.00014883 0 -0.037
0 0.000985614 0 0.00849699 -0 -0.00014883 0 -0.037
0 0.0010739 0 0.00916944 -0 -0.00014883 0 -0.037
0 0.00116918 0 0.00989426 -0 -0.00014883 0 -0.037
0 0.00127198 0 0.0106756 -0 -0.00014883 0 -0.037
0 0.00138289 0 0.0115179 -0 -0.00014883 0 -0.037
0 0.00150255 0 0.0124259 -0 -0.00014883 0 -0.037
0 0.00163165 0 0.013405 -0 -0.00014883 0 -0.037
0 0.00177091 0 0.0144606 -0 -0.00014883 0 -0.037
0 0.00192113 0 0.0155987 -0 -0.00014883 0 -0.037
0 0.00208318 0 0.016826 -0 -0.00014883 0 -0.037
0 0.00225797 0 0.0181493 -0 -0.00014883 0 -0.037
0 0.00244651 0 0.0195763 -0 -0.00014883 0 -0.037
0 0.00264987 0 0.0211151 -0 -0.00014883 0 -0.037
0 0.00286922 0 0.0227745 -0 -0.00014883 0 -0.037
0 0.0031058 0 0.024564 -0 -0.00014883 0 -0.037
0 0.00336096 0 0.0264937 -0 -0.00014883 0 -0.037
0 0.00363617 0 0.0285747 -0 -0.00014883 0 -0.037
0 0.003933 0 0.030819 -0 -0.00014883 0 -0.037
0 0.00425314 0 0.0332392 -0 -0.00014883 0 -0.037
0 0.00459842 0 0.0358493 -0 -0.00014883 0 -0.037
0 0.00497081 0 0.0386641 -0 -0.00014883 0 -0.037
0 0.00537243 0 0.0416997 -0 -0.00014883 0 -0.037
0 0.00580559 0 0.0449734 -0 -0.00014883 0 -0.037
0 0.00627276 0 0.048504 -0 -0.00014883 0 -0.037
0 0.0067766 0 0.0523116 -0 -0.00014883 0 -0.037
0 0.00731999 0 0.056418 -0 -0.00014883 0 -0.037
0 0.00790603 0 0.0608465 -0 -0.00014883 0 -0.037
0 0.00853807 0 0.0656226 -0 -0.00014883 0 -0.037
0 0.00921973 0 0.0707734 -0 -0.00014883 0 -0.037
0 0.00995489 0 0.0763284 -0 -0.00014883 0 -0.037
0 0.0107478 0 0.0823193 -0 -0.00014883 0 -0.037
0 0.0116028 0 0.0887804 -0 -0.00014883 0 -0.037
0 0.012525 0 0.0957484 -0 -0.00014883 0 -0.037
0 0.0135196 0 0.103263 -0 -0.00014883 0 -0.037
0 0.0145923 0 0.111368 -0 -0.00014883 0 -0.037
0 0.0157491 0 0.120108 -0 -0.00014883 0 -0.037
0 0.0169967 0 0.129535 -0 -0.00014883 0 -0.037
0 0.0183423 0 0.139701 -0 -0.00014883 0 -0.037
0 0.0197934 0 0.150666 -0 -0.00014883 0 -0.037
0 0.0213584 0 0.16249 -0 -0.00014883 0 -0.037
0 0.0230463 0 0.175243 -0 -0.00014883 0 -0.037
0 0.0248666 0 0.188996 -0 -0.00014883 0 -0.037
0 0.0268298 0 0.203829 -0 -0.00014883 0 -0.037
0 0.0289471 0 0.219826 -0 -0.00014883 0 -0.037
0 0.0312305 0 0.237078 -0 0.0628027 0 0.037
0 0.0335134 0 0.219715 -0 0.0628027 0 0.037
0 0.035629 0 0.203608 -0 0.0628027 0 0.037
0 0.0375894 0 0.188663 -0 0.0628027 0 0.037
0 0.0394058 0 0.174796 -0 0.0628027 0 0.037
0 0.0410887 0 0.161926 -0 0.0628027 0 0.037
0 0.0426475 0 0.149982 -0 0.0628027 0 0.037
0 0.0440912 0 0.138894 -0 0.0628027 0 0.037
0 0.045428 0 0.1286 -0 0.0628027 0 0.037
0 0.0466656 0 0.119039 -0 0.0628027 0 0.037
0 0.047811 0 0.110159 -0 0.0628027 0 0.037
0 0.0488709 0 0.101908 -0 0.0628027 0 0.037
0 0.0498511 0 0.0942387 -0 0.0628027 0 0.037
0 0.0507574 0 0.0871077 -0 0.0628027 0 0.037
0 0.051595 0 0.0804741 -0 0.0628027 0 0.037
0 0.0523685 0 0.0743001 -0 0.0628027 0 0.037
0 0.0530824 0 0.0685505 -0 0.0628027 0 0.037
0 0.0537408 0 0.0631923 -0 0.0628027 0 0.037
0 0.0543474 0 0.058195 -0 0.0628027 0 0.037
0 0.0549058 0 0.0535301 -0 0.0628027 0 0.037
0 0.055419 0 0.049171 -0 0.0628027 0 0.037
0 0.0558901 0 0.0450925 -0 0.0628027 0 0.037
0 0.0563217 0 0.0412717 -0 0.0628027 0 0.037
0 0.0567164 0 0.0376865 -0 0.0628027 0 0.037
0 0.0570762 0 0.0343166 -0 0.0628027 0 0.037
0 0.0574033 0 0.0311425 -0 0.0628027 0 0.037
0 0.0576996 0 0.0281464 -0 0.0628027 0 0.037
0 0.0579668 0 0.0253111 -0 0.0628027 0 0.037
0 0.0582064 0 0.0226203 -0 0.0628027 0 0.037
0 0.0584196 0 0.0200587 -0 0.0628027 0 0.037
0 0.0586079 0 0.0176115 -0 0.0628027 0 0.037
0 0.0587722 0 0.015265 -0 0.0628027 0 0.037
0 0.0589135 0 0.0130058 -0 0.0628027 0 0.037
0 0.0590326 0 0.0108209 -0 0.0628027 0 0.037
0 0.0591301 0 0.00869747 -0 0.0628027 0 0.037
0 0.0592067 0 0.0066239 -0 0.0628027 0 0.037
0 0.0592627 0 0.00458827 -0 0.0628027 0 0.037
0 0.0592985 0 0.00257896 -0 0.0628027 0 0.037
0 0.0593144 0 0.000583737 -0 0.0628027 0 0.037
0 0.0593103 0 -0.00140774 -0 0.0628027 0 0.037
0 0.0592862 0 -0.00340714 -0 0.0628027 0 0.037
0 0.059242 0 -0.00542592 -0 0.0628027 0 0.037
0 0.0591775 0 -0.00747577 -0 0.0628027 0 0.037
0 0.0590923 0 -0.00956849 -0 0.0628027 0 0.037
0 0.058986 0 -0.0117157 -0 0.0628027 0 0.037
0 0.0588578 0 -0.0139302 -0 0.0628027 0 0.037
0 0.0587072 0 -0.0162243 -0 0.0628027 0 0.037
0 0.058533 0 -0.0186099 -0 0.0628027 0 0.037
0 0.0583346 0 -0.0211031 -0 0.0628027 0 0.037
0 0.0581105 0 -0.0237158 -0 0.0628027 0 0.037
0 0.0578598 0 -0.0264648 -0 0.0628027 0 0.037
0 0.0575807 0 -0.0293643 -0 0.0628027 0 0.037
0 0.0572719 0 -0.0324321 -0 0.0628027 0 0.037
0 0.0569315 0 -0.0356847 -0 0.0628027 0 0.037
0 0.0565575 0 -0.0391413 -0 0.0628027 0 0.037
0 0.056148 0 -0.0428217 -0 0.0628027 0 0.037
0 0.0557002 0 -0.0467453 -0 0.0628027 0 0.037
0 0.055212 0 -0.0509366 -0 0.0628027 0 0.037
0 0.0546807 0 -0.0554207 -0 0.0628027 0 0.037
0 0.0541027 0 -0.0602193 -0 0.0628027 0 0.037
0 0.0534749 0 -0.0653612 -0 0.0628027 0 0.037
0 0.0527943 0 -0.0708792 -0 0.0628027 0 0.037
0 0.0520561 0 -0.0767992 -0 0.0628027 0 0.037
0 0.0512567 0 -0.0831585 -0 0.0628027 0 0.037
0 0.0503914 0 -0.0899935 -0 0.0628027 0 0.037
0 0.049455 0 -0.0973405 -0 0.0628027 0 0.037
0 0.0484425 0 -0.105244 -0 0.0628027 0 0.037
0 0.0473482 0 -0.113751 -0 0.0628027 0 0.037
0 0.0461657 0 -0.122907 -0 0.0628027 0 0.037
0 0.0448874 0 -0.132761 -0 0.0628027 0 0.037
0 0.0435077 0 -0.143378 -0 0.0628027 0 0.037
0 0.0420174 0 -0.154812 -0 0.0628027 0 0.037
0 0.0404088 0 -0.167132 -0 0.0628027 0 0.037
0 0.0386716 0 -0.180402 -0 0.0628027 0 0.037
0 0.0367973 0 -0.194708 -0 0.0628027 0 0.037
0 0.0347742 0 -0.210123 -0 0.0628027 0 0.037
0 0.0325908 0 -0.226736 -0 0.0628027 0 0.037
0 0.0302353 0 -0.244649 -0 0.0628027 0 0.037
0 0.0276935 0 -0.263955 -0 0.0628027 0 0.037
0 0.0249506 0 -0.284765 -0 0.0628027 0 0.037
0 0.0219921 0 -0.307205 -0 -0.018831 0 -0.037
0 0.0190337 0 -0.284757 -0 -0.018831 0 -0.037
0 0.0162915 0 -0.263935 -0 -0.018831 0 -0.037
0 0.0137499 0 -0.244621 -0 -0.018831 0 -0.037
0 0.0113944 0 -0.226704 -0 -0.018831 0 -0.037
0 0.00921155 0 -0.210081 -0 -0.018831 0 -0.037
0 0.00718882 0 -0.194658 -0 -0.018831 0 -0.037
0 0.00531468 0 -0.180347 -0 -0.018831 0 -0.037
0 0.00357844 0 -0.167066 -0 -0.018831 0 -0.037
0 0.00197018 0 -0.154739 -0 -0.018831 0 -0.037
0 0.000480719 0 -0.143296 -0 -0.018831 0 -0.037
0 -0.000898461 0 -0.132671 -0 -0.018831 0 -0.037
0 -0.00217522 0 -0.122803 -0 -0.018831 0 -0.037
0 -0.00335687 0 -0.113637 -0 -0.018831 0 -0.037
0 -0.00445013 0 -0.10512 -0 -0.018831 0 -0.037
0 -0.00546128 0 -0.0972038 -0 -0.018831 0 -0.037
0 -0.00639606 0 -0.0898423 -0 -0.018831 0 -0.037
0 -0.00725983 0 -0.0829939 -0 -0.018831 0 -0.037
0 -0.00805752 0 -0.0766194 -0 -0.018831 0 -0.037
0 -0.00879369 0 -0.0706825 -0 -0.018831 0 -0.037
0 -0.00947251 0 -0.0651494 -0 -0.018831 0 -0.037
0 -0.0100979 0 -0.0599882 -0 -0.018831 0 -0.037
0 -0.0106734 0 -0.0551697 -0 -0.018831 0 -0.037
0 -0.0112023 0 -0.0506662 -0 -0.018831 0 -0.037
0 -0.0116877 0 -0.0464521 -0 -0.018831 0 -0.037
0 -0.0121323 0 -0.0425032 -0 -0.018831 0 -0.037
0 -0.0125386 0 -0.0387971 -0 -0.018831 0 -0.037
0 -0.012909 0 -0.0353126 -0 -0.018831 0 -0.037
0 -0.0132455 0 -0.0320298 -0 -0.018831 0 -0.037
0 -0.0135502 0 -0.0289299 -0 -0.018831 0 -0.037
0 -0.0138247 0 -0.025995 -0 -0.018831 0 -0.037
0 -0.0140706 0 -0.0232088 -0 -0.018831 0 -0.037
0 -0.0142893 0 -0.0205552 -0 -0.018831 0 -0.037
0 -0.014482 0 -0.018019 -0 -0.018831 0 -0.037
0 -0.01465 0 -0.0155854 -0 -0.018831 0 -0.037
0 -0.0147941 0 -0.013241 -0 -0.018831 0 -0.037
0 -0.0149151 0 -0.0109723 -0 -0.018831 0 -0.037
0 -0.0150137 0 -0.00876648 -0 -0.018831 0 -0.037
0 -0.0150906 0 -0.00660988 -0 -0.018831 0 -0.037
0 -0.0151461 0 -0.00449156 -0 -0.018831 0 -0.037
0 -0.0151805 0 -0.00239904 -0 -0.018831 0 -0.037
0 -0.0151941 0 -0.000320335 -0 -0.018831 0 -0.037
0 -0.0151869 0 0.00175666 -0 -0.018831 0 -0.037
0 -0.0151589 0 0.00384391 -0 -0.018831 0 -0.037
0 -0.0151099 0 0.00595295 -0 -0.018831 0 -0.037
0 -0.0150397 0 0.00809645 -0 -0.018831 0 -0.037
0 -0.0149479 0 0.0102862 -0 -0.018831 0 -0.037
0 -0.0148337 0 0.0125332 -0 -0.018831 0 -0.037
0 -0.014697 0 0.0148536 -0 -0.018831 0 -0.037
0 -0.0145364 0 0.0172574 -0 -0.018831 0 -0.037
0 -0.0143514 0 0.0197609 -0 -0.018831 0 -0.037
0 -0.0141408 0 0.0223764 -0 -0.018831 0 -0.037
0 -0.0139035 0 0.0251205 -0 -0.018831 0 -0.037
0 -0.0136379 0 0.0280075 -0 -0.018831 0 -0.037
0 -0.0133428 0 0.0310547 -0 -0.018831 0 -0.037
0 -0.0130163 0 0.0342797 -0 -0.018831 0 -0.037
0 -0.0126564 0 0.0376986 -0 -0.018831 0 -0.037
0 -0.0122614 0 0.0413338 -0 -0.018831 0 -0.037
0 -0.0118292 0 0.0452076 -0 -0.018831 0 -0.037
0 -0.0113566 0 0.0493369 -0 -0.018831 0 -0.037
0 -0.0108413 0 0.0537472 -0 -0.018831 0 -0.037
0 -0.0102808 0 0.058468 -0 -0.018831 0 -0.037
0 -0.00967096 0 0.0635191 -0 -0.018831 0 -0.037
0 -0.00900897 0 0.068934 -0 -0.018831 0 -0.037
0 -0.00829101 0 0.0747435 -0 -0.018831 0 -0.037
0 -0.00751254 0 0.0809774 -0 -0.018831 0 -0.037
0 -0.00666958 0 0.087675 -0 -0.018831 0 -0.037
0 -0.00575752 0 0.0948759 -0 -0.018831 0 -0.037
0 -0.00477071 0 0.102618 -0 -0.018831 0 -0.037
0 -0.0037028 0 0.11094 -0 -0.018831 0 -0.037
0 -0.00254945 0 0.119903 -0 -0.018831 0 -0.037
0 -0.00130273 0 0.129548 -0 -0.018831 0 -0.037
0 4.36155e-05 0 0.139936 -0 -0.018831 0 -0.037
0 0.00149861 0 0.151117 -0 -0.018831 0 -0.037
0 0.00306879 0 0.163168 -0 -0.018831 0 -0.037
0 0.0047644 0 0.176148 -0 -0.018831 0 -0.037
0 0.0065952 0 0.19013 -0 -0.018831 0 -0.037
0 0.00857047 0 0.205204 -0 -0.018831 0 -0.037
0 0.0107028 0 0.221446 -0 -0.018831 0 -0.037
0 0.0130044 0 0.238948 -0 -0.018831 0 -0.037
0 0.0154871 0 0.257819 -0 0.0497954 0 0.037
0 0.0179698 0 0.238952 -0 0.0497954 0 0.037
0 0.0202707 0 0.221451 -0 0.0497954 0 0.037
0 0.0224031 0 0.205213 -0 0.0497954 0 0.037
0 0.0243789 0 0.190148 -0 0.0497954 0 0.037
0 0.0262096 0 0.176169 -0 0.0497954 0 0.037
0 0.0279056 0 0.163196 -0 0.0497954 0 0.037
0 0.0294767 0 0.151155 -0 0.0497954 0 0.037
0 0.0309316 0 0.139977 -0 0.0497954 0 0.037
0 0.0322788 0 0.129598 -0 0.0497954 0 0.037
0 0.033526 0 0.11996 -0 0.0497954 0 0.037
0 0.0346803 0 0.111006 -0 0.0497954 0 0.037
0 0.0357483 0 0.102687 -0 0.0497954 0 0.037
0 0.036736 0 0.0949542 -0 0.0497954 0 0.037
0 0.0376492 0 0.0877636 -0 0.0497954 0 0.037
0 0.038493 0 0.0810742 -0 0.0497954 0 0.037
0 0.0392722 0 0.0748478 -0 0.0497954 0 0.037
0 0.0399913 0 0.0690489 -0 0.0497954 0 0.037
0 0.0406545 0 0.0636443 -0 0.0497954 0 0.037
0 0.0412655 0 0.0586032 -0 0.0497954 0 0.037
0 0.0418277 0 0.0538968 -0 0.0497954 0 0.037
0 0.0423444 0 0.0494981 -0 0.0497954 0 0.037
0 0.0428186 0 0.0453822 -0 0.0497954 0 0.037
0 0.0432529 0 0.0415255 -0 0.0497954 0 0.037
0 0.0436499 0 0.0379058 -0 0.0497954 0 0.037
0 0.0440118 0 0.0345026 -0 0.0497954 0 0.037
0 0.0443406 0 0.0312965 -0 0.0497954 0 0.037
0 0.0446383 0 0.0282692 -0 0.0497954 0 0.037
0 0.0449065 0 0.0254033 -0 0.0497954 0 0.037
0 0.0451468 0 0.0226825 -0 0.0497954 0 0.037
0 0.0453606 0 0.0200911 -0 0.0497954 0 0.037
0 0.0455491 0 0.0176145 -0 0.0497954 0 0.037
0 0.0457132 0 0.0152387 -0 0.0497954 0 0.037
0 0.0458541 0 0.0129498 -0 0.0497954 0 0.037
0 0.0459725 0 0.0107347 -0 0.0497954 0 0.037
0 0.046069 0 0.00858099 -0 0.0497954 0 0.037
0 0.0461442 0 0.00647645 -0 0.0497954 0 0.037
0 0.0461986 0 0.00440901 -0 0.0497954 0 0.037
0 0.0462325 0 0.00236606 -0 0.0497954 0 0.037
0 0.046246 0 0.000337064 -0 0.0497954 0 0.037
0 0.0462393 0 -0.00168988 -0 0.0497954 0 0.037
0 0.0462122 0 -0.00372638 -0 0.0497954 0 0.037
0 0.0461646 0 -0.00578426 -0 0.0497954 0 0.037
0 0.0460964 0 -0.00787536 -0 0.0497954 0 0.037
0 0.046007 0 -0.0100113 -0 0.0497954 0 0.037
0 0.045896 0 -0.0122048 -0 0.0497954 0 0.037
0 0.0457627 0 -0.014468 -0 0.0497954 0 0.037
0 0.0456063 0 -0.0168126 -0 0.0497954 0 0.037
0 0.0454261 0 -0.0192547 -0 0.0497954 0 0.037
0 0.0452208 0 -0.0218057 -0 0.0497954 0 0.037
0 0.0449895 0 -0.024482 -0 0.0497954 0 0.037
0 0.0447307 0 -0.0272975 -0 0.0497954 0 0.037
0 0.0444431 0 -0.0302696 -0 0.0497954 0 0.037
0 0.0441248 0 -0.033414 -0 0.0497954 0 0.037
0 0.0437741 0 -0.0367496 -0 0.0497954 0 0.037
0 0.0433891 0 -0.0402953 -0 0.0497954 0 0.037
0 0.0429674 0 -0.0440696 -0 0.0497954 0 0.037
0 0.0425067 0 -0.0480964 -0 0.0497954 0 0.037
0 0.0420047 0 -0.0524 -0 0.0497954 0 0.037
0 0.0414579 0 -0.0570007 -0 0.0497954 0 0.037
0 0.0408634 0 -0.0619262 -0 0.0497954 0 0.037
0 0.0402183 0 -0.0672084 -0 0.0497954 0 0.037
0 0.0395181 0 -0.0728714 -0 0.0497954 0 0.037
0 0.0387593 0 -0.0789514 -0 0.0497954 0 0.037
0 0.0379376 0 -0.0854831 -0 0.0497954 0 0.037
0 0.0370479 0 -0.0925009 -0 0.0497954 0 0.037
0 0.0360855 0 -0.100048 -0 0.0497954 0 0.037
0 0.0350452 0 -0.108169 -0 0.0497954 0 0.037
0 0.0339205 0 -0.116907 -0 0.0497954 0 0.037
0 0.0327045 0 -0.126307 -0 0.0497954 0 0.037
0 0.0313917 0 -0.136435 -0 0.0497954 0 0.037
0 0.0299734 0 -0.147339 -0 0.0497954 0 0.037
0 0.0284424 0 -0.159088 -0 0.0497954 0 0.037
0 0.0267887 0 -0.171741 -0 0.0497954 0 0.037
0 0.0250043 0 -0.185379 -0 0.0497954 0 0.037
0 0.0230781 0 -0.200075 -0 0.0497954 0 0.037
0 0.0209989 0 -0.21591 -0 0.0497954 0 0.037
0 0.0187559 0 -0.232982 -0 0.0497954 0 0.037
0 0.0163352 0 -0.251382 -0 0.0497954 0 0.037
0 0.0137229 0 -0.271214 -0 0.0497954 0 0.037
0 0.010905 0 -0.292598 -0 -0.0279912 0 -0.037
0 0.00808734 0 -0.27121 -0 -0.0279912 0 -0.037
0 0.00547568 0 -0.25137 -0 -0.0279912 0 -0.037
0 0.00305516 0 -0.232966 -0 -0.0279912 0 -0.037
0 0.000811941 0 -0.215892 -0 -0.0279912 0 -0.037
0 -0.00126679 0 -0.200051 -0 -0.0279912 0 -0.037
0 -0.00319289 0 -0.185353 -0 -0.0279912 0 -0.037
0 -0.00497737 0 -0.171713 -0 -0.0279912 0 -0.037
0 -0.00663042 0 -0.159054 -0 -0.0279912 0 -0.037
0 -0.00816147 0 -0.147303 -0 -0.0279912 0 -0.037
0 -0.00957928 0 -0.136394 -0 -0.0279912 0 -0.037
0 -0.0108919 0 -0.126263 -0 -0.0279912 0 -0.037
0 -0.0121069 0 -0.116854 -0 -0.0279912 0 -0.037
0 -0.0132312 0 -0.108112 -0 -0.0279912 0 -0.037
0 -0.0142712 0 -0.0999869 -0 -0.0279912 0 -0.037
0 -0.0152329 0 -0.0924333 -0 -0.0279912 0 -0.037
0 -0.0161217 0 -0.0854075 -0 -0.0279912 0 -0.037
0 -0.0169427 0 -0.0788695 -0 -0.0279912 0 -0.037
0 -0.0177006 0 -0.0727819 -0 -0.0279912 0 -0.037
0 -0.0183997 0 -0.0671099 -0 -0.0279912 0 -0.037
0 -0.019044 0 -0.0618213 -0 -0.0279912 0 -0.037
0 -0.0196373 0 -0.0568856 -0 -0.0279912 0 -0.037
0 -0.0201828 0 -0.0522749 -0 -0.0279912 0 -0.037
0 -0.0206838 0 -0.0479627 -0 -0.0279912 0 -0.037
0 -0.021143 0 -0.0439244 -0 -0.0279912 0 -0.037
0 -0.0215631 0 -0.0401369 -0 -0.0279912 0 -0.037
0 -0.0219465 0 -0.0365787 -0 -0.0279912 0 -0.037
0 -0.0222954 0 -0.0332294 -0 -0.0279912 0 -0.037
0 -0.0226117 0 -0.0300699 -0 -0.0279912 0 -0.037
0 -0.0228973 0 -0.0270822 -0 -0.0279912 0 -0.037
0 -0.0231539 0 -0.0242488 -0 -0.0279912 0 -0.037
0 -0.0233828 0 -0.0215542 -0 -0.0279912 0 -0.037
0 -0.0235854 0 -0.0189828 -0 -0.0279912 0 -0.037
0 -0.0237628 0 -0.0165197 -0 -0.0279912 0 -0.037
0 -0.0239161 0 -0.0141507 -0 -0.0279912 0 -0.037
0 -0.0240461 0 -0.0118627 -0 -0.0279912 0 -0.037
0 -0.0241536 0 -0.0096426 -0 -0.0279912 0 -0.037
0 -0.0242391 0 -0.00747769 -0 -0.0279912 0 -0.037
0 -0.0243033 0 -0.00535471 -0 -0.0279912 0 -0.037
0 -0.0243464 0 -0.00326281 -0 -0.0279912 0 -0.037
0 -0.0243686 0 -0.00118968 -0 -0.0279912 0 -0.037
0 -0.0243701 0 0.000876539 -0 -0.0279912 0 -0.037
0 -0.024351 0 0.00294789 -0 -0.0279912 0 -0.037
0 -0.0243111 0 0.00503627 -0 -0.0279912 0 -0.037
0 -0.0242502 0 0.00715327 -0 -0.0279912 0 -0.037
0 -0.0241679 0 0.00931156 -0 -0.0279912 0 -0.037
0 -0.0240639 0 0.011523 -0 -0.0279912 0 -0.037
0 -0.0239372 0 0.0137989 -0 -0.0279912 0 -0.037
0 -0.0237876 0 0.0161553 -0 -0.0279912 0 -0.037
0 -0.0236138 0 0.0186026 -0 -0.0279912 0 -0.037
0 -0.0234151 0 0.0211572 -0 -0.0279912 0 -0.037
0 -0.0231902 0 0.0238319 -0 -0.0279912 0 -0.037
0 -0.022938 0 0.0266434 -0 -0.0279912 0 -0.037
0 -0.0226569 0 0.0296065 -0 -0.0279912 0 -0.037
0 -0.0223453 0 0.032739 -0 -0.0279912 0 -0.037
0 -0.0220015 0 0.0360589 -0 -0.0279912 0 -0.037
0 -0.0216233 0 0.039583 -0 -0.0279912 0 -0.037
0 -0.0212089 0 0.0433339 -0 -0.0279912 0 -0.037
0 -0.020756 0 0.0473349 -0 -0.0279912 0 -0.037
0 -0.0202615 0 0.0516036 -0 -0.0279912 0 -0.037
0 -0.0197228 0 0.0561662 -0 -0.0279912 0 -0.037
0 -0.0191372 0 0.0610531 -0 -0.0279912 0 -0.037
0 -0.0185007 0 0.0662852 -0 -0.0279912 0 -0.037
0 -0.0178101 0 0.0718968 -0 -0.0279912 0 -0.037
0 -0.0170614 0 0.0779199 -0 -0.0279912 0 -0.037
0 -0.0162501 0 0.0843856 -0 -0.0279912 0 -0.037
0 -0.0153718 0 0.0913345 -0 -0.0279912 0 -0.037
0 -0.0144218 0 0.0988074 -0 -0.0279912 0 -0.037
0 -0.0133942 0 0.106844 -0 -0.0279912 0 -0.037
0 -0.0122825 0 0.115485 -0 -0.0279912 0 -0.037
0 -0.011082 0 0.124792 -0 -0.0279912 0 -0.037
0 -0.00978451 0 0.13481 -0 -0.0279912 0 -0.037
0 -0.00838354 0 0.1456 -0 -0.0279912 0 -0.037
0 -0.00686976 0 0.157216 -0 -0.0279912 0 -0.037
0 -0.00523625 0 0.169737 -0 -0.0279912 0 -0.037
0 -0.00347243 0 0.183224 -0 -0.0279912 0 -0.037
0 -0.00156817 0 0.197755 -0 -0.0279912 0 -0.037
0 0.000486277 0 0.21342 -0 -0.0279912 0 -0.037
0 0.00270389 0 0.2303 -0 -0.0279912 0 -0.037
0 0.00509738 0 0.248491 -0 -0.0279912 0 -0.037
0 0.00767927 0 0.268105 -0 0.0433445 0 0.037