0 0.0982348 -0.000610477 -3.76971e-05 -0 -0 0 
1 0.823442 39.0485 3.9691 1.56484 0.899226 -0.00604872 
2 3.25874 26.5226 1.42211 0.432871 1.14399 -0.0100628 
3 -0.813688 13.2874 -3.23356 0.0394778 1.18679 -0.0208927 
4 -1.27574 9.35168 -0.272283 -0.120467 1.23148 -0.030696 
5 -1.46739 6.40984 -0.147445 -0.207408 1.29411 -0.0420338 
6 -1.65534 9.02607 0.446366 -0.103334 1.62284 -0.0607667 
7 -1.81602 3.85877 -0.0868692 -0.249379 1.76555 -0.0795175 
8 -2.15332 2.28439 -0.0597059 -0.271117 1.9385 -0.10114 
9 -2.47676 2.05539 -0.00158066 -0.240706 2.14988 -0.126837 
10 -2.9775 2.48176 0.0301866 -0.193309 2.33033 -0.155152 
11 -4.99397 3.21832 -0.154987 -0.14579 1.79845 -0.155068 
12 -6.71368 4.07062 -0.176647 -0.103415 1.20159 -0.146214 
13 -8.01195 4.96571 -0.185211 -0.0664767 0.525986 -0.129516 
14 -2.96803 5.02977 -0.0233333 -0.06428 0.257762 -0.134258 
15 -0.173943 3.95738 -0.0629676 -0.100589 0.162211 -0.140142 
16 1.29667 2.5488 -0.109638 -0.143028 0.164994 -0.14707 
17 6.46727 -4.98874 2.3229 -0.365528 0.524845 -0.183377 
18 4.1345 -8.1486 0.454066 -0.418629 0.709844 -0.1877 
19 2.72505 -9.1033 0.427385 -0.387612 0.834054 -0.191448 
20 1.87088 -9.12775 0.419726 -0.324714 0.926201 -0.19508 
21 1.27832 -8.69434 0.398005 -0.256745 0.999214 -0.198681 
22 0.278818 -8.07148 0.101362 -0.197411 0.985168 -0.193177 
23 -1.36525 -7.48258 -0.437317 -0.148274 0.810825 -0.16855 
24 -2.18847 -6.88547 -0.452521 -0.108538 0.613734 -0.143716 
25 -2.521 -6.33033 -0.433231 -0.0774897 0.418457 -0.119331 
26 -2.59867 -5.82792 -0.407887 -0.0537676 0.236797 -0.0958691 
27 -2.5531 -8.29074 -0.664632 -0.125731 0.0449885 -0.0651247 
28 -2.21796 -6.00516 -0.23119 -0.0420938 0.0160042 -0.0582562 
29 -1.94347 -4.92215 -0.235322 -0.0018921 0.00145911 -0.0524656 
30 -1.79123 -4.25637 -0.243303 0.0159511 -0.00536849 -0.0473837 
31 -1.7068 -3.81853 -0.241584 0.0225805 -0.00815496 -0.0428117 
32 -1.5784 -5.50099 -0.488088 -0.0373076 -0.0117991 -0.0359138 
33 -1.58107 -3.98853 -0.157281 0.00869456 -0.00947464 -0.0315954 
34 -1.58084 -3.31313 -0.173712 0.0271448 -0.00778734 -0.0279038 
35 -26.6441 62.674 3.38603 3.30789 -1.06706 0.14885 
36 -7.30386 16.1143 -15.1301 1.93473 -1.45395 -0.337552 
37 -12.7831 -4.11152 -4.99459 1.42406 -2.1147 0.199443 
38 -7.15654 -8.68751 0.092481 1.31126 -2.4645 0.208114 
39 -2.07504 -7.67321 1.30117 1.20758 -2.53163 0.204595 
40 1.2656 -6.67767 1.35047 1.09736 -2.42874 0.197969 
41 14.6685 -28.9701 10.32 -1.93729 -1.77064 -0.0097052 
42 9.40152 -18.6143 0.428227 -1.14276 -1.30281 0.0457929 
43 6.823 -14.2975 -0.191791 -0.467224 -0.960726 0.0890253 
44 2.84623 -11.1636 -0.208604 0.0416075 -0.8244 0.129103 
45 1.20124 -8.07279 0.00740591 0.508015 -0.632902 0.118517 
46 1.12422 -4.43618 -0.150543 0.981975 -0.329135 0.086038 
47 -0.767118 -2.28831 -0.147155 1.24042 -0.227172 0.0676697 
48 -1.005 0.513697 -0.00835753 1.4692 -0.0399485 0.0354151 
49 -2.93186 -0.152355 -0.340888 1.6338 -0.0585594 0.0184129 
50 -2.93917 0.312879 0.0853388 1.7839 -0.0872143 0.00485593 
51 -3.10499 1.53318 0.344106 1.87932 -0.169962 0.000903146 
52 -3.78054 4.08636 1.00491 1.84945 -0.286748 -0.0142729 
53 -0.771874 4.33584 0.873651 1.82314 -0.185804 -0.0968975 
54 2.22053 5.59585 -0.947926 1.72629 -0.226057 -0.0797966 
55 3.22841 5.83628 -0.963185 1.63082 -0.206639 -0.0625036 
56 3.12956 5.98151 -1.06503 1.54187 -0.181206 -0.0469621 
57 2.94118 6.12845 -1.13842 1.46013 -0.159041 -0.0335361 
58 2.22628 6.75717 -1.52897 1.37905 -1.2618 0.203838 
59 1.39224 5.21822 -0.187929 0.784166 -1.15118 0.187157 
60 1.56853 5.36053 0.0011477 0.205018 -1.04057 0.170165 
61 1.76501 5.4318 -0.0273478 -0.361466 -0.932801 0.154283 
62 1.9887 5.43808 -0.08327 -0.917108 -0.825816 0.139611 
63 0.399826 3.1715 -1.10853 -1.34176 -0.399945 0.0365533 
64 5.47002 -3.2543 3.28198 -1.41186 -0.207769 0.0458934 
65 6.57257 -2.80947 0.892227 -1.51166 0.0409301 0.0520745 
66 5.27132 -3.35492 0.324969 -1.58381 0.243885 0.0511797 
67 4.13151 -4.05948 0.249128 -1.62256 0.400386 0.0470601 
68 2.68038 -4.22809 0.49216 -1.6594 0.500567 0.0376711 
69 2.0468 -4.85113 0.400045 -1.67236 0.584003 0.0244617 
70 3.99098 -8.27094 0.795154 -2.07152 0.390527 0.0452162 
71 -2.63002 -12.7906 2.24082 -1.67073 0.0306098 0.0684333 
72 -1.34057 -12.5507 -0.14176 -1.3067 -0.274329 0.0954499 
73 -0.125036 -12.4177 -0.256975 -0.969965 -0.358734 0.0870186 
74 0.956213 -12.1611 -0.182781 -0.669327 -0.400487 0.0789093 
75 1.86624 -11.7773 -0.0767704 -0.413337 -0.409693 0.0712913 
76 2.53467 -11.4708 -0.0173604 -0.198835 -0.399818 0.0642291 
77 3.22753 -11.3353 0.0184847 -0.0189496 -0.371153 0.058043 
78 3.6351 -11.1228 0.12877 0.120146 -0.337054 0.0521229 
79 3.93578 -10.9571 0.229822 0.218059 -0.304584 0.0465882 
80 4.40654 -10.8227 0.353756 0.274221 -0.267096 0.0418551 
81 7.24889 -11.0654 2.03945 0.31856 0.225111 -0.049139 
82 10.2972 -11.3292 2.87637 0.337986 0.976343 -0.154687 
83 15.027 13.1984 10.3831 -1.00573 2.11047 -0.288633 
84 15.9831 -13.9497 0.565966 -0.953624 3.27121 -0.363753 
85 13.3299 -19.0783 0.338833 -0.701603 3.82521 -0.318411 
86 -1.52325 -13.7142 -6.03314 -0.835015 1.8537 0.0757399 
87 -14.8219 -9.82411 -4.031 -1.07909 -0.398883 0.358656 
88 -13.986 -0.621146 4.67278 -1.45302 -1.88924 1.95431 
89 -12.872 -2.05643 4.1686 -1.74873 -2.51724 0.938448 
90 -16.4505 -8.56061 -4.34539 -1.44531 -3.88804 2.18878 
91 -19.3677 -9.94697 -2.50838 -0.279629 -5.44798 1.35129 
92 -14.211 1.59733 -1.60249 0.536331 -6.02958 0.982423 
93 -10.0886 8.30737 -1.14016 0.919435 -6.3564 0.575728 
94 -7.31711 12.1615 -0.723882 1.01727 -6.49224 0.156013 
95 -4.82514 14.9795 -0.611821 0.945995 -6.48719 -0.221469 
96 3.37437 16.1132 0.163855 0.764577 -6.06231 -0.313321 
97 12.3649 19.9434 1.83509 0.975659 -4.34063 0.0175632 
98 13.8707 15.8554 -0.244689 0.678854 -3.32579 0.00723048 
99 16.3756 9.1152 0.570496 0.714765 -2.19003 0.0174863 
100 15.5065 7.65577 -0.684985 0.806246 -0.513464 0.108 
101 14.0794 7.55125 -0.739747 0.833485 0.520444 -0.0135066 
102 12.0711 7.69528 -0.685283 0.83832 1.40213 -0.0583559 
103 10.0223 7.816 -0.603549 0.826726 2.13576 -0.0190293 
104 7.6212 8.15236 -0.67098 0.760293 2.65341 -0.035297 
105 5.10193 8.73973 -0.68317 0.657257 2.89739 -0.00550634 
106 3.05862 8.61552 -0.436561 0.543659 3.0303 0.0187403 
107 -0.617221 8.7603 -0.375359 0.681224 3.03773 0.0322051 
108 26.8274 -30.0127 4.98968 -4.33602 -0.551241 0.243259 
109 30.979 -53.6742 -9.76228 -5.51351 2.85697 3.63993 
110 21.697 -16.2765 -19.5949 -2.58282 5.02687 8.44074 
111 18.6177 -2.25848 -7.41332 -1.38091 5.70618 10.5253 
112 15.1576 13.1555 -5.14748 -1.70779 4.18483 5.88156 
113 14.8778 11.0251 -3.13888 -2.03054 5.40061 0.74428 
114 12.6998 36.5375 1.38181 2.61446 10.2648 -0.0239641 
115 -78.7849 46.8507 78.6435 2.15849 6.07042 0.0154054 
116 -38.7195 18.9749 -26.9908 1.32209 4.10069 0.0121369 
117 -41.2955 19.3567 -14.1034 0.44343 1.9524 -0.00252394 
118 -41.4692 16.6321 -11.0421 -0.294171 -0.188041 -0.00299508 
119 -41.1013 14.4955 -10.8407 -0.92222 -2.32743 -0.00942692 
120 -40.7659 12.4907 -10.8576 -1.45135 -4.47196 -0.0144493 
121 21.2138 15.1407 26.4935 -2.14507 -3.24774 -0.00494257 
122 10.2252 7.20066 -4.48502 -2.26358 -2.51848 0.0340629 
123 8.86992 4.49654 0.153838 -2.69444 -1.81236 0.0896906 
124 7.57501 4.77017 -0.226281 -3.15433 -1.19222 0.141193 
125 7.73334 2.42374 0.602345 -3.50054 -0.56612 0.186804 
126 7.78209 0.0767456 0.695564 -3.7373 0.0611369 0.236231 
127 8.72432 -1.327 2.29801 -3.91942 0.747914 0.292243 
128 9.35177 -2.67509 2.46839 -4.21853 1.68473 0.409732 
129 11.032 -2.55034 1.02933 -4.37775 2.37795 0.440591 
130 11.9431 -2.48188 -0.212902 -4.55595 2.92459 0.426073 
131 10.2264 -2.59784 -0.427255 -4.75414 3.40486 0.419682 
132 14.3512 -12.4753 -9.49706 -9.90219 -2.53212 -0.318754 
133 4.79671 -1.47274 -1.45639 -9.14804 -1.78788 -0.303144 
134 2.17846 -2.02069 0.339098 -8.46131 -1.21624 -0.276407 
135 0.207694 -2.47475 0.464571 -7.84158 -0.802768 -0.249348 
136 -1.26091 -2.84375 0.34256 -7.28349 -0.51587 -0.223939 
137 -3.44584 -0.75353 0.45426 -6.52932 3.73939 0.47194 
138 -97.1322 -128.098 133.01 -1.38317 5.29044 6.5948 
139 -19.2322 -27.4537 -72.1359 0.586014 3.6166 6.03569 
140 -21.8125 -33.0612 -62.7436 3.33599 -0.0736289 3.78373 
141 -24.6657 -36.5769 -55.504 6.22017 -3.77999 1.58301 
142 -34.8995 -46.771 -32.2695 9.01903 -5.48675 1.42098 
143 37.5414 -5.03836 82.3202 9.2121 -5.57662 1.50407 
144 21.7305 -2.04626 -4.63605 10.2003 -4.65911 1.15402 
145 22.2147 -2.47798 -2.07967 10.6451 -3.71351 1.0466 
146 22.3467 -2.3686 -1.71223 11.1215 -2.79162 0.926726 
147 22.7393 -1.00663 -1.4003 12.2787 -2.31187 0.81984 
148 28.9539 48.6552 36.3697 9.92939 -1.09214 -0.123628 
149 21.0406 34.0062 -10.2769 8.58803 -0.367453 -0.194145 
150 21.9876 35.4842 -6.40011 7.20245 0.372755 -0.259831 
151 22.4478 35.9631 -5.6169 5.83508 1.09041 -0.324194 
152 22.8433 35.8299 -5.47997 4.51561 1.77899 -0.388467 
153 24.983 40.4403 0.087883 4.17341 1.94177 -0.478906 
154 24.5232 37.4476 -2.77384 2.81686 2.84861 -0.469845 
155 24.5523 36.355 -1.95325 1.5635 4.45514 -0.343822 
156 24.8809 34.9202 -0.969376 0.433208 6.35793 -0.186498 
157 25.2873 33.2863 -0.0771526 -0.55931 8.37518 -0.0422793 
158 -30.29 49.057 18.5788 -2.34635 6.76507 -0.137034 
159 -30.3622 41.4033 -15.3483 -1.66832 1.11443 -1.04708 
160 -35.5169 41.669 -7.31462 -3.43767 -0.825502 -1.0027 
161 -34.0022 43.3221 -5.77908 -4.85342 -3.41575 -1.03864 
162 -42.9222 5.67496 17.8732 -6.18955 -5.40448 -0.757248 
163 -32.4081 3.27488 -14.7955 -7.31184 -6.82304 -0.76827 
164 -48.5611 -35.5342 9.91958 -6.84146 -9.00324 1.94496 
165 -37.7725 -20.67 -13.0657 -6.8503 -10.6527 3.40418 
166 -39.1315 -21.5458 -8.56098 -6.79733 -12.2711 4.95066 
167 24.8091 -61.3355 40.8374 -3.19304 -10.394 2.59932 
168 16.6782 -33.3562 -13.1589 -1.76988 -8.61431 5.98046 
169 20.8285 -34.9855 -3.41825 -0.82072 -7.02971 4.23279 
170 22.9786 -27.3507 -3.60687 -0.02876 -5.41896 2.56956 
171 24.3657 -23.3553 -2.14608 0.340925 -3.77451 1.46702 
172 25.2395 -19.333 -2.09824 0.682597 -2.13345 1.02823 
173 25.9772 -16.5846 -2.38855 0.911772 -0.490293 0.558085 
174 17.405 -10.2364 1.9925 0.869673 0.628797 0.230025 
175 14.5952 -7.01442 0.272333 0.746013 1.56449 0.164796 
176 11.9477 -4.94777 0.0553722 0.542864 2.36236 0.123088 
177 9.58038 -3.61186 0.0189496 0.293574 3.00258 0.082379 
178 7.13184 -2.70647 -0.337804 0.0179647 3.43247 0.0497804 
179 -16.5417 -19.1983 5.4633 0.3682 2.3476 -0.11789 
180 -6.54099 -9.97613 -2.67319 0.541672 1.89894 -0.0961329 
181 41.4084 25.2322 0.306232 5.79879 -0.79542 -0.0667371 
182 35.9834 66.9608 8.35871 6.88444 4.52937 -0.694892 
183 21.9131 31.4371 -37.2097 4.31817 9.9059 -0.821499 
184 21.3706 25.4345 -43.15 1.98322 13.1446 -1.13137 
185 -70.9751 -27.5381 73.9883 2.17203 2.97483 -1.27595 
186 -35.3971 -13.6141 -35.4409 1.84998 1.13817 -0.886103 
187 -53.3504 -41.2202 11.2244 -2.84883 -0.641141 0.0492937 
188 -9.97937 -48.498 14.4086 -2.34786 -1.173 0.0293062 
189 -12.502 -34.1101 -6.44358 -0.710601 -1.88377 0.0074118 
190 1.94279 -24.7347 0.626241 0.428697 -1.83322 -0.00200531 
191 4.36534 -18.3313 -0.641562 1.23747 -1.65635 -0.013346 
192 5.70652 -13.7467 -0.64651 1.81168 -1.42371 -0.0208721 
193 6.20972 -9.83179 -0.399296 2.18691 -1.17425 -0.0267098 
194 4.88041 -7.56704 0.235588 2.45308 -1.00652 -0.0318882 
195 3.95553 -5.47196 0.260848 2.61791 -0.895935 -0.0363058 
196 4.36003 -4.05997 1.21874 2.72589 -0.589955 -0.0847706 
197 4.71321 -2.52963 0.274115 3.05405 -0.232981 -0.139134 
198 3.27231 -1.95458 0.493526 3.51808 0.26893 -0.243156 
199 5.84877 -0.113318 0.6809 3.74775 0.680354 -0.29038 
200 7.51006 -0.0470277 1.51768 3.99448 1.19116 -0.342639 
201 8.2032 2.19838 2.52896 4.14005 1.7545 -0.399914 
202 9.33362 2.28451 1.29234 4.30194 2.37584 -0.455621 
203 10.0225 2.32056 0.96027 4.48439 3.03774 -0.512705 
204 11.6798 2.43478 -0.518584 4.67211 3.46807 -0.492654 
205 9.27294 2.62962 -0.812103 4.8761 3.80324 -0.482688 
206 10.9239 12.5027 -10.2414 9.95618 0.170103 0.0157511 
207 3.8592 1.57351 -1.35722 9.2133 0.543356 0.00655372 
208 1.65783 2.11 0.212361 8.53722 0.788654 -0.00614567 
209 0.0351672 2.55566 0.346694 7.92822 0.923933 -0.0165574 
210 -1.12549 2.91974 0.262422 7.38095 0.975794 -0.0240471 
211 -2.51039 0.723376 0.272586 6.68406 3.49347 -0.467732 
212 0.320789 2.46622 0.15123 6.67975 3.3354 -0.431741 
213 -72.6599 93.6689 62.3917 1.2911 -0.777188 -2.2941 
214 -8.05125 21.1033 -51.4228 -0.13159 -1.38353 -1.68287 
215 2.09819 18.9668 -15.249 -1.2938 -1.38343 -1.23087 
216 2.94017 19.7071 -2.66393 -2.47257 -1.38906 -0.947524 
217 8.86637 13.9818 -2.48789 -3.87508 -1.41653 -0.782137 
218 14.0383 15.7743 -0.465017 -4.87117 -0.912159 -0.675594 
219 14.2001 11.9315 -2.50631 -5.6838 -0.424816 -0.597539 
220 14.4543 9.88 -2.10223 -6.41309 0.0526309 -0.537142 
221 15.3665 9.10394 -1.53314 -7.13392 0.553248 -0.491911 
222 16.1101 8.3288 -1.64756 -7.85404 1.0644 -0.461398 
223 16.7488 7.5939 -1.91814 -8.58285 1.57724 -0.445346 
224 17.3595 6.85973 -2.24003 -9.32577 2.08848 -0.443551 
225 22.3309 2.32233 -4.89717 -9.9076 2.82467 -0.575265 
226 -15.7272 1.27079 20.9828 -10.3483 1.44094 0.133132 
227 17.0759 -35.5753 11.67 -8.94045 2.2155 0.23196 
228 14.1235 -34.2983 2.48564 -8.95609 2.9481 0.0769007 
229 11.0647 -32.4957 2.50974 -7.81217 3.91687 -0.0462474 
230 -19.689 -48.2589 19.5053 -5.87521 3.27254 -0.148543 
231 -2.33386 -41.3813 -4.01053 -4.39313 3.68566 -0.259936 
232 -0.290106 -41.9408 -3.88127 -2.96706 3.59884 -0.203414 
233 -6.51871 -39.9915 -11.1742 -1.76583 1.49272 0.199692 
234 -17.6878 -40.1961 -11.8481 -0.447558 -1.0515 0.58374 
235 -21.1212 -42.0444 -7.79395 1.23584 -2.37522 0.626135 
236 -34.3517 -25.4605 3.47471 2.19689 -4.30328 0.561807 
237 -28.057 -24.5278 -6.37428 3.29067 -5.81263 0.452212 
238 -17.3374 -15.5978 -1.57019 4.04174 -6.68342 0.2888 
239 -9.26432 -7.22008 -3.79059 5.2182 -7.09028 0.11599 
240 -5.62356 -5.76615 -1.89174 6.47146 -7.28381 -0.0538575 
241 11.9736 55.0752 22.4093 4.39809 -6.48664 -0.261079 
242 2.28486 33.7636 -6.11459 4.06189 -6.26574 -1.47035 
243 5.61472 34.6677 -0.12978 2.8638 -5.30458 -1.91048 
244 7.77131 30.1251 -1.09104 1.97493 -4.35295 -1.48939 
245 9.66806 26.3136 -0.568436 1.3101 -3.40234 -0.67345 
246 10.768 21.9312 -0.24698 0.782821 -2.44832 -0.331748 
247 14.6753 20.9092 2.43643 0.813324 -0.585619 0.315162 
248 13.9172 15.5806 -0.292447 0.486414 0.430586 0.296587 
249 12.2942 12.246 -0.488015 0.2954 1.32765 0.198951 
250 -1.6398 18.8218 3.55104 -0.338021 0.969411 0.00272924 
251 1.9115 13.0691 -1.69463 -0.603683 1.41492 0.022803 
252 1.46171 11.1444 -0.86672 -0.794406 1.57577 0.0471303 
253 0.588479 8.9951 -0.911195 -0.892576 1.5739 0.0664697 
254 -0.166022 7.27177 -0.77745 -0.920199 1.52476 0.0797173 
255 -0.714697 5.91515 -0.658954 -0.895532 1.44068 0.0878776 
256 41.1786 -25.4938 -0.437754 -6.16839 -1.67072 0.0703943 
257 35.1559 -64.7185 6.01578 -6.50377 3.47941 0.899953 
258 22.4295 -33.5307 -35.1025 -3.9458 9.14972 0.90521 
259 21.6281 -27.4238 -42.2237 -1.59236 12.5017 1.19746 
260 -71.8985 28.7048 75.6588 -2.2997 1.9975 2.41201 
261 -36.6683 11.7405 -32.4755 -2.03975 0.149102 2.47209 
262 -54.9785 38.3962 10.3269 2.79153 -1.1701 1.61993 
263 -27.5385 26.8912 6.04198 3.53088 -2.62111 -0.0349338 
264 6.27622 36.9942 7.68305 1.70928 -2.27259 -0.0149737 
265 4.10175 25.2181 -3.52645 0.536121 -2.07575 -0.00366821 
266 5.84031 20.8859 -1.80372 -0.415644 -1.80088 0.00513345 
267 6.58428 16.6176 -1.22087 -1.14565 -1.49747 0.0110379 
268 6.61838 12.6852 -0.846164 -1.67287 -1.20182 0.0157839 
269 8.12972 10.391 0.445775 -1.94525 -0.656683 0.0646747 
270 5.76768 6.78863 0.571763 -2.47399 -0.197076 0.124879 
271 4.02636 6.66766 -0.310042 -3.01036 0.157661 0.182511 
272 4.05738 4.17019 0.439011 -3.42581 0.514599 0.239298 
273 4.31217 1.7414 0.538251 -3.7259 0.887812 0.288581 
274 4.76178 -0.776435 0.99681 -3.90897 1.2919 0.339909 
275 6.05966 -2.4578 2.24502 -4.02316 1.77612 0.397025 
276 7.51595 -2.55174 1.3891 -4.15287 2.33857 0.45368 
277 8.15079 -2.60338 0.812348 -4.29907 2.87586 0.496322 
278 9.62609 -2.61849 -0.461106 -4.45751 3.24115 0.47666 
279 8.41171 -2.77342 -0.672304 -4.63345 3.56821 0.465382 
280 9.22971 -11.9268 -9.68125 -9.41357 -0.64091 -0.12316 
281 2.51358 -1.70995 -1.30259 -8.66898 -0.256027 -0.11435 
282 0.707427 -2.22514 0.293367 -7.98784 0.0158411 -0.0996284 
283 -0.572714 -2.64963 0.431884 -7.37008 0.188334 -0.0859982 
284 -1.45072 -2.9943 0.347979 -6.81049 0.285436 -0.0742818 
285 -2.20556 -1.19212 0.108638 -6.25743 3.17361 0.433461 
286 0.495174 -2.31068 0.548883 -6.04778 3.05105 0.399532 
287 -72.057 -93.8507 62.3826 -0.696563 -0.11805 2.02503 
288 -6.94463 -20.117 -50.8852 1.15405 -1.68014 1.69987 
289 1.60844 -19.5477 -14.9981 2.35445 -1.72407 1.1352 
290 5.06202 -17.2853 -4.08976 3.49735 -1.64062 1.20382 
291 9.12405 -14.2668 -2.27071 4.46966 -1.36928 1.18412 
292 12.0319 -11.9713 -1.67066 5.3169 -0.959437 1.08931 
293 16.683 -7.17821 -2.28334 6.55384 -0.704134 0.854873 
294 17.1236 -7.7684 -1.30018 7.1916 -0.0806753 0.620364 
295 17.5689 -7.27955 -1.31116 7.8351 0.53998 0.358399 
296 18.1284 -6.58032 -1.74388 8.48343 1.1571 0.0743125 
297 18.4616 -6.13147 -2.00435 9.1513 1.757 -0.249972 
298 20.9792 -3.86313 -3.52641 9.73486 2.45542 -0.69016 
299 29.6586 42.0827 24.6519 8.16044 3.78513 0.685704 
300 -4.85969 20.0645 2.54466 7.52307 2.71411 -0.283634 
301 -1.79463 23.4597 -1.50439 6.8427 2.61268 -0.270078 
302 -30.3085 46.6223 16.8358 4.93693 1.27995 -0.182956 
303 -8.11677 38.6305 -7.67097 3.53784 1.2566 -0.0657068 
304 -1.19146 37.8815 0.297145 2.22352 1.65653 0.055857 
305 6.00907 35.296 2.37751 1.10248 2.52894 0.175234 
306 6.81419 32.1107 0.000476623 0.230202 2.84223 0.133655 
307 -6.16604 28.5317 -8.35374 -0.345578 0.761212 -0.2427 
308 -19.4425 26.1298 -6.74083 -0.912851 -1.6055 -0.522741 
309 -22.6226 23.1965 -1.71849 -1.58099 -3.02965 -0.554922 
310 -21.7981 18.8594 -1.53206 -2.20803 -4.30219 -0.50928 
311 -18.3029 14.9696 -1.65541 -2.79225 -5.31046 -0.408937 
312 -13.6108 11.3652 -1.56194 -3.32614 -6.00635 -0.271872 
313 -8.3589 5.73124 -2.82673 -4.23797 -6.37948 -0.11394 
314 -3.10863 -42.9997 15.7133 -2.88418 -6.2589 0.550314 
315 -5.2465 -33.2539 -0.907039 -2.78399 -7.03497 0.582911 
316 0.858243 -29.6347 -1.25559 -1.96697 -6.5116 0.472753 
317 4.82075 -22.7885 -1.93576 -1.43014 -5.62026 0.727121 
318 8.76141 -19.9565 -0.431151 -1.00391 -4.57892 0.974154 
319 11.4749 -17.5073 -0.0599629 -0.683899 -3.45548 1.15583 
320 10.0978 -17.3307 0.569046 -0.451614 -2.56187 0.318911 
321 9.32313 -14.8745 0.423405 -0.212963 -1.76872 0.232593 
322 8.42652 -13.1802 0.367319 -0.0248878 -0.984656 0.180216 
323 7.53614 -11.7043 0.351274 0.11529 -0.2974 0.124032 
324 7.4454 -10.2881 0.0873529 0.200307 0.0974988 0.0786834 
325 6.97417 -9.18702 0.0187441 0.25258 0.432837 0.0168564 
326 5.75682 -8.35296 0.134992 0.292148 0.859702 -0.0212305 
327 5.97701 -4.34911 0.851264 0.133807 1.2737 -0.0305225 
328 3.25562 -6.31472 -0.47731 0.107242 1.5319 -0.051534 
329 1.41385 -6.86819 -0.458475 0.129383 1.59752 -0.0643576 
330 0.607676 -7.24996 -0.292462 0.190552 1.58557 -0.0722783 
331 43.7539 50.4652 9.51847 4.02841 -0.731176 -0.0383778 
332 29.4444 45.3021 -15.0269 4.78172 4.51901 -0.549817 
333 24.2063 27.7513 -34.7933 2.44196 8.06138 -0.89234 
334 -34.397 -27.5772 3.87313 3.35414 6.21919 -3.38144 
335 -45.4184 -10.1173 -1.19461 2.65101 1.01831 -1.7017 
336 -43.8776 -13.481 -10.9063 2.5072 -1.30913 -1.40158 
337 -0.906373 -44.6841 43.4216 -2.1082 -0.124271 0.0437536 
338 -8.6262 -29.3895 -2.00613 -1.45105 -0.609588 0.0267466 
339 -3.8543 -23.0028 -1.95303 -0.371788 -0.83959 0.0139662 
340 -0.407199 -18.9597 -1.19986 0.360678 -0.851386 0.00349537 
341 2.02051 -15.2297 -0.89262 0.921204 -0.753297 -0.00279469 
342 2.09193 -11.0853 -0.636187 1.39925 -0.687 -0.0107927 
343 2.75312 -7.88211 -0.464855 1.7162 -0.597572 -0.0153481 
344 2.1727 -5.84888 0.0256726 1.93545 -0.545367 -0.0190597 
345 1.21323 -4.39518 0.105689 2.08744 -0.547258 -0.0228496 
346 0.0232736 -4.98279 -0.561403 2.28263 -0.620253 -0.026342 
347 0.117924 -3.56021 0.0535009 2.41106 -0.691576 -0.0293455 
348 0.203706 -2.38776 0.0433426 2.48636 -0.763025 -0.0304298 
349 1.10979 -1.17849 0.571774 2.60045 -0.650568 -0.0646915 
350 1.74008 2.75034 1.27461 2.63059 -0.478264 -0.103673 
351 4.06369 2.76679 0.855611 2.67282 -0.194256 -0.141678 
352 7.46975 2.60516 0.76697 2.73538 0.254658 -0.176531 
353 7.70786 2.71304 0.825242 2.80426 0.565647 -0.19148 
354 7.62007 2.79126 0.740835 2.8824 0.876524 -0.207892 
355 22.3711 14.025 -5.8295 9.01125 -0.685296 -0.149839 
356 14.9994 3.6163 -1.64482 8.90886 0.213678 -0.150745 
357 12.1964 2.12136 0.388145 8.10179 0.938232 -0.159163 
358 7.48232 3.12113 0.612583 7.43285 1.42534 -0.171099 
359 -4.56717 -3.75523 5.73115 3.66621 2.88361 -0.310094 
360 -0.790982 3.15259 0.0544218 3.8976 2.50349 -0.250321 
361 -1.43457 3.323 -1.04459 4.15073 2.10463 -0.193726 
362 -2.59099 3.8916 -2.20965 4.56834 1.42529 -0.0916551 
363 -3.93127 4.59216 -1.25965 4.8202 0.913837 -0.0354723 
364 -3.89198 4.74673 -1.58461 5.09435 0.401988 0.023469 
365 -3.54526 4.49505 -1.41972 5.33909 0.203249 0.0274681 
366 -2.9304 3.97431 -0.15266 4.99094 0.135869 0.0100268 
367 -2.1017 4.14674 0.0608989 4.67698 0.100415 -0.00720509 
368 -1.30291 4.27651 0.0784339 4.39627 0.0959636 -0.0243306 
369 -0.579323 4.36831 0.059766 4.1458 0.119655 -0.0413427 
370 0.0455903 4.42409 0.0324921 3.92246 0.167482 -0.0581049 
371 0.558884 4.44502 0.00151004 3.72322 0.234756 -0.074379 
372 -22.2227 52.3023 15.682 0.884911 -0.949275 -0.990823 
373 -4.77865 29.5388 -9.87091 -0.735658 -1.22313 -1.14359 
374 -0.634528 26.2738 -5.62927 -2.112 -1.26937 -1.02364 
375 2.87778 23.3033 -4.13745 -3.2483 -1.11017 -0.380554 
376 6.05427 19.7191 -3.52277 -4.2492 -0.800714 0.00270208 
377 9.66883 14.9657 -3.81956 -5.10439 -0.320301 -0.16871 
378 12.5247 11.9638 -3.27933 -5.81684 0.311252 -0.25006 
379 7.32094 4.71588 1.56563 -6.13088 0.650487 -0.0687272 
380 5.76081 2.4743 0.88852 -6.38832 0.917451 -0.0756523 
381 3.70101 2.13132 1.18032 -6.66811 1.07915 -0.0773914 
382 -0.0660393 0.0497679 1.05036 -7.89149 0.911001 -0.00724571 
383 -1.02874 1.47902 2.51206 -7.98611 1.13221 -0.0468404 
384 -1.36679 1.24013 2.53745 -8.00584 1.01075 -0.0383627 
385 -1.69873 0.919741 2.03682 -7.96425 0.872401 -0.029898 
386 -1.82892 0.577503 1.57373 -7.87122 0.72944 -0.0224671 
387 -1.7565 1.44015 0.920134 -7.06649 0.592264 -0.0158173 
388 -1.60209 0.595099 0.190849 -6.56119 0.46494 -0.0108672 
389 -1.41171 0.203544 0.00358613 -6.09038 0.349191 -0.00725782 
390 12.083 -23.8934 9.92245 -4.34396 0.974988 0.00289606 
391 2.70917 -13.3596 -4.26432 -3.23717 1.08166 -0.00279234 
392 0.0686352 -12.0443 -2.02468 -2.22598 1.05507 -0.00602386 
393 -2.23502 -9.38042 -1.94227 -1.11727 0.907609 -0.00782312 
394 -6.46857 -10.9833 -0.381784 -0.230417 0.532413 -0.00810794 
395 -4.38679 -7.64759 -1.95621 0.454836 0.275989 -0.00867714 
396 -3.30013 -5.15052 -1.57847 0.992917 0.0774428 -0.00914298 
397 -3.40148 -3.7004 -0.932528 1.44325 -0.128334 -0.00830525 
398 -3.23417 -2.26642 -0.764676 1.8082 -0.326022 -0.00531257 
399 -2.2669 -1.95238 -0.228385 2.15229 -0.472803 -0.00386037 
400 -1.10246 -2.09709 0.0179109 2.50158 -0.558843 -0.00270865 
401 -0.132022 -2.22376 -0.0107975 2.85679 -0.595008 -0.00181898 
402 0.633045 -2.33666 -0.0791186 3.21942 -0.592332 -0.00123234 
403 1.20613 -2.43733 -0.149196 3.59101 -0.561012 -0.000982541 
404 2.92518 -11.5163 -5.82743 -1.39216 -0.650736 -0.0214747 
405 4.05796 -2.63563 -1.16245 -0.556807 -0.457724 -0.0177158 
406 15.3687 22.009 9.29051 -1.56127 0.473945 -2.25665 
407 7.53878 19.1322 -1.70382 -1.6644 0.786026 -0.0490172 
408 4.83558 14.2778 -1.33511 -1.87493 1.02114 -0.0364099 
409 1.54729 18.819 2.93712 1.59873 1.20892 -0.0325562 
410 -1.56575 10.526 -0.226071 1.199 1.11133 -0.0350583 
411 -2.447 9.74196 -0.549664 0.895391 0.9594 -0.0326015 
412 -3.04445 8.65121 -0.507734 0.585169 0.778712 -0.0294767 
413 -3.28895 7.75383 -0.408643 0.320734 0.587537 -0.0259488 
414 -3.26851 6.92421 -0.321863 0.0979068 0.399426 -0.022345 
415 -2.98978 6.37173 -0.240189 -0.0581798 0.227743 -0.0189712 
416 -2.68268 5.54782 -0.207186 -0.217019 0.072975 -0.0158429 
417 -2.28351 4.85185 -0.161459 -0.342254 -0.0603169 -0.0130763 
418 -1.83754 4.20888 -0.121199 -0.436873 -0.169997 -0.0107593 
419 -1.37756 3.61932 -0.0873216 -0.503832 -0.255668 -0.00890572 
420 -0.928342 3.08451 -0.0587319 -0.546093 -0.318178 -0.00749842 
421 -0.507687 2.6061 -0.0344633 -0.566608 -0.359244 -0.00649953 
422 -0.127674 2.18511 -0.0138851 -0.568355 -0.381158 -0.00585914 
423 0.205073 1.82194 0.00343101 -0.554316 -0.38661 -0.00545116 
424 0.487935 1.51684 0.0177728 -0.527303 -0.378388 -0.0051287 
425 0.718025 1.26687 0.0291113 -0.490136 -0.359039 -0.00498248 
426 0.897328 1.07046 0.0378036 -0.445357 -0.331209 -0.00496787 
427 -0.0702271 -10.5446 -4.385 -4.56426 -0.480616 -0.00835532 
428 12.4774 -24.3027 6.94994 -2.70649 0.191181 -0.00898407 
429 5.71997 -6.72608 -2.54844 -1.87465 0.488386 -0.0124274 
430 3.87647 -2.197 -0.642952 -1.32359 0.693258 -0.0150917 
431 2.2396 0.805938 -0.325714 -0.973626 0.810102 -0.0160811 
432 -0.776296 15.4878 1.2865 1.42829 0.831185 -0.0162949 
433 -2.45474 9.20795 -0.0830739 0.994552 0.690005 -0.0136943 
434 -2.87849 8.12775 -0.227698 0.62771 0.527639 -0.0126912 
435 -5.34967 9.23569 0.48919 0.190659 0.232201 -0.00799154 
436 -3.00787 5.64495 -0.345495 -0.0442884 0.0650631 -0.00657632 
437 -1.40155 3.00642 -0.0929788 -0.1459 -0.0155186 -0.00579738 
438 -1.05508 1.18248 0.169833 -0.149918 -0.0780978 -0.00463148 
439 -0.458803 1.03647 0.0605137 -0.14222 -0.108778 -0.00428678 
440 -0.0679667 0.863407 0.0363922 -0.131924 -0.118821 -0.00406194 
441 0.186112 0.763016 0.0182495 -0.116976 -0.115592 -0.00391798 
442 0.337845 0.709474 0.00620987 -0.0999847 -0.104571 -0.00382194 
443 0.416777 0.69477 -0.0017176 -0.0825327 -0.0896296 -0.00375071 
444 0.444721 0.702654 -0.00604748 -0.0660723 -0.073458 -0.00368857 
445 0.452007 0.803493 -0.015272 -0.0477252 -0.0570772 -0.00362599 
446 0.415714 0.792756 -0.00726435 -0.0370791 -0.0428483 -0.00354903 
447 0.376019 0.809604 -0.00723144 -0.02768 -0.0308765 -0.00346953 
448 0.336636 0.835467 -0.00735264 -0.0196737 -0.0211083 -0.00338306 
449 0.299198 0.860914 -0.00676532 -0.013304 -0.0134101 -0.0032888 
450 0.265554 0.884093 -0.00601632 -0.00842369 -0.00755502 -0.00318795 
451 0.232127 0.875242 -0.00268036 -0.00612018 -0.00354424 -0.00307794 
452 0.208102 0.879105 -0.0027362 -0.00404535 -0.000832641 -0.00296725 
453 0.190598 0.885999 -0.00281675 -0.00235277 0.000937591 -0.00285648 
454 0.177844 0.893477 -0.00279625 -0.00106828 0.00202641 -0.00274643 
455 0.168646 0.900335 -0.00274051 -0.000154608 0.00262782 -0.00263783 
456 0.162151 0.906066 -0.0026917 0.000451479 0.00288867 -0.00253128 
457 0.157716 0.910555 -0.00266771 0.000818459 0.00292023 -0.00242728 
458 0.154838 0.913879 -0.00267255 0.00100982 0.00280609 -0.00232619 
459 0.153115 0.916213 -0.00270297 0.00107927 0.00260789 -0.00222827 
460 0.152226 0.917751 -0.00275289 0.00106969 0.00236983 -0.00213367 
461 0.151918 0.918685 -0.00281543 0.00101345 0.00212237 -0.00204248 
462 0.151994 0.919178 -0.00288447 0.000933975 0.00188534 -0.00195471 
463 0.152303 0.91937 -0.00295483 0.000847164 0.00167058 -0.00187032 
464 0.152735 0.919367 -0.0030228 0.000763252 0.00148406 -0.00178925 
465 0.153212 0.91925 -0.0030857 0.000688062 0.00132765 -0.00171139 
466 0.153682 0.919076 -0.00314207 0.000624455 0.00120048 -0.00163664 
467 0.154111 0.918886 -0.00319112 0.000573113 0.00110002 -0.00156487 
468 0.154482 0.918702 -0.00323283 0.000533522 0.00102287 -0.00149597 
469 0.154787 0.918542 -0.00326746 0.000504315 0.000965277 -0.0014298 
470 0.155026 0.91841 -0.00329571 0.000483897 0.000923571 -0.00136624 
471 0.155205 0.91831 -0.00331824 0.000470489 0.000894346 -0.00130519 
472 0.155329 0.918239 -0.00333597 0.000462519 0.000874624 -0.00124653 
473 0.155407 0.918196 -0.00334959 0.000458495 0.000861884 -0.00119015 
474 0.155447 0.918174 -0.00335996 0.000457266 0.000854085 -0.00113596 
475 0.155457 0.918171 -0.00336764 0.00045781 0.000849607 -0.00108387 
476 0.155445 0.918181 -0.00337331 0.000459437 0.000847231 -0.00103378 
477 0.155416 0.918202 -0.00337736 0.000461548 0.000846051 -0.000985623 
478 0.155375 0.91823 -0.00338028 0.000463813 0.000845439 -0.000939314 
479 0.155325 0.918264 -0.00338229 0.00046593 0.000844966 -0.000894781 
480 0.155271 0.918299 -0.00338374 0.000467806 0.000844377 -0.000851955 
481 0.155214 0.918337 -0.00338473 0.000469322 0.000843525 -0.000810768 
482 0.155155 0.918376 -0.00338544 0.000470469 0.000842346 -0.000771158 
483 0.155096 0.918413 -0.00338599 0.000471296 0.000840843 -0.000733064 
484 0.155038 0.918452 -0.00338639 0.000471784 0.000839039 -0.000696427 
485 0.154981 0.918488 -0.00338676 0.000472034 0.000836987 -0.000661193 
486 0.154924 0.918524 -0.00338705 0.000472041 0.000834738 -0.000627308 
487 0.154869 0.918559 -0.00338738 0.000471907 0.000832354 -0.00059472 
488 0.154815 0.918594 -0.00338765 0.000471622 0.000829881 -0.000563379 
489 0.154761 0.918627 -0.00338797 0.000471278 0.000827371 -0.000533239 
490 0.154708 0.918661 -0.00338824 0.000470851 0.000824855 -0.000504253 
491 0.154656 0.918693 -0.00338857 0.00047042 0.000822369 -0.000476378 
492 0.154604 0.918726 -0.00338884 0.00046995 0.000819929 -0.00044957 
493 0.154552 0.918758 -0.00338916 0.00046951 0.000817557 -0.00042379 
494 0.154501 0.918791 -0.00338942 0.000469055 0.000815258 -0.000398997 
495 0.15445 0.918822 -0.00338973 0.000468645 0.000813045 -0.000375154 
496 0.154398 0.918855 -0.00338999 0.000468231 0.000810913 -0.000352224 
497 0.154347 0.918886 -0.00339029 0.000467868 0.00080887 -0.000330173 
498 0.154292 0.918898 -0.00339074 0.000467929 0.000806529 -0.000311875 
499 0.154235 0.918891 -0.00339179 0.000469106 0.000803694 -0.000298888 
500 0.154186 0.918912 -0.00339283 0.000470985 0.000801073 -0.000286374 
501 0.154139 0.918943 -0.00339333 0.000473001 0.0007988 -0.000274313 
502 0.154092 0.918981 -0.00339342 0.000474793 0.000796862 -0.000262686 
503 0.154044 0.91902 -0.00339339 0.000476291 0.000795203 -0.00025148 
504 0.153995 0.919062 -0.00339325 0.000477407 0.000793746 -0.000240678 
505 0.153944 0.919102 -0.00339315 0.000478215 0.000792432 -0.000230265 
506 0.153893 0.919142 -0.00339304 0.000478698 0.000791205 -0.000220228 
507 0.153841 0.91918 -0.00339301 0.000478959 0.000790037 -0.000210552 
508 0.153788 0.919219 -0.00339299 0.000478991 0.000788901 -0.000201225 
509 0.153736 0.919255 -0.00339305 0.000478892 0.00078779 -0.000192234 
510 0.153683 0.919292 -0.0033931 0.000478645 0.000786692 -0.000183566 
511 0.153631 0.919328 -0.00339324 0.000478337 0.000785615 -0.000175211 
512 0.153578 0.919364 -0.00339335 0.000477938 0.000784552 -0.000167158 
513 0.153525 0.919398 -0.00339354 0.000477524 0.000783512 -0.000159394 
514 0.153473 0.919433 -0.00339369 0.000477058 0.000782494 -0.000151911 
515 0.153421 0.919467 -0.00339391 0.000476605 0.000781505 -0.000144698 
516 0.153368 0.919501 -0.00339408 0.00047612 0.000780541 -0.000137745 
517 0.153316 0.919535 -0.00339431 0.000475665 0.00077961 -0.000131043 
518 0.153264 0.919569 -0.0033945 0.00047519 0.000778707 -0.000124583 
519 0.153211 0.919602 -0.00339474 0.000474752 0.000777837 -0.000118356 
520 0.153159 0.919637 -0.00339493 0.000474299 0.000776994 -0.000112354 
521 0.153107 0.91967 -0.00339517 0.000473887 0.000776184 -0.000106569 
522 0.153055 0.919704 -0.00339536 0.000473462 0.0007754 -0.000100993 
523 0.153002 0.919737 -0.0033956 0.000473078 0.000774646 -9.56189e-05 
524 0.15295 0.919771 -0.00339579 0.00047268 0.000773916 -9.04387e-05 
525 0.152898 0.919804 -0.00339603 0.000472323 0.000773213 -8.54461e-05 
526 0.152845 0.919838 -0.00339622 0.000471952 0.000772532 -8.06338e-05 
527 0.152793 0.91987 -0.00339645 0.00047162 0.000771876 -7.59958e-05 
528 0.152741 0.919904 -0.00339663 0.000471273 0.000771239 -7.15254e-05 
529 0.152689 0.919937 -0.00339687 0.000470966 0.000770626 -6.7217e-05 
530 0.152636 0.919971 -0.00339705 0.000470641 0.000770029 -6.30644e-05 
531 0.152584 0.920004 -0.00339728 0.000470355 0.000769455 -5.90623e-05 
532 0.152532 0.920038 -0.00339746 0.000470051 0.000768895 -5.5205e-05 
533 0.152479 0.920071 -0.00339769 0.000469784 0.000768356 -5.14876e-05 
534 0.152427 0.920104 -0.00339786 0.000469499 0.000767831 -4.79046e-05 
535 0.152375 0.920137 -0.00339809 0.00046925 0.000767325 -4.44518e-05 
536 0.13703 0.977967 -0.000277842 -0.00264839 -6.75542e-05 -3.4964e-05 
537 0.150596 0.919029 -0.0032333 -0.00260924 -0.000164727 -3.05955e-05 
538 0.152723 0.914324 -0.00364092 -0.00232554 -0.000147371 -2.7749e-05 
539 0.153041 0.914311 -0.00366122 -0.00204866 -0.000113365 -2.51602e-05 
540 0.15311 0.914683 -0.0036415 -0.00179842 -7.60324e-05 -2.26869e-05 
541 0.153136 0.915052 -0.00361943 -0.00157386 -3.75291e-05 -2.03095e-05 
542 0.153146 0.915388 -0.00359867 -0.00137244 1.40578e-06 -1.80213e-05 
543 0.153144 0.915691 -0.00357958 -0.0011917 4.02977e-05 -1.58181e-05 
544 0.153132 0.915964 -0.00356205 -0.00102946 7.87655e-05 -1.36955e-05 
545 0.153112 0.91621 -0.00354606 -0.000883739 0.000116517 -1.165e-05 
546 0.153085 0.916434 -0.00353142 -0.000752831 0.000153313 -9.67797e-06 
547 0.153052 0.916636 -0.00351812 -0.000635142 0.000188981 -7.77645e-06 
548 0.153014 0.91682 -0.00350599 -0.000529327 0.000223379 -5.94223e-06 
549 0.152614 1.0528 -0.00686589 -0 -0 0 
550 0.152405 0.918817 -0.00338853 -0 -0 0 
551 0.152405 0.918817 -0.00338853 -0 -0 0 
552 0.152405 0.918817 -0.00338853 -0 -0 0 
553 0.152405 0.918817 -0.00338853 -0 -0 0 
554 0.152405 0.918817 -0.00338853 -0 -0 0 
555 0.152405 0.918817 -0.00338853 -0 -0 0 
556 0.152405 0.918817 -0.00338853 -0 -0 0 
557 0.152405 0.918817 -0.00338853 -0 -0 0 
558 0.152405 0.918817 -0.00338853 -0 -0 0 
559 0.152405 0.918817 -0.00338853 -0 -0 0 
560 0.152405 0.918817 -0.00338853 -0 -0 0 
561 0.152405 0.918817 -0.00338853 -0 -0 0 
562 0.152405 0.918817 -0.00338853 -0 -0 0 
563 0.152405 0.918817 -0.00338853 -0 -0 0 
564 0.152405 0.918817 -0.00338853 -0 -0 0 
565 0.152405 0.918817 -0.00338853 -0 -0 0 
566 0.152405 0.918817 -0.00338853 -0 -0 0 
567 0.152405 0.918817 -0.00338853 -0 -0 0 
568 0.152405 0.918817 -0.00338853 -0 -0 0 
569 0.152405 0.918817 -0.00338853 -0 -0 0 
570 0.152405 0.918817 -0.00338853 -0 -0 0 
571 0.152405 0.918817 -0.00338853 -0 -0 0 
572 0.152405 0.918817 -0.00338853 -0 -0 0 
573 0.152405 0.918817 -0.00338853 -0 -0 0 
574 0.152405 0.918817 -0.00338853 -0 -0 0 
575 0.152405 0.918817 -0.00338853 -0 -0 0 
576 0.152405 0.918817 -0.00338853 -0 -0 0 
577 0.152405 0.918817 -0.00338853 -0 -0 0 
578 0.152405 0.918817 -0.00338853 -0 -0 0 
579 0.152405 0.918817 -0.00338853 -0 -0 0 
580 0.152405 0.918817 -0.00338853 -0 -0 0 
581 0.152405 0.918817 -0.00338853 -0 -0 0 
582 0.152405 0.918817 -0.00338853 -0 -0 0 
583 0.152405 0.918817 -0.00338853 -0 -0 0 
584 0.152405 0.918817 -0.00338853 -0 -0 0 
585 0.152405 0.918817 -0.00338853 -0 -0 0 
586 0.152405 0.918817 -0.00338853 -0 -0 0 
587 0.152405 0.918817 -0.00338853 -0 -0 0 
588 0.152405 0.918817 -0.00338853 -0 -0 0 
589 0.152405 0.918817 -0.00338853 -0 -0 0 
590 0.152405 0.918817 -0.00338853 -0 -0 0 
591 0.152405 0.918817 -0.00338853 -0 -0 0 
592 0.152405 0.918817 -0.00338853 -0 -0 0 
593 0.152405 0.918817 -0.00338853 -0 -0 0 
594 0.152405 0.918817 -0.00338853 -0 -0 0 
595 0.152405 0.918817 -0.00338853 -0 -0 0 
596 0.152405 0.918817 -0.00338853 -0 -0 0 
597 0.152405 0.918817 -0.00338853 -0 -0 0 
598 0.152405 0.918817 -0.00338853 -0 -0 0 
599 0.152405 0.918817 -0.00338853 -0 -0 0 
600 0.152405 0.918817 -0.00338853 -0 -0 0 
601 0.152405 0.918817 -0.00338853 -0 -0 0 
602 0.152405 0.918817 -0.00338853 -0 -0 0 
603 0.152405 0.918817 -0.00338853 -0 -0 0 
604 0.152405 0.918817 -0.00338853 -0 -0 0 
605 0.152405 0.918817 -0.00338853 -0 -0 0 
606 0.152405 0.918817 -0.00338853 -0 -0 0 
607 0.152405 0.918817 -0.00338853 -0 -0 0 
608 0.152405 0.918817 -0.00338853 -0 -0 0 
609 0.152405 0.918817 -0.00338853 -0 -0 0 
610 0.152405 0.918817 -0.00338853 -0 -0 0 
611 0.152405 0.918817 -0.00338853 -0 -0 0 
612 0.152405 0.918817 -0.00338853 -0 -0 0 
613 0.152405 0.918817 -0.00338853 -0 -0 0 
614 0.152405 0.918817 -0.00338853 -0 -0 0 
615 0.152405 0.918817 -0.00338853 -0 -0 0 
616 0.152405 0.918817 -0.00338853 -0 -0 0 
617 0.152405 0.918817 -0.00338853 -0 -0 0 
618 0.152405 0.918817 -0.00338853 -0 -0 0 
619 0.152405 0.918817 -0.00338853 -0 -0 0 
620 0.152405 0.918817 -0.00338853 -0 -0 0 
621 0.152405 0.918817 -0.00338853 -0 -0 0 
622 0.152405 0.918817 -0.00338853 -0 -0 0 
623 0.152405 0.918817 -0.00338853 -0 -0 0 
624 0.152405 0.918817 -0.00338853 -0 -0 0 
625 0.152405 0.918817 -0.00338853 -0 -0 0 
626 0.152405 0.918817 -0.00338853 -0 -0 0 
627 0.152405 0.918817 -0.00338853 -0 -0 0 
628 0.152405 0.918817 -0.00338853 -0 -0 0 
629 0.152405 0.918817 -0.00338853 -0 -0 0 
630 0.152405 0.918817 -0.00338853 -0 -0 0 
631 0.152405 0.918817 -0.00338853 -0 -0 0 
632 0.152405 0.918817 -0.00338853 -0 -0 0 
633 0.152405 0.918817 -0.00338853 -0 -0 0 
634 0.152405 0.918817 -0.00338853 -0 -0 0 
635 0.152405 0.918817 -0.00338853 -0 -0 0 
636 0.152405 0.918817 -0.00338853 -0 -0 0 
637 0.152405 0.918817 -0.00338853 -0 -0 0 
638 0.152405 0.918817 -0.00338853 -0 -0 0 
639 0.152405 0.918817 -0.00338853 -0 -0 0 
