# record data: step_count | acceleration (x y z) | gyro (x y z)
0 0.0854122 -0.00056638 -2.84983e-05 -0 -0 0 
1 0.0846361 -0.00164629 -0.000357377 0.000106396 -0.000116505 -0.00312178 
2 1.68649 -0.00536428 2.30697 0.000346187 0.087422 -0.00160571 
3 -1.60467 0.0044618 -2.70773 9.59987e-05 -0.00449427 -0.00305303 
4 -0.0146252 -5.68672e-05 0.0306678 7.03876e-05 -0.00954473 -0.0030103 
5 0.0933245 -0.000460775 0.0711398 6.68015e-05 -0.00884218 -0.00296816 
6 0.0991939 -0.000492038 0.0582251 6.51334e-05 -0.00786098 -0.0029266 
7 0.0981984 -0.000493329 0.0468717 6.37697e-05 -0.00696492 -0.00288563 
8 0.0968646 -0.000490965 0.0377148 6.25126e-05 -0.00616811 -0.00284522 
9 0.0956313 -0.000488873 0.030347 6.13755e-05 -0.00546163 -0.00280538 
10 0.0945195 -0.00048564 0.0244191 6.02952e-05 -0.00483591 -0.0027661 
11 0.0935219 -0.000483006 0.0196494 5.93022e-05 -0.00428219 -0.00272736 
12 0.0926291 -0.000479367 0.0158116 5.83401e-05 -0.00379255 -0.00268917 
13 0.0918319 -0.000476428 0.0127234 5.74445e-05 -0.00335986 -0.00265151 
14 0.0911216 -0.000472564 0.0102382 5.65631e-05 -0.00297772 -0.00261438 
15 0.0904898 -0.000469465 0.00823817 5.57348e-05 -0.00264043 -0.00257777 
16 0.0899289 -0.000465495 0.00662852 5.49101e-05 -0.00234286 -0.00254167 
17 0.0894317 -0.000462331 0.00533293 5.41298e-05 -0.00208045 -0.00250607 
18 0.0889915 -0.00045833 0.00429006 5.33463e-05 -0.00184914 -0.00247098 
19 0.0886025 -0.000455164 0.00345053 5.26019e-05 -0.00164533 -0.00243637 
20 0.0882592 -0.000451182 0.00277464 5.185e-05 -0.00146581 -0.00240225 
21 0.0879565 -0.000448052 0.00223043 5.11339e-05 -0.00130772 -0.00236861 
22 0.0876901 -0.000444119 0.00179221 5.04075e-05 -0.00116855 -0.00233544 
23 0.087456 -0.000441049 0.00143928 4.97149e-05 -0.00104607 -0.00230273 
24 0.0872504 -0.000437184 0.00115502 4.90104e-05 -0.000938302 -0.00227048 
25 0.0870702 -0.000434188 0.000926028 4.83384e-05 -0.000843494 -0.00223868 
26 0.0869125 -0.000430402 0.000741531 4.76536e-05 -0.000760106 -0.00220733 
27 0.0867746 -0.000427488 0.00059286 4.70004e-05 -0.000686776 -0.00217642 
28 0.0866544 -0.000423787 0.000473036 4.63338e-05 -0.0006223 -0.00214594 
29 0.0865498 -0.000420959 0.000376443 4.56985e-05 -0.000565619 -0.00211589 
30 0.0864589 -0.000417345 0.000298561 4.50493e-05 -0.000515795 -0.00208625 
31 0.0863802 -0.000414605 0.00023575 4.4431e-05 -0.000472006 -0.00205704 
32 0.0863122 -0.000411078 0.000185081 4.37987e-05 -0.000433524 -0.00202823 
33 0.0862536 -0.000408425 0.000144195 4.31971e-05 -0.000399709 -0.00199983 
34 0.0862034 -0.000404984 0.000111195 4.25812e-05 -0.000369998 -0.00197182 
35 0.0861605 -0.000402417 8.45494e-05 4.19958e-05 -0.000343896 -0.00194421 
36 0.0861241 -0.000399061 6.30281e-05 4.1396e-05 -0.000320966 -0.00191698 
37 0.0860934 -0.000396578 4.56386e-05 4.08266e-05 -0.000300823 -0.00189013 
38 0.0860677 -0.000393305 3.15819e-05 4.02426e-05 -0.00028313 -0.00186366 
39 0.0860465 -0.000390904 2.02139e-05 3.96889e-05 -0.000267591 -0.00183756 
40 0.0860291 -0.000387712 1.1016e-05 3.91204e-05 -0.000253943 -0.00181183 
41 0.0860151 -0.00038539 3.56968e-06 3.8582e-05 -0.000241956 -0.00178646 
42 0.0860042 -0.000382276 -2.46198e-06 3.80287e-05 -0.00023143 -0.00176144 
43 0.0859959 -0.000380031 -7.35093e-06 3.75053e-05 -0.000222187 -0.00173677 
44 0.0859899 -0.000376994 -1.13164e-05 3.69669e-05 -0.00021407 -0.00171245 
45 0.0859859 -0.000374824 -1.45352e-05 3.64582e-05 -0.000206943 -0.00168847 
46 0.0859838 -0.00037186 -1.71501e-05 3.59344e-05 -0.000200684 -0.00166483 
47 0.0859833 -0.000369763 -1.92764e-05 3.54401e-05 -0.000195189 -0.00164151 
48 0.0859841 -0.000366871 -2.10069e-05 3.49304e-05 -0.000190364 -0.00161852 
49 0.0859862 -0.000364845 -2.24169e-05 3.44501e-05 -0.000186128 -0.00159586 
50 0.0859893 -0.000362022 -2.3567e-05 3.39543e-05 -0.000182409 -0.00157351 
51 0.0859934 -0.000360064 -2.45064e-05 3.34877e-05 -0.000179144 -0.00155148 
52 0.0859982 -0.000357309 -2.52747e-05 3.30054e-05 -0.000176277 -0.00152975 
53 0.0860039 -0.000355418 -2.59041e-05 3.25521e-05 -0.00017376 -0.00150833 
54 0.0860101 -0.000352728 -2.64204e-05 3.20829e-05 -0.00017155 -0.00148721 
55 0.086017 -0.000350901 -2.68449e-05 3.16425e-05 -0.00016961 -0.00146638 
56 0.0860243 -0.000348275 -2.71944e-05 3.11862e-05 -0.000167907 -0.00144585 
57 0.086032 -0.000346511 -2.7483e-05 3.07584e-05 -0.000166412 -0.0014256 
58 0.0860402 -0.000343947 -2.77217e-05 3.03145e-05 -0.000165099 -0.00140564 
59 0.0860486 -0.000342243 -2.79198e-05 2.9899e-05 -0.000163946 -0.00138595 
60 0.0860574 -0.000339739 -2.80845e-05 2.94671e-05 -0.000162935 -0.00136655 
61 0.0860664 -0.000338095 -2.8222e-05 2.90636e-05 -0.000162047 -0.00134741 
62 0.0860757 -0.000335649 -2.83372e-05 2.86435e-05 -0.000161267 -0.00132854 
63 0.0860851 -0.000334063 -2.8434e-05 2.82515e-05 -0.000160582 -0.00130994 
64 0.0860947 -0.000331674 -2.85157e-05 2.78429e-05 -0.000159981 -0.0012916 
65 0.0861045 -0.000330143 -2.85851e-05 2.74622e-05 -0.000159454 -0.00127351 
66 0.0861144 -0.000327809 -2.86441e-05 2.70646e-05 -0.00015899 -0.00125568 
67 0.0861244 -0.000326333 -2.86947e-05 2.66949e-05 -0.000158584 -0.0012381 
68 0.0861345 -0.000324052 -2.87383e-05 2.63081e-05 -0.000158227 -0.00122076 
69 0.0861447 -0.000322629 -2.87761e-05 2.5949e-05 -0.000157913 -0.00120367 
70 0.086155 -0.0003204 -2.88091e-05 2.55727e-05 -0.000157638 -0.00118681 
71 0.0861654 -0.000319028 -2.88381e-05 2.5224e-05 -0.000157396 -0.0011702 
72 0.0861758 -0.00031685 -2.88637e-05 2.48579e-05 -0.000157184 -0.00115381 
73 0.0861863 -0.000315528 -2.88866e-05 2.45191e-05 -0.000156998 -0.00113765 
74 0.0861968 -0.0003134 -2.89071e-05 2.41629e-05 -0.000156834 -0.00112172 
75 0.0862074 -0.000312126 -2.89257e-05 2.3834e-05 -0.00015669 -0.00110602 
76 0.086218 -0.000310045 -2.89426e-05 2.34874e-05 -0.000156564 -0.00109053 
77 0.0862286 -0.000308818 -2.89581e-05 2.3168e-05 -0.000156453 -0.00107526 
78 0.0862393 -0.000306784 -2.89725e-05 2.28307e-05 -0.000156356 -0.00106021 
79 0.08625 -0.000305603 -2.89859e-05 2.25205e-05 -0.00015627 -0.00104536 
80 0.0862607 -0.000303614 -2.89984e-05 2.21924e-05 -0.000156195 -0.00103073 
81 0.0862714 -0.000302478 -2.90103e-05 2.18911e-05 -0.000156129 -0.00101629 
82 0.0862822 -0.000300533 -2.90215e-05 2.15718e-05 -0.000156071 -0.00100207 
83 0.0862929 -0.00029944 -2.90323e-05 2.12792e-05 -0.00015602 -0.000988035 
84 0.0863037 -0.000297538 -2.90426e-05 2.09685e-05 -0.000155976 -0.000974202 
85 0.0863145 -0.000296487 -2.90526e-05 2.06844e-05 -0.000155936 -0.000960562 
86 0.0863253 -0.000294626 -2.90622e-05 2.03821e-05 -0.000155902 -0.000947113 
87 0.0863361 -0.000293617 -2.90715e-05 2.01062e-05 -0.000155871 -0.000933853 
88 0.0863469 -0.000291796 -2.90806e-05 1.98119e-05 -0.000155845 -0.000920778 
89 0.0863577 -0.000290826 -2.90896e-05 1.95441e-05 -0.000155821 -0.000907887 
90 0.0863686 -0.000289045 -2.90983e-05 1.92577e-05 -0.000155801 -0.000895176 
91 0.0863794 -0.000288114 -2.91069e-05 1.89976e-05 -0.000155782 -0.000882643 
92 0.0863902 -0.000286371 -2.91153e-05 1.87189e-05 -0.000155766 -0.000870286 
93 0.0864011 -0.000285477 -2.91237e-05 1.84663e-05 -0.000155752 -0.000858102 
94 0.0864119 -0.000283772 -2.91319e-05 1.81951e-05 -0.00015574 -0.000846088 
95 0.0864227 -0.000282915 -2.91401e-05 1.79499e-05 -0.000155729 -0.000834243 
96 0.0864336 -0.000281245 -2.91482e-05 1.76859e-05 -0.000155719 -0.000822564 
97 0.0864444 -0.000280424 -2.91563e-05 1.74478e-05 -0.000155711 -0.000811048 
98 0.0864553 -0.000278789 -2.91642e-05 1.71908e-05 -0.000155703 -0.000799693 
99 0.0864661 -0.000278002 -2.91722e-05 1.69597e-05 -0.000155697 -0.000788498 
100 0.086477 -0.000276402 -2.91801e-05 1.67095e-05 -0.000155691 -0.00077746 
101 0.0864879 -0.000275648 -2.91879e-05 1.64852e-05 -0.000155686 -0.000766576 
102 0.0864987 -0.000274081 -2.91957e-05 1.62417e-05 -0.000155681 -0.000755844 
103 0.0865096 -0.000273361 -2.92035e-05 1.60239e-05 -0.000155677 -0.000745263 
104 0.0865204 -0.000271825 -2.92113e-05 1.57868e-05 -0.000155674 -0.00073483 
105 0.0865313 -0.000271137 -2.92191e-05 1.55754e-05 -0.000155671 -0.000724543 
106 0.0865331 0.00180198 0.000458724 7.93009e-05 -0.000156117 -0.000714388 
107 0.0865571 0.00604591 -6.22254e-05 0.000249154 -0.000155669 -0.000704332 
108 0.0865696 0.0103368 -6.67452e-05 0.000493392 -0.00015475 -0.000694372 
109 0.0865818 0.0145171 -6.13392e-05 0.000793822 -0.000153179 -0.000684506 
110 0.0865942 0.0185963 -5.53637e-05 0.00113647 -0.000150725 -0.00067473 
111 0.0866069 0.0225942 -4.89431e-05 0.00151058 -0.000147123 -0.000665044 
112 0.08662 0.0265365 -4.2002e-05 0.00190789 -0.000142072 -0.000655444 
113 0.0866335 0.0304473 -3.44427e-05 0.00232237 -0.000135225 -0.00064593 
114 0.0866475 0.0343561 -2.61452e-05 0.00274971 -0.000126182 -0.000636499 
115 0.086662 0.0382889 -1.69657e-05 0.00318715 -0.00011448 -0.00062715 
116 0.0866769 0.0422772 -6.73192e-06 0.00363312 -9.95815e-05 -0.00061788 
117 0.0866923 0.0463497 4.75975e-06 0.00408714 -8.08594e-05 -0.000608688 
118 0.0867081 0.0505385 1.77491e-05 0.0045495 -5.75829e-05 -0.000599572 
119 0.0867244 0.0548746 3.25181e-05 0.0050213 -2.88991e-05 -0.000590529 
120 0.086741 0.059392 4.93961e-05 0.00550415 6.18836e-06 -0.000581557 
121 0.0867579 0.0641232 6.87687e-05 0.00600026 4.88436e-05 -0.000572655 
122 0.0867751 0.0691042 9.10842e-05 0.00651215 0.000100427 -0.00056382 
123 0.0867924 0.07437 0.000116867 0.00704284 0.000162529 -0.000555051 
124 0.0868097 0.0799589 0.000146725 0.00759557 0.000237008 -0.000546346 
125 0.0868268 0.085909 0.00018137 0.00817398 0.000326033 -0.000537705 
126 0.0868437 0.0922619 0.000221625 0.00878188 0.000432143 -0.000529128 
127 0.087192 0.244098 0.000645238 0.0138927 0.0007048 -0.000519525 
128 0.0868969 0.124664 0.000385588 0.0134206 0.00088021 -0.000510685 
129 -40.1776 0.109649 1.19012 0.0142417 1.3445 -0.000520834 
130 -13.4129 0.548771 -0.364004 -0.00787432 0.277435 -0.000502096 
131 -2.97849 0.504267 -0.392285 -0.00888135 -0.19718 -0.000517057 
132 2.12436 0.260772 -0.266088 -0.0147782 -0.367558 -0.000542787 
133 29.0966 0.175539 -0.147259 -0.0152959 -1.36275 -0.000559094 
134 15.1683 0.135451 -0.456554 -0.0129332 -0.5555 -0.000594981 
135 7.67923 0.152131 0.174226 -0.0106249 -0.150958 -0.000596989 
136 3.66617 0.171885 0.114083 -0.00845595 0.0383196 -0.000593979 
137 1.56369 0.194607 0.0593602 -0.00652267 0.115216 -0.00058951 
138 0.507806 0.21943 0.0291958 -0.00486853 0.136036 -0.000585182 
139 0.0147483 0.245698 0.0138935 -0.00349531 0.131015 -0.00058178 
140 -0.184103 0.273061 0.00672866 -0.00237976 0.115924 -0.000579799 
141 -0.235848 0.301418 0.0038666 -0.00148644 0.0986299 -0.00057968 
142 -0.219449 0.330842 0.00321452 -0.000776735 0.0827675 -0.000581914 
143 -0.176064 0.361513 0.00366619 -0.00021357 0.0697777 -0.00058711 
144 -0.12617 0.393668 0.00466017 0.00023563 0.06002 -0.000596029 
145 -0.0791697 0.427577 0.00593056 0.000598625 0.0533683 -0.000609638 
146 -0.0387065 0.463513 0.00736886 0.000897675 0.0495199 -0.000629156 
147 -0.00557336 0.501764 0.00894927 0.00115097 0.0481493 -0.000656121 
148 0.0207337 0.542619 0.0106885 0.00137261 0.0489784 -0.000692474 
149 0.0412107 0.586368 0.0126255 0.00157377 0.0518039 -0.000740663 
150 0.0569493 0.633303 0.0148111 0.00176276 0.0565046 -0.000803769 
151 0.0689583 0.683729 0.0173046 0.00194637 0.0630394 -0.000885675 
152 0.0780978 0.737974 0.0201718 0.00213009 0.0714422 -0.000991272 
153 -26.5401 2.0335 0.292549 0.0409315 0.853877 -0.000458649 
154 -8.95226 1.35877 -0.266724 0.0122666 0.148272 -0.000440026 
155 -2.01403 1.13748 -0.218382 -6.95802e-05 -0.164154 -0.000440429 
156 1.38553 1.07627 -0.116921 -0.00438822 -0.274634 -0.00044386 
157 2.88301 1.09986 -0.0527771 -0.00496498 -0.287422 -0.000449457 
158 19.3638 1.17492 0.219501 -0.00397089 -0.576869 -0.00244557 
159 8.88591 1.26147 0.212989 -0.00216863 -0.08729 -0.00301595 
160 4.33653 1.3781 0.112129 -0.000604325 0.155795 -0.00349416 
161 1.88865 1.50149 0.0454029 0.000809554 0.272305 -0.00406207 
162 0.605607 1.63318 0.0116651 0.00207918 0.325498 -0.00474947 
163 -0.0438166 1.77395 -0.00267019 0.00321375 0.350089 -0.00559119 
164 -0.357386 1.92449 -0.00635975 0.00422922 0.364874 -0.0066294 
165 -0.5004 2.08553 -0.00437867 0.00514672 0.379896 -0.00791599 
166 -0.56348 2.25795 0.000572682 0.00599026 0.400503 -0.00951538 
167 -0.595547 2.44275 0.00709413 0.00678399 0.429614 -0.011508 
168 -0.622557 2.64102 0.0145108 0.0075505 0.468995 -0.0139943 
169 -0.65809 2.85387 0.0225408 0.00830791 0.519958 -0.0171004 
170 -0.709289 3.08263 0.03112 0.00907571 0.583752 -0.0209843 
171 -0.780172 3.32864 0.0402878 0.00986925 0.661784 -0.0258442 
172 -0.873472 3.5933 0.0501337 0.010702 0.755744 -0.0319292 
173 -1.32781 3.87946 0.00831026 0.0114116 0.688371 -0.0336911 
174 -1.99524 4.18512 -0.0339566 0.0121222 0.491579 -0.0309991 
175 -2.52004 4.51258 -0.0429607 0.0129843 0.275119 -0.0268214 
176 -2.9062 4.86636 -0.043102 0.0139445 0.0443118 -0.0207534 
177 -3.24355 5.24774 -0.0411098 0.0149744 -0.200432 -0.0122702 
178 -3.58553 5.65855 -0.0387798 0.0160645 -0.461616 -0.00069504 
179 -2.30229 15.6461 0.815916 0.311138 -0.630108 0.00356726 
180 -0.118078 10.307 0.050631 0.0974571 -0.655769 0.00403647 
181 1.22393 8.66922 0.133936 0.00528458 -0.633389 0.00137955 
182 1.45966 7.38128 0.142135 -0.055224 -0.570029 0.00195017 
183 1.49353 5.54724 0.0310056 -0.119772 -0.504449 0.00272558 
184 1.43596 9.49135 1.27239 0.00780498 -0.442763 0.00261938 
185 1.27149 -2.65924 0.10516 -0.373552 -0.388428 0.00468104 
186 1.14815 -7.10576 0.255325 -0.481511 -0.340445 0.00639627 
187 1.64654 -8.80585 0.392388 -0.465247 -0.256379 0.00144923 
188 2.42769 -9.14391 0.473847 -0.400283 -0.121653 -0.0103229 
189 2.67436 -8.81999 0.488462 -0.324551 0.0261742 -0.0233577 
190 2.50286 -8.27256 0.364848 -0.25255 0.149885 -0.0341154 
191 0.883586 -7.68861 -0.345853 -0.191789 0.0715221 -0.0187513 
192 0.165449 -7.05895 -0.350237 -0.142164 0.0455659 -0.012246 
193 -0.0441226 -6.47354 -0.32334 -0.102813 0.0423832 -0.011521 
194 -0.103174 -5.94005 -0.303779 -0.0725409 0.0359514 -0.0108436 
195 -0.111994 -5.4639 -0.2862 -0.0496678 0.0288891 -0.010208 
196 -0.0977286 -5.0415 -0.269552 -0.0326364 0.0223803 -0.00961082 
197 -0.0743638 -4.66729 -0.253854 -0.0201199 0.0168607 -0.00904911 
198 -0.0487658 -4.33539 -0.239131 -0.0110416 0.0124006 -0.0085201 
199 -0.0240037 -4.04036 -0.225387 -0.00455331 0.00890745 -0.00802127 
200 -0.00118282 -3.77755 -0.212617 -6.18138e-07 0.00623037 -0.00755033 
201 0.0195549 -3.54295 -0.200796 0.00311799 0.00421137 -0.00710509 
202 0.0384994 -3.33325 -0.189907 0.00518029 0.00270735 -0.00668352 
203 0.0560972 -3.14593 -0.179942 0.00646433 0.00159792 -0.00628366 
204 0.0728218 -2.97863 -0.170847 0.00718618 0.000786146 -0.00590365 
205 -5.64052 58.3045 -0.174607 2.54936 -0.0803636 -0.125402 
206 2.41061 19.1984 -8.81314 1.46116 0.335878 -1.59065 
207 -8.62417 -9.41325 -5.76312 1.49499 -0.0703629 -1.97878 
208 -2.73522 -5.48638 2.03206 0.847773 -0.683139 0.00597661 
209 2.94142 -35.775 9.35183 -2.14288 -0.726203 -0.00132561 
210 3.55191 -21.6074 0.158673 -1.09871 -0.546297 -0.000504947 
211 2.64636 -18.2323 -0.605425 -0.229014 -0.432342 0.015313 
212 0.536338 -14.2114 -0.36794 0.427366 -0.449209 0.0504747 
213 -0.109938 -10.9372 -0.375574 0.912942 -0.513521 0.0879146 
214 -1.27738 -7.57866 -0.165177 1.22339 -0.640549 0.124308 
215 -1.24388 -4.35996 0.139338 1.48814 -0.620112 0.111248 
216 -0.776951 -1.51369 -0.0556935 1.69841 -0.563449 0.0929039 
217 -0.480598 0.6875 0.0300062 1.79815 -0.494631 0.0754697 
218 -0.954666 1.94772 0.434882 1.83927 -0.455281 0.0591304 
219 -1.18583 2.99905 0.453248 1.83278 -0.430831 0.0437076 
220 -1.30267 2.67825 -0.0125504 1.85344 -0.415071 0.0298227 
221 -0.759509 2.06718 0.236203 1.9195 -0.332875 -0.0247733 
222 1.05 2.39867 0.660497 1.97981 -0.138791 -0.0974817 
223 2.65616 2.99762 0.625846 2.01978 0.0939791 -0.159196 
224 2.96916 4.79434 1.45231 1.97625 0.337499 -0.222045 
225 4.85423 4.98753 0.740869 1.93602 0.677331 -0.284146 
226 7.40117 5.47309 -0.381564 1.87067 0.901115 -0.262981 
227 6.14049 5.61269 -1.05382 1.80975 1.02719 -0.231792 
228 4.84735 5.75657 -1.21407 1.75635 1.0978 -0.203375 
229 3.64546 5.90225 -1.28971 1.71117 1.11743 -0.177353 
230 3.71686 6.7048 -2.33382 1.70731 -0.267318 0.117414 
231 0.522372 4.8871 -0.443014 1.13348 -0.204092 0.105999 
232 0.169057 4.97003 -0.131946 0.580752 -0.171724 0.0960599 
233 0.162877 5.02671 -0.0943321 0.0440353 -0.152616 0.0874968 
234 -1.5418 2.85709 -1.06837 -0.358917 0.416423 -0.0568955 
235 -0.369508 3.0602 0.101973 -0.76639 0.280696 -0.0420998 
236 2.17415 3.71141 0.505687 -1.20409 0.281095 -0.0268064 
237 1.7758 3.68621 0.13552 -1.64034 0.2868 -0.0205162 
238 0.990858 3.76129 0.0694904 -2.08498 0.267471 -0.0188107 
239 0.441107 4.10988 0.139849 -2.55703 0.236815 -0.0221952 
240 0.683676 3.96512 -0.128838 -3.0347 0.234789 -0.0294132 
241 8.68263 -9.40367 6.18535 -2.79303 0.626196 -0.0203366 
242 4.82869 -6.56388 -1.03212 -2.73749 0.676525 0.00395427 
243 3.87799 -7.55621 -0.083054 -2.6435 0.658314 0.0316782 
244 2.9976 -8.44072 0.0712631 -2.52275 0.569405 0.0623521 
245 -5.02134 -15.4938 2.83375 -2.03735 0.0125787 0.0956138 
246 -2.77724 -15.2091 -0.204223 -1.59566 -0.247971 0.094833 
247 -0.819089 -14.9763 -0.355283 -1.19048 -0.38443 0.0867072 
248 0.713541 -14.6758 -0.275093 -0.826552 -0.45658 0.0788293 
249 1.90524 -14.3124 -0.170783 -0.509388 -0.483326 0.0713585 
250 2.83773 -13.9256 -0.065117 -0.241902 -0.479078 0.0643579 
251 9.15753 -20.5164 3.66212 -0.844326 -0.459712 0.00484363 
252 10.6151 -17.2856 1.84467 -0.429403 0.262053 -0.0877596 
253 12.3234 -16.6575 2.25577 -0.0934608 1.14136 -0.187076 
254 14.2589 -16.17 2.92134 0.166619 2.20325 -0.288129 
255 25.4974 -26.1796 10.9546 -0.828623 3.61185 -0.460425 
256 6.32924 -19.986 -7.37843 -0.528351 2.08469 -0.00410862 
257 -19.4503 -19.2657 -8.55567 -0.168876 -0.836045 0.48322 
258 -23.6629 -18.321 -1.93133 0.398417 -2.37597 0.514701 
259 -22.2183 -16.2655 -1.42226 1.0303 -3.72469 0.466214 
260 -18.7749 -13.7051 -1.6442 1.67439 -4.80489 0.361644 
261 -13.8243 -8.68583 -3.03725 2.63301 -5.55832 0.219468 
262 2.79976 47.7037 17.7787 1.1378 -5.2395 -0.295027 
263 -7.59013 23.0413 -9.54072 0.847927 -5.56299 -0.453384 
264 -6.9292 23.7731 -1.17221 0.437061 -5.90509 -0.416108 
265 -5.94493 19.3146 -1.33897 0.212242 -6.20272 -0.38987 
266 -1.22749 18.7324 1.51603 -0.0355606 -6.17607 -0.361079 
267 3.57588 17.4368 -0.214106 -0.261746 -5.82756 -0.401386 
268 7.15281 15.5863 -0.133835 -0.436363 -5.1865 -0.42 
269 9.88239 13.6203 0.0639314 -0.550916 -4.20026 -0.412965 
270 11.8611 11.5377 0.0832964 -0.596133 -3.17269 -0.386676 
271 12.9494 9.58185 0.0403757 -0.575883 -2.14654 -0.347717 
272 13.5487 7.8323 -0.11998 -0.496731 -1.18334 -0.281219 
273 17.093 1.55633 0.618089 -0.1099 -0.0672546 -0.225841 
274 14.6735 3.48232 -0.907659 0.13947 0.901421 -0.171072 
275 12.3003 4.82662 -0.903309 0.290099 1.72787 -0.117614 
276 9.82767 5.48179 -0.690745 0.38198 2.38867 -0.0642535 
277 6.70446 6.29782 -0.693951 0.408255 2.76075 -0.0232033 
278 4.13671 5.48657 -1.00893 0.46137 2.90109 -0.000173345 
279 2.15537 5.04674 -0.88768 0.520493 2.93357 0.0172737 
280 0.57801 4.95124 -0.767981 0.568796 2.8813 0.0304053 
281 28.9769 -31.8692 2.49452 -4.38488 0.368295 0.125629 
282 30.0705 -46.7228 -9.73321 -4.07485 3.8113 3.73968 
283 21.2467 -6.65765 -17.106 -2.1272 4.99447 8.96504 
284 18.3265 1.63908 -6.43853 -1.16554 5.8697 9.59946 
285 16.5732 13.518 -4.54693 -1.65933 4.61275 4.86598 
286 11.7473 35.8561 0.663802 2.51446 9.10921 -0.0103001 
287 16.7504 30.6178 1.34349 2.41717 10.0697 -0.0223588 
288 -72.4088 36.0106 70.7487 0.662792 6.163 -0.00718285 
289 -35.7794 16.6523 -29.6308 -0.0405942 4.3269 -0.00352191 
290 -39.6579 17.1294 -13.236 -0.791698 2.24369 -0.0115897 
291 -39.929 14.2364 -9.76453 -1.39588 0.16356 -0.0101649 
292 -39.5539 11.9944 -9.65438 -1.88939 -1.91374 -0.0142947 
293 -2.99911 0.713662 10.2686 -1.78414 -2.00563 -0.00372193 
294 -4.07484 -0.0137864 -1.54941 -1.65272 -2.20342 -0.00563721 
295 1.987 5.02509 2.32353 -1.80674 -2.0811 -0.00278546 
296 3.37115 4.83399 1.41513 -1.96077 -1.72016 0.0417374 
297 4.79322 3.84624 0.647835 -2.36133 -1.25326 0.0956776 
298 4.1204 3.45626 0.456092 -2.75275 -0.821549 0.149945 
299 5.04514 1.71384 1.15828 -3.21933 -0.131391 0.254527 
300 7.53104 -0.0412489 0.829098 -3.45437 0.469553 0.305412 
301 8.45275 -2.38698 2.62723 -3.58305 1.14067 0.366053 
302 9.61271 -2.54971 1.63846 -3.7221 1.86947 0.425877 
303 9.97712 -2.59828 1.08125 -3.8769 2.57327 0.476077 
304 11.4089 -2.59072 -0.24436 -4.04264 3.08159 0.459888 
305 9.33559 -2.76723 -0.486245 -4.2232 3.50868 0.452919 
306 14.3787 -13.7506 -9.27306 -8.96081 -2.28121 -0.295312 
307 3.74285 -1.34081 -1.31826 -8.2308 -1.61246 -0.281177 
308 1.47173 -1.8723 0.297735 -7.5625 -1.09644 -0.256843 
309 -0.236606 -2.31461 0.419821 -6.95564 -0.722562 -0.232327 
310 -1.50117 -2.67549 0.319659 -6.40501 -0.462552 -0.209305 
311 -4.18351 -0.885197 0.152352 -5.83117 3.65018 0.484971 
312 1.51637 -2.17337 0.659179 -5.65316 3.65177 0.483782 
313 -72.0643 -94.1414 66.7655 -0.495526 1.51176 0.946974 
314 -8.42077 -21.4223 -54.685 1.05897 -0.877926 0.593282 
315 1.37443 -18.0704 -17.2526 2.31164 -0.904244 0.701431 
316 2.63028 -18.9204 -3.47483 3.51489 -0.873323 0.552308 
317 6.73232 -15.6198 -2.26767 4.54414 -0.665967 0.374185 
318 9.82323 -13.0642 -1.82964 5.44785 -0.310188 0.211977 
319 11.9807 -11.2263 -1.59758 6.2716 0.144959 0.0704254 
320 13.4484 -9.91219 -1.53913 7.05086 0.660679 -0.0547704 
321 14.4289 -8.95941 -1.61267 7.81143 1.20974 -0.166839 
322 15.0923 -8.23111 -1.7871 8.57182 1.77345 -0.267966 
323 15.5776 -7.61589 -2.04013 9.34493 2.33964 -0.359554 
324 15.994 -7.02791 -2.3549 10.1393 2.90127 -0.442343 
325 26.3202 41.5657 24.2842 8.526 4.5124 2.18294 
326 1.69132 22.0466 -0.127708 7.79503 3.70743 -0.120389 
327 -1.25694 23.0313 0.59743 7.10856 3.22203 -0.219484 
328 -33.0956 44.2307 16.204 5.30817 0.950266 -0.347252 
329 -15.3879 36.6746 -9.26457 3.97505 -0.414616 -0.450885 
330 -13.1414 37.706 -3.32345 2.61547 -1.39816 -0.471553 
331 -8.52445 38.0205 -1.43735 1.27388 -1.28308 -0.328788 
332 0.742679 34.6774 1.67734 0.158686 -0.620279 -0.181527 
333 8.47439 31.1863 2.95225 -0.723052 0.523828 -0.0389682 
334 9.59657 27.6192 0.498832 -1.34139 1.111 -0.0594136 
335 -11.6555 15.5727 -3.88925 -1.22463 -1.11925 -0.40391 
336 -14.5783 19.7679 -7.54669 -1.43177 -3.0454 -0.633063 
337 -15.7732 20.598 -2.68985 -1.94774 -4.04505 -0.652667 
338 -16.113 17.5723 -1.82017 -2.50979 -4.95887 -0.598448 
339 -15.0286 13.5834 -1.65896 -3.01871 -5.73515 -0.487894 
340 -11.5104 10.3835 -1.27106 -3.50059 -6.26597 -0.341622 
341 -14.1858 -5.32057 1.35033 -3.8351 -6.89703 -0.172521 
342 0.688912 -35.4081 10.0973 -2.84316 -6.43877 0.830997 
343 -4.10232 -33.0103 1.06844 -2.72287 -7.03768 1.21248 
344 0.657988 -27.3247 -1.48187 -1.98924 -6.37392 1.48006 
345 5.52578 -22.5853 -1.34588 -1.45535 -5.4217 1.80816 
346 8.70319 -20.0994 -0.344159 -1.04584 -4.37978 1.87302 
347 8.66078 -19.9024 0.391042 -0.782941 -3.51238 0.505754 
348 8.58362 -17.1734 0.337273 -0.496629 -2.723 0.255843 
349 10.9275 -17.9633 2.94342 -0.562747 -1.28601 0.13133 
350 10.2748 -14.6688 0.0565776 -0.274432 -0.542782 0.0757815 
351 9.27493 -12.8167 -0.268965 -0.0600725 -0.0277631 0.0271602 
352 7.36648 -11.4886 -0.232689 0.111345 0.508323 -0.00414977 
353 5.20491 -10.8478 -0.608258 0.27172 0.91038 -0.0165844 
354 3.58001 -10.1225 -0.618381 0.41654 1.20833 -0.0276403 
355 2.23899 -9.19839 -0.665963 0.533663 1.39035 -0.048855 
356 2.68261 -4.18864 0.293872 0.397675 1.49551 -0.051682 
357 0.750743 -5.35959 -0.578096 0.347639 1.49773 -0.0581632 
358 45.664 51.8399 11.7462 4.14725 -1.09094 -0.0248308 
359 27.8841 48.4572 -14.2264 5.45613 4.31217 -0.463919 
360 21.6122 28.117 -34.3313 3.04708 9.30164 -0.913983 
361 -33.0411 -24.5672 0.0145201 3.72029 8.63214 -3.75442 
362 -33.3259 -3.77359 3.04304 2.58049 0.931183 -1.64195 
363 -53.3247 -40.0234 11.5667 -2.07105 -0.0274086 -1.08886 
364 -13.0276 -44.1019 14.7069 -2.16103 -0.692716 0.0180319 
365 -9.31709 -27.5359 -3.33538 -0.883901 -1.19874 0.00895184 
366 -3.61015 -22.6838 -1.58361 0.148939 -1.40579 -0.000955567 
367 1.43836 -18.5131 -1.10495 0.967935 -1.36492 -0.00537102 
368 3.09408 -13.4239 -0.319959 1.52377 -1.2324 -0.0116339 
369 4.10959 -9.74729 -0.266667 1.89412 -1.0602 -0.0155611 
370 3.75639 -7.31302 0.149072 2.14605 -0.917296 -0.0187922 
371 2.98582 -5.4962 0.318238 2.31193 -0.824032 -0.0216544 
372 2.48084 -3.87012 0.271167 2.40112 -0.76512 -0.0240877 
373 3.17721 -2.84952 1.22624 2.45355 -0.494779 -0.0699067 
374 3.76567 -1.60246 0.281041 2.74002 -0.160715 -0.121344 
375 2.68947 -1.21037 0.156711 3.01743 0.120814 -0.168952 
376 3.94888 -0.102928 0.8228 3.24965 0.464434 -0.217997 
377 5.66945 -0.0713101 1.35829 3.49726 0.902455 -0.269148 
378 6.73804 1.23114 1.9634 3.69204 1.40772 -0.323891 
379 7.70243 2.13113 1.61312 3.85703 1.96833 -0.379494 
380 8.5348 2.21432 0.994545 4.03756 2.57887 -0.436213 
381 8.60903 2.27508 0.140371 4.23082 3.05227 -0.460158 
382 9.99727 2.33256 -0.699394 4.43801 3.43852 -0.445908 
383 7.76026 2.53353 -0.861927 4.66044 3.73669 -0.44042 
384 11.2558 14.6466 -10.525 9.83789 -0.485689 0.102709 
385 2.65403 1.09766 -1.38685 9.11303 -0.0787347 0.0922582 
386 0.671654 1.67761 0.223295 8.454 0.205221 0.0769305 
387 -0.758906 2.15606 0.368352 7.86194 0.380817 0.0631849 
388 -1.76233 2.55065 0.294331 7.33145 0.47358 0.0518337 
389 -3.51427 0.186336 0.575161 6.54514 3.4153 -0.459294 
390 0.510367 2.50941 0.0208736 6.66622 3.29235 -0.425163 
391 -70.3651 91.4041 64.287 1.19119 -0.0246821 -1.6249 
392 -11.3563 23.6031 -51.6021 -0.421797 -1.53926 -1.17073 
393 -0.170402 20.0573 -16.0807 -1.6897 -1.69322 -0.944725 
394 1.24727 20.6376 -2.93611 -2.92832 -1.8025 -0.678291 
395 6.33341 16.3507 -2.34172 -3.95707 -1.67295 -0.519948 
396 10.1525 13.2668 -1.90821 -4.83081 -1.36481 -0.384968 
397 13.5563 11.9402 -1.26525 -5.65092 -0.898146 -0.276891 
398 14.6143 9.47082 -1.90443 -6.36402 -0.402316 -0.18812 
399 15.8051 8.45332 -1.51849 -7.05339 0.130613 -0.115721 
400 16.6553 7.61419 -1.5917 -7.73589 0.678712 -0.0566804 
401 17.3005 6.8952 -1.81183 -8.42509 1.22777 -0.00982318 
402 17.8551 6.22157 -2.09994 -9.12875 1.77117 0.0253532 
403 22.7255 1.8057 -4.78642 -9.67216 2.53335 -0.0521078 
404 24.9103 0.190581 -4.29695 -10.1822 3.37108 -0.0919564 
405 1.18533 -31.5278 43.4672 -8.96471 2.88045 0.278747 
406 -0.343699 -21.8812 -9.34191 -8.37791 2.85692 0.259908 
407 0.222923 -24.2681 0.984329 -7.7011 3.11476 0.174925 
408 -27.348 -46.3145 18.4714 -5.8726 2.02876 0.0629101 
409 -8.61628 -39.704 -5.0722 -4.48019 2.04701 -0.0597602 
410 -2.73945 -41.5139 -0.938353 -3.04108 2.45378 -0.180679 
411 0.975458 -40.5217 -2.25153 -1.73984 2.45761 -0.143455 
412 -6.49031 -37.5459 -9.83411 -0.706586 0.368786 0.232213 
413 -16.8753 -33.6363 -6.52778 0.234544 -1.76056 0.492996 
414 -25.7685 -37.2478 5.16548 0.00712416 -4.30455 0.695933 
415 -25.9603 -28.7814 -4.81255 1.40719 -5.64383 0.572258 
416 -24.9713 -22.365 -8.11354 3.14723 -6.87523 0.406053 
417 -12.6162 -10.0264 -4.00902 4.65975 -7.40277 0.2096 
418 -5.81255 -4.65999 -3.53888 5.83378 -7.55609 0.0274927 
419 -3.74017 -5.56084 -0.844326 7.01902 -7.59831 -0.143676 
420 13.6377 54.4359 22.8062 4.9252 -6.69927 -0.300195 
421 2.98459 31.6288 -8.14177 3.88033 -6.24274 -1.94288 
422 11.3768 38.9501 2.7356 3.25296 -4.38195 -0.842089 
423 12.6692 32.0839 -1.18872 2.24497 -3.2714 -0.377898 
424 12.8958 27.1392 -1.10183 1.43854 -2.22573 -0.193326 
425 12.6131 22.9341 -0.781327 0.864372 -1.21147 0.218907 
426 5.71591 22.8686 1.40884 0.172775 -0.754236 0.115621 
427 5.75067 17.97 -0.245429 -0.333129 -0.161255 -0.114747 
428 4.92305 14.8255 0.0703139 -0.640319 0.515755 -0.0593427 
429 4.77694 11.9089 0.0499394 -0.819481 0.966912 -0.00874461 
430 4.22047 9.70454 0.0207008 -0.907077 1.32866 0.0339022 
431 3.41396 8.53343 -0.515917 -0.954659 1.4696 0.0477317 
432 2.44757 7.51979 -0.561122 -0.971441 1.55043 0.0641963 
433 1.0379 6.30673 -0.664225 -0.945355 1.55004 0.0765603 
434 0.0236907 5.33463 -0.604543 -0.887627 1.49077 0.0844669 
435 42.3095 -27.2854 -0.602759 -6.05456 -1.38945 0.0728294 
436 34.3645 -64.1124 8.82872 -6.52528 4.31462 0.470793 
437 21.0989 -30.7873 -36.8138 -3.98708 9.29641 0.917197 
438 20.9871 -26.0395 -42.3733 -1.70668 12.5076 1.20463 
439 -66.2389 27.4391 73.5246 -2.24386 2.32321 2.02999 
440 -46.1116 38.8622 -7.12329 2.6334 1.46447 1.02287 
441 -43.8724 33.722 -4.67349 3.3498 -0.854834 -0.0026115 
442 -41.1834 26.7628 -10.9168 2.11884 -3.06157 -0.00911331 
443 2.20824 41.2596 8.44336 0.253996 -2.9038 0.00678186 
444 -3.77306 29.4577 -6.43107 -1.14241 -3.14484 0.0192998 
445 14.1467 12.756 5.45808 -1.64514 -2.42693 0.0188137 
446 9.18016 11.5236 -1.96147 -2.10774 -2.00208 0.0230184 
447 7.68739 9.23396 0.0915912 -2.45765 -1.66617 0.0275132 
448 6.45833 6.92313 0.278771 -2.69485 -1.40576 0.0317295 
449 6.41366 5.23245 1.24465 -2.86011 -0.97607 0.0789691 
450 6.34516 3.30213 0.325545 -3.22499 -0.518392 0.132295 
451 4.687 2.33071 0.193448 -3.55159 -0.145546 0.181558 
452 5.161 0.225943 0.601527 -3.78015 0.246748 0.227358 
453 6.80749 0.146696 1.53735 -4.02472 0.728926 0.277003 
454 7.9903 -0.474468 1.84404 -4.25519 1.281 0.329035 
455 8.64795 -2.08537 2.17122 -4.41974 1.87863 0.38427 
456 9.43865 -2.19043 1.18766 -4.6006 2.5196 0.438963 
457 9.45665 -2.25413 0.535186 -4.79865 3.08742 0.476806 
458 10.4222 -2.27452 -0.662455 -5.01193 3.47414 0.460419 
459 8.9365 -2.44121 -0.849739 -5.24437 3.80851 0.451591 
460 12.5563 -14.6484 -10.702 -10.5979 -0.200753 -0.0596168 
461 4.0412 -0.997581 -1.3802 -9.87315 0.245873 -0.0478343 
462 1.70581 -1.58436 0.234775 -9.21846 0.552917 -0.0313669 
463 -0.0452127 -2.08135 0.36322 -8.63404 0.737625 -0.0170789 
464 -1.32416 -2.49299 0.265276 -8.11445 0.827703 -0.00589476 
465 -2.52103 -0.489403 -0.603691 -7.48311 3.53274 0.46484 
466 -98.1565 -123.033 130.063 -2.26954 6.2449 6.46218 
467 -20.9362 -28.8761 -66.8881 -0.311748 4.34726 6.13898 
468 -21.9142 -32.1669 -60.4373 2.29292 0.473271 4.15696 
469 -24.7893 -36.1892 -52.2834 5.12637 -3.96842 1.79928 
470 -35.2304 -45.3513 -31.3943 7.79183 -5.82231 1.68456 
471 39.5097 -4.65621 75.1102 7.85503 -6.13325 1.92232 
472 22.8348 -0.979028 -7.30137 9.06293 -5.21137 1.52824 
473 23.8667 -2.10344 -1.93997 9.43282 -4.23732 1.48304 
474 24.156 -1.97769 -0.914804 9.82869 -3.28462 1.43092 
475 24.2452 -1.77164 -1.09979 10.2574 -2.36347 1.37282 
476 24.262 -1.47547 -1.56374 10.7258 -1.47989 1.3431 
477 24.3973 -1.19109 -2.03707 11.2316 -0.628177 1.28866 
478 30.6182 43.455 31.6878 9.09584 0.561509 -0.276098 
479 23.3138 30.875 -9.35947 7.97083 1.27275 -0.334061 
480 24.5544 32.6453 -6.57573 6.78982 2.00753 -0.384054 
481 24.8846 33.513 -6.02397 5.61 2.77094 -0.420309 
482 24.9647 33.8083 -5.40237 4.45688 4.05139 -0.370225 
483 25.2865 33.9456 -3.61197 3.33279 5.56907 -0.259749 
484 25.7158 33.6623 -1.83248 2.26195 7.30712 -0.113188 
485 -37.2553 50.6152 30.8235 0.308291 5.67475 -0.00715164 
486 -9.16971 37.6604 -8.6947 -0.891726 5.71832 0.13544 
487 -9.77244 45.0812 -2.72799 -0.496367 2.97673 -0.202595 
488 -22.3276 39.4193 -10.3686 -1.84116 0.415792 -0.571174 
489 -37.1045 20.5089 9.67005 -2.4058 -1.77386 -0.582071 
490 -31.8916 20.5755 -7.73101 -3.18433 -3.56874 -0.515309 
491 -31.7051 17.8864 -6.04761 -3.97543 -5.28716 -0.411874 
492 -17.3612 10.837 -0.774849 -4.66964 -6.15984 -0.240549 
493 -10.8798 4.03453 -3.42696 -5.8936 -6.65679 -0.0678626 
494 -8.49869 4.95104 -1.36404 -7.12632 -7.0083 0.102618 
495 -1.63296 -62.7596 27.4907 -4.65843 -6.8681 0.321981 
496 2.61387 -33.2308 -11.6605 -3.51703 -6.55096 2.62624 
497 3.55862 -33.8453 -3.38377 -2.44304 -6.16088 3.05438 
498 6.38161 -32.4882 -0.129353 -1.39442 -5.51204 3.41322 
499 8.87631 -30.9986 0.608882 -0.455666 -4.50286 3.09999 
500 10.8577 -26.1144 -0.669822 0.0966311 -3.55354 1.58156 
501 12.177 -20.7331 -0.54152 0.436315 -2.60716 0.364112 
502 12.5329 -15.6305 -0.184719 0.682897 -1.64768 0.268036 
503 12.4097 -11.8283 -0.104243 0.769275 -0.674192 0.214483 
504 12.021 -8.7611 -0.0688031 0.72547 0.229876 0.160403 
505 11.3656 -6.37181 -0.0790834 0.58506 1.05618 0.107161 
506 2.36644 -10.2695 2.67048 0.718067 1.34004 0.043531 
507 2.4383 -8.37398 0.372322 0.750521 1.61788 -0.0153354 
508 1.74909 -10.3847 -0.273644 0.600468 1.75976 -0.0522456 
509 1.47221 -8.12245 -0.942249 0.678228 1.63725 -0.0648252 
510 0.685583 -6.89383 -0.82164 0.713092 1.54809 -0.0761346 
511 42.1899 28.0529 -0.879213 5.8044 -0.59292 -0.108049 
512 34.723 59.1439 5.06995 5.41445 4.20671 -1.09549 
513 23.088 29.5356 -34.5916 3.19246 8.3644 -0.932973 
514 22.843 24.0698 -41.2327 1.08795 10.5746 -1.1353 
515 -64.3189 -27.6254 75.4865 1.20418 3.07922 -0.112956 
516 -43.6874 -43.2106 -5.2804 -3.22179 2.05183 0.0874434 
517 -30.9178 -37.2677 -2.07634 -2.6657 0.399903 0.0522331 
518 -22.9626 -32.3365 -5.61058 -1.11615 -0.833095 0.0277582 
519 -16.8436 -30.5519 -5.28705 0.345559 -1.74987 0.00478409 
520 -11.9076 -28.3611 -4.65461 1.70326 -2.41851 -0.0145926 
521 9.78363 -11.961 6.20617 2.18007 -1.92772 -0.0166539 
522 5.8302 -9.85934 -1.6836 2.57288 -1.66885 -0.0218428 
523 5.2154 -7.26275 0.169703 2.84103 -1.45118 -0.026219 
524 4.3773 -5.02783 0.462173 3.00497 -1.28638 -0.0299354 
525 3.75905 -3.01281 0.413212 3.07601 -1.16137 -0.0328546 
526 3.34213 -1.25481 0.342331 3.06733 -1.06484 -0.0349108 
527 2.87436 -0.648384 -0.0426562 3.03983 -0.999981 -0.0342626 
528 1.66912 -0.536676 -0.193578 3.01971 -1.00148 -0.0318797 
529 2.11497 0.242577 0.355595 2.97063 -0.987649 -0.0303805 
530 2.71885 0.085874 0.595815 2.9429 -0.946848 -0.0307632 
531 3.10032 1.9155 1.98922 3.02895 -0.560738 -0.109562 
532 7.26308 2.47548 1.26627 3.10872 -0.132119 -0.145366 
533 9.03187 2.44102 0.815497 3.20379 0.385113 -0.182528 
534 8.87361 2.54476 0.733138 3.30715 0.739056 -0.198395 
535 8.4132 2.62579 0.634673 3.42161 1.07369 -0.215484 
536 24.6799 16.082 -4.89552 9.47143 -0.427759 -0.183543 
537 16.8641 3.87183 -2.89745 9.64984 0.566699 -0.190502 
538 12.4026 2.13351 0.256103 8.93818 1.31132 -0.206081 
539 8.54399 2.68197 0.515232 8.29861 1.83746 -0.2202 
540 -5.124 -5.91611 6.08397 4.39936 3.31799 -0.350638 
541 -1.25182 3.10976 -0.0328021 4.67665 2.89874 -0.289809 
542 -1.88006 3.30487 -1.15338 4.97771 2.46177 -0.231597 
543 -2.93502 3.46746 -1.43556 5.29906 1.98308 -0.173849 
544 -4.09931 4.22301 -1.28175 5.61187 1.45414 -0.115652 
545 -4.33347 4.71518 -1.49087 5.93194 0.915228 -0.0555863 
546 -4.17678 4.91456 -1.72312 6.27679 0.385345 0.00560144 
547 -3.77574 4.83056 -1.6893 6.66521 0.172769 0.0124749 
548 -3.08017 3.90164 -0.274196 6.40727 0.0945082 -0.00244236 
549 -2.16502 4.09534 -0.0556539 6.18491 0.052769 -0.0175792 
550 -29.751 59.7598 19.36 2.89909 -1.51379 -1.25038 
551 12.537 41.8598 -9.68256 0.436344 -0.851435 -2.0958 
552 7.69959 33.5364 -10.5979 -1.26282 -0.392102 -1.85944 
553 6.23957 29.506 -5.82119 -2.59152 0.0304237 -0.623102 
554 3.86591 21.9727 -3.68348 -3.68242 0.257929 -0.334948 
555 2.23917 16.0346 -2.41895 -4.47942 0.387417 -0.190301 
556 1.42353 11.5712 -1.35613 -5.05153 0.463005 -0.0980768 
557 1.81448 8.96346 -0.368459 -5.5056 0.540588 -0.0894011 
558 1.98394 6.48481 -0.0614997 -5.87476 0.626449 -0.0884684 
559 2.21247 3.06779 -0.16838 -6.08992 0.723998 -0.0880956 
560 1.07859 1.33763 0.709485 -6.99909 0.758524 -0.084445 
561 0.56775 2.49703 0.871113 -7.23944 0.769872 -0.0784994 
562 0.0100126 2.12127 0.806556 -7.50931 0.752042 -0.0714713 
563 -0.118687 1.63142 0.721654 -7.86008 0.676739 -0.0623048 
564 -2.29952 1.3482 0.515912 -8.12335 0.472359 0.0015591 
565 -2.96125 1.127 1.60732 -8.28402 0.481324 -0.00428336 
566 -2.36478 0.897426 2.24647 -8.36416 0.411031 -0.0131417 
567 -1.85851 0.634908 1.90024 -8.38432 0.274326 -0.00835251 
568 -1.45923 0.452481 2.42752 -8.27737 0.159168 -0.00496254 
569 -0.94755 0.990472 0.411181 -7.78985 0.0717992 -0.00254893 
570 16.9399 -30.0551 13.5264 -5.65547 0.966135 0.00791182 
571 4.72752 -16.6783 -5.49653 -4.32988 1.18276 -0.00169938 
572 -11.0958 -25.993 1.76066 -2.52024 0.543385 -0.0082349 
573 -3.12449 -17.2703 -4.97679 -1.22978 0.357336 -0.00963379 
574 -2.29322 -13.7108 -3.02332 -0.152574 0.210126 -0.0107582 
575 -1.53075 -9.97593 -2.41308 0.702246 0.104252 -0.0118031 
576 -0.914943 -6.3999 -1.95519 1.34773 0.0316187 -0.0129975 
577 -1.70803 -4.19579 -1.11947 1.86284 -0.0855145 -0.0137714 
578 -2.33291 -2.32332 -0.804654 2.26665 -0.2372 -0.0113306 
579 -2.00176 -1.54424 -0.270626 2.62271 -0.371551 -0.00918653 
580 -1.02848 -1.72601 0.171455 2.98517 -0.454794 -0.00815109 
581 -0.190711 -1.88387 0.119443 3.35409 -0.49489 -0.00725628 
582 0.483089 -2.02412 0.000644239 3.73103 -0.500688 -0.00657771 
583 0.998546 -2.14903 -0.115716 4.11763 -0.480622 -0.00618065 
584 16.8019 33.5548 11.7129 2.56744 0.440049 -0.153585 
585 6.10131 18.3148 -4.95039 1.85992 0.7209 -0.0496996 
586 2.98807 15.9318 -2.22665 1.25601 0.847286 -0.0493703 
587 3.28763 5.60209 -6.73208 -4.06599 0.817757 -0.25886 
588 -0.673939 9.26184 -3.4192 -3.96716 0.749503 -0.0525806 
589 -1.58705 6.50865 -0.47126 -3.86348 0.65935 -0.0409736 
590 -2.20113 5.22571 0.136778 -3.59925 0.540029 -0.0319723 
591 -1.67859 15.4256 5.80451 0.019955 0.576288 -0.0200915 
592 -3.1883 5.79791 0.518924 -0.141384 0.401094 -0.0209814 
593 -2.97049 5.00002 -0.126372 -0.269853 0.228279 -0.0181986 
594 -2.61417 4.3563 -0.155401 -0.369961 0.075433 -0.0158019 
595 -2.18046 3.7807 -0.122567 -0.44525 -0.0539776 -0.0137671 
596 -1.7135 3.25778 -0.0903146 -0.498433 -0.158636 -0.0120973 
597 -1.24541 2.78249 -0.063728 -0.531888 -0.238825 -0.0107805 
598 0.539383 -0.511369 0.889206 -0.390779 -0.220772 -0.00811656 
599 0.711712 -0.0645571 0.0291994 -0.280316 -0.196556 -0.00862115 
600 0.825815 0.335267 -0.0607 -0.195325 -0.166712 -0.009155 
601 0.867339 0.666676 -0.0715337 -0.131618 -0.135261 -0.00962076 
602 0.855447 0.929772 -0.0711331 -0.0850956 -0.104954 -0.010004 
603 0.81364 1.13042 -0.066772 -0.0520809 -0.0778283 -0.0099921 
604 0.751039 1.27652 -0.0611581 -0.0293815 -0.0543422 -0.00984749 
605 0.678241 1.37795 -0.0548131 -0.0143389 -0.0348135 -0.00965696 
606 0.603918 1.44368 -0.0482006 -0.00485584 -0.0192803 -0.00942644 
607 0.533789 1.48208 -0.0418201 0.000719052 -0.00748463 -0.00916256 
608 0.471286 1.49964 -0.0359414 0.00360306 0.00100674 -0.00887291 
609 0.42447 1.67352 -0.0436636 0.0146443 0.00681337 -0.00841761 
610 0.376116 1.57543 -0.0273116 0.00917117 0.0103731 -0.00808277 
611 4.72233 -28.3364 -1.75942 -3.12125 0.132437 -0.0163409 
612 0.939436 -13.4087 0.861417 -1.88746 0.174969 -0.0168158 
613 2.10089 -5.17936 -0.577957 -1.14272 0.291176 -0.0174351 
614 1.97534 -0.31193 -0.418652 -0.703715 0.397816 -0.0173157 
615 1.33585 2.50399 -0.213227 -0.455366 0.468829 -0.0172219 
616 2.38524 20.8789 1.69543 1.61837 0.660315 -0.0144507 
617 -0.395757 12.3664 -0.271448 1.00806 0.632238 -0.0117848 
618 -2.1976 9.51767 -0.0867172 0.550984 0.508374 -0.0100474 
619 -3.25128 7.11369 0.079048 0.223618 0.329045 -0.00826289 
620 -3.29868 5.2626 0.114778 -0.00465657 0.148119 -0.00669788 
621 -2.45403 3.40653 0.233167 -0.133532 0.0132753 -0.00552906 
622 -1.63986 2.19073 0.155679 -0.198384 -0.0778697 -0.00472975 
623 -0.946776 1.40112 0.0891202 -0.222027 -0.132091 -0.00420299 
624 -0.404333 0.90215 0.0430633 -0.220048 -0.157631 -0.00386994 
625 -0.0099098 0.601573 0.0129877 -0.203132 -0.162502 -0.00366712 
626 0.255377 0.437903 -0.00574411 -0.178406 -0.153644 -0.00354589 
627 0.416076 0.366533 -0.016445 -0.150661 -0.136635 -0.00347077 
628 0.496989 0.35424 -0.0215215 -0.123047 -0.115701 -0.00341716 
629 0.52061 0.376902 -0.0228189 -0.0975 -0.0938513 -0.00336899 
630 0.506833 0.423712 -0.0222827 -0.0747855 -0.0730242 -0.00331644 
631 0.469733 0.478437 -0.0201415 -0.0555526 -0.0544071 -0.00325399 
632 0.421094 0.5367 -0.0175927 -0.0397059 -0.0385625 -0.00317954 
633 0.368243 0.589577 -0.0145971 -0.0272068 -0.0256699 -0.00311426 
634 0.317517 0.640175 -0.0121614 -0.0174427 -0.0155754 -0.00304883 
635 0.271256 0.682223 -0.00970065 -0.0102157 -0.00800888 -0.00297414 
636 0.236414 0.751191 -0.0106965 -0.0034994 -0.00232976 -0.00289019 
637 0.19893 0.760277 -0.00534452 -0.000856255 0.00133532 -0.00280187 
638 0.170973 0.773503 -0.0040796 0.000864922 0.00350416 -0.00270997 
639 0.14648 0.754778 -0.000796429 0.000570637 0.00435792 -0.00261726 
640 0.132214 0.74969 -0.000962184 0.00054755 0.00445972 -0.00252485 
641 0.124324 0.74827 -0.0012128 0.000601686 0.00415151 -0.00243384 
642 0.120409 0.748434 -0.0013782 0.000648663 0.00364534 -0.00234501 
643 0.118928 0.749117 -0.00149562 0.000660905 0.00307014 -0.00225884 
644 0.118891 0.749814 -0.00159239 0.000637777 0.00250156 -0.00217558 
645 0.119659 0.750329 -0.00168054 0.00058896 0.00198106 -0.00209533 
646 0.120825 0.750619 -0.00176412 0.000526459 0.00152838 -0.00201812 
647 0.122131 0.750714 -0.00184307 0.000460557 0.00114973 -0.00194389 
648 0.123423 0.750663 -0.00191626 0.000398821 0.000843205 -0.00187254 
649 0.124611 0.750526 -0.00198222 0.000345734 0.000602342 -0.00180399 
650 0.125651 0.750346 -0.00204015 0.000303486 0.000418501 -0.00173809 
651 0.126526 0.750158 -0.00208952 0.000272314 0.000282339 -0.00167473 
652 0.12724 0.749984 -0.00213064 0.000251428 0.000184783 -0.00161379 
653 0.127804 0.749838 -0.00216391 0.000239227 0.000117537 -0.00155515 
654 0.128237 0.749724 -0.00219028 0.000233991 7.33849e-05 -0.00149871 
655 0.128558 0.749645 -0.00221054 0.000233847 4.62554e-05 -0.00144435 
656 0.12879 0.749594 -0.00222583 0.000237237 3.12278e-05 -0.001392 
657 0.128949 0.749572 -0.00223694 0.000242704 2.44109e-05 -0.00134155 
658 0.129053 0.749568 -0.00224489 0.000249225 2.28464e-05 -0.00129293 
659 0.129116 0.749582 -0.00225027 0.000255904 2.43347e-05 -0.00124606 
660 0.12915 0.749606 -0.00225387 0.000262244 2.73256e-05 -0.00120087 
661 0.129164 0.749638 -0.00225606 0.000267807 3.0754e-05 -0.00115731 
662 0.129164 0.749673 -0.0022574 0.000272473 3.39557e-05 -0.0011153 
663 0.129157 0.749711 -0.00225806 0.000276098 3.65359e-05 -0.00107479 
664 0.129147 0.749747 -0.00225841 0.000278775 3.83194e-05 -0.00103573 
665 0.129135 0.749784 -0.00225848 0.000280508 3.92536e-05 -0.000998066 
666 0.129124 0.749817 -0.00225852 0.000281482 3.93903e-05 -0.000961743 
667 0.129114 0.74985 -0.00225846 0.000281747 3.88163e-05 -0.000926717 
668 0.129106 0.749878 -0.00225849 0.000281508 3.76585e-05 -0.000892941 
669 0.129101 0.749906 -0.0022585 0.000280809 3.60335e-05 -0.000860371 
670 0.129098 0.74993 -0.00225862 0.000279833 3.40679e-05 -0.000828966 
671 0.129097 0.749954 -0.00225873 0.000278597 3.18596e-05 -0.000798683 
672 0.129097 0.749976 -0.00225895 0.000277253 2.95063e-05 -0.000769484 
673 0.129099 0.749997 -0.00225913 0.000275787 2.70729e-05 -0.000741329 
674 0.129102 0.750016 -0.00225941 0.000274321 2.46238e-05 -0.000714183 
675 0.129105 0.750036 -0.00225964 0.000272815 2.21932e-05 -0.000688008 
676 0.129109 0.750054 -0.00225994 0.000271369 1.98187e-05 -0.000662771 
677 0.129114 0.750072 -0.00226018 0.000269925 1.7512e-05 -0.000638438 
678 0.129119 0.75009 -0.00226048 0.000268566 1.52926e-05 -0.000614977 
679 0.129124 0.750108 -0.00226071 0.000267225 1.31581e-05 -0.000592357 
680 0.129129 0.750125 -0.002261 0.000265977 1.11177e-05 -0.000570547 
681 0.129133 0.750143 -0.00226121 0.000264747 9.16157e-06 -0.000549519 
682 0.129138 0.75016 -0.00226148 0.000263608 7.29415e-06 -0.000529246 
683 0.129143 0.750178 -0.00226167 0.000262481 5.5027e-06 -0.000509698 
684 0.129148 0.750195 -0.00226192 0.00026144 3.79003e-06 -0.000490852 
685 0.129152 0.750214 -0.0022621 0.000260405 2.14293e-06 -0.000472682 
686 0.129157 0.750231 -0.00226233 0.000259447 5.64402e-07 -0.000455163 
687 0.129161 0.750249 -0.00226249 0.000258489 -9.58126e-07 -0.000438272 
688 0.129165 0.750266 -0.00226271 0.000257604 -2.4208e-06 -0.000421988 
689 0.129169 0.750284 -0.00226286 0.000256712 -3.83525e-06 -0.000406287 
690 0.129174 0.750301 -0.00226307 0.000255889 -5.19667e-06 -0.00039115 
691 0.129178 0.750319 -0.00226321 0.000255055 -6.51578e-06 -0.000376556 
692 0.129182 0.750336 -0.00226341 0.000254286 -7.78697e-06 -0.000362486 
693 0.129186 0.750355 -0.00226354 0.000253505 -9.02031e-06 -0.000348921 
694 0.12919 0.750372 -0.00226374 0.000252786 -1.02096e-05 -0.000335842 
695 0.129194 0.75039 -0.00226387 0.000252052 -1.13644e-05 -0.000323233 
696 0.129198 0.750407 -0.00226406 0.000251378 -1.24783e-05 -0.000311077 
697 0.129202 0.750425 -0.00226419 0.000250702 -1.35579e-05 -0.000299357 
698 0.129205 0.750442 -0.00226434 0.000250035 -1.46062e-05 -0.000288058 
699 0.129209 0.750459 -0.00226453 0.000249425 -1.56166e-05 -0.000277165 
700 0.129213 0.750477 -0.00226464 0.000248796 -1.65984e-05 -0.000266663 
701 0.129217 0.750494 -0.00226483 0.000248224 -1.75449e-05 -0.000256539 
702 0.129221 0.750512 -0.00226494 0.000247632 -1.8465e-05 -0.000246778 
703 0.129225 0.750529 -0.00226512 0.000247096 -1.93518e-05 -0.000237368 
704 0.129228 0.750547 -0.00226523 0.000246539 -2.02142e-05 -0.000228296 
705 0.129232 0.750563 -0.00226541 0.000246037 -2.1045e-05 -0.000219551 
706 0.129236 0.750581 -0.00226552 0.000245513 -2.18533e-05 -0.000211119 
707 0.12924 0.750598 -0.0022657 0.000245043 -2.26318e-05 -0.000202991 
708 0.129243 0.750616 -0.00226581 0.00024455 -2.33894e-05 -0.000195155 
709 0.129247 0.750632 -0.00226598 0.000244109 -2.41188e-05 -0.000187601 
710 0.129251 0.75065 -0.00226609 0.000243645 -2.4829e-05 -0.000180319 
711 0.129255 0.750667 -0.00226626 0.000243233 -2.55126e-05 -0.000173299 
712 0.129258 0.750685 -0.00226636 0.000242796 -2.61783e-05 -0.000166531 
713 0.129262 0.750701 -0.00226653 0.00024241 -2.6819e-05 -0.000160007 
714 0.129265 0.750719 -0.00226663 0.000241998 -2.74432e-05 -0.000153718 
715 0.129269 0.750735 -0.0022668 0.000241637 -2.80437e-05 -0.000147655 
716 0.129273 0.750753 -0.0022669 0.000241249 -2.86291e-05 -0.000141811 
717 0.129276 0.75077 -0.00226706 0.00024091 -2.91921e-05 -0.000136177 
718 0.12928 0.750787 -0.00226716 0.000240545 -2.97413e-05 -0.000130746 
719 0.129284 0.750804 -0.00226732 0.000240228 -3.02691e-05 -0.000125511 
720 0.129287 0.750821 -0.00226742 0.000239884 -3.07843e-05 -0.000120464 
721 0.129291 0.750838 -0.00226758 0.000239587 -3.12794e-05 -0.000115599 
722 0.129294 0.750855 -0.00226767 0.000239262 -3.17629e-05 -0.00011091 
723 0.129298 0.750872 -0.00226784 0.000238984 -3.22273e-05 -0.00010639 
724 0.129301 0.750889 -0.00226793 0.000238677 -3.2681e-05 -0.000102032 
725 0.129305 0.750906 -0.00226809 0.000238417 -3.31167e-05 -9.78321e-05 
726 0.129308 0.750923 -0.00226818 0.000238128 -3.35427e-05 -9.37833e-05 
727 0.129312 0.750939 -0.00226834 0.000237885 -3.39514e-05 -8.9881e-05 
728 0.118741 0.807264 0.000727703 -0.00279796 -0.000612787 -8.15144e-05 
729 0.127668 0.7497 -0.00212059 -0.00275283 -0.000706705 -7.69276e-05 
730 0.129384 0.745245 -0.00250053 -0.00247734 -0.000710446 -7.35972e-05 
731 0.129728 0.745237 -0.00251841 -0.00220958 -0.000698334 -7.05084e-05 
732 0.12987 0.745582 -0.00249988 -0.0019676 -0.000681257 -6.75489e-05 
733 0.129972 0.74592 -0.0024793 -0.00175032 -0.000661236 -6.47025e-05 
734 0.130057 0.746228 -0.00245989 -0.00155532 -0.000639127 -6.19625e-05 
735 0.130129 0.746502 -0.00244202 -0.00138021 -0.000615536 -5.93244e-05 
736 0.130189 0.74675 -0.00242554 -0.00122295 -0.000590975 -5.67832e-05 
737 0.130241 0.746971 -0.00241049 -0.00108161 -0.000565852 -5.43352e-05 
738 0.130283 0.747171 -0.00239667 -0.000954574 -0.000540518 -5.1976e-05 
739 0.130319 0.74735 -0.0023841 -0.000840294 -0.000515245 -4.97023e-05 
740 0.130349 0.747513 -0.00237259 -0.000737495 -0.000490269 -4.75103e-05 
741 0.130374 0.747659 -0.00236216 -0.000644936 -0.000465762 -4.53971e-05 
742 0.130394 0.747792 -0.00235262 -0.000561608 -0.000441877 -4.33593e-05 
743 0.130411 0.747911 -0.00234401 -0.00048651 -0.000418715 -4.13943e-05 
744 0.130424 0.74802 -0.00233614 -0.000418849 -0.000396366 -3.9499e-05 
745 0.130435 0.748119 -0.00232905 -0.000357812 -0.000374882 -3.76711e-05 
746 0.130444 0.74821 -0.00232257 -0.000302777 -0.000354311 -3.59077e-05 
747 0.130451 0.748292 -0.00231675 -0.000253082 -0.000334669 -3.4207e-05 
748 0.130456 0.748368 -0.00231143 -0.000208239 -0.000315975 -3.25661e-05 
749 0.13046 0.748437 -0.00230666 -0.000167708 -0.00029822 -3.09834e-05 
750 0.130463 0.748501 -0.00230229 -0.000131108 -0.000281403 -2.94564e-05 
751 0.130465 0.748559 -0.00229839 -9.79947e-05 -0.0002655 -2.79834e-05 
752 0.130466 0.748614 -0.00229481 -6.8072e-05 -0.000250497 -2.65623e-05 
753 0.130467 0.748664 -0.00229162 -4.09721e-05 -0.00023636 -2.51914e-05 
754 0.130468 0.748711 -0.00228869 -1.6468e-05 -0.000223067 -2.38688e-05 
755 0.130468 0.748754 -0.00228609 5.7473e-06 -0.000210579 -2.2593e-05 
756 0.130468 0.748796 -0.00228369 2.58465e-05 -0.000198871 -2.13621e-05 
757 0.130468 0.748834 -0.00228157 4.40877e-05 -0.000187899 -2.01749e-05 
758 0.130467 0.74887 -0.0022796 6.05998e-05 -0.000177636 -1.90296e-05 
759 0.130467 0.748904 -0.00227788 7.56019e-05 -0.000168041 -1.79249e-05 
760 0.130467 0.748937 -0.00227627 8.91879e-05 -0.000159085 -1.68592e-05 
761 0.130467 0.748967 -0.00227487 0.000101545 -0.000150726 -1.58315e-05 
762 0.130466 0.748997 -0.00227356 0.00011274 -0.00014294 -1.484e-05 
763 0.130466 0.749024 -0.00227243 0.000122935 -0.000135685 -1.3884e-05 
764 0.130466 0.749051 -0.00227136 0.000132173 -0.000128939 -1.29617e-05 
765 0.130466 0.749077 -0.00227044 0.000140596 -0.000122661 -1.20725e-05 
766 0.130466 0.749102 -0.00226957 0.000148229 -0.000116833 -1.12148e-05 
767 0.130467 0.749125 -0.00226884 0.000155198 -0.000111417 -1.03878e-05 
768 0.130467 0.749149 -0.00226813 0.000161513 -0.000106395 -9.59027e-06 
769 0.130468 0.749171 -0.00226754 0.000167287 -0.000101734 -8.82136e-06 
770 0.130469 0.749193 -0.00226697 0.000172519 -9.74188e-05 -8.07981e-06 
771 0.13047 0.749214 -0.0022665 0.00017731 -9.34173e-05 -7.365e-06 
772 0.130471 0.749236 -0.00226604 0.000181648 -8.97169e-05 -6.67565e-06 
773 0.130472 0.749255 -0.00226567 0.000185628 -8.6289e-05 -6.01123e-06 
774 0.130473 0.749276 -0.0022653 0.00018923 -8.3123e-05 -5.37052e-06 
775 0.130475 0.749295 -0.00226502 0.000192541 -8.01926e-05 -4.75303e-06 
776 0.130476 0.749315 -0.00226472 0.000195534 -7.74893e-05 -4.15763e-06 
777 0.130478 0.749333 -0.00226451 0.000198291 -7.49892e-05 -3.58386e-06 
778 0.130479 0.749353 -0.00226427 0.000200781 -7.26856e-05 -3.03065e-06 
779 0.130481 0.74937 -0.00226412 0.00020308 -7.05566e-05 -2.49759e-06 
780 0.130483 0.749389 -0.00226393 0.000205153 -6.85974e-05 -1.98366e-06 
781 0.130485 0.749407 -0.00226383 0.000207073 -6.67878e-05 -1.4885e-06 
782 0.130487 0.749425 -0.00226368 0.0002088 -6.51248e-05 -1.01113e-06 
783 0.130489 0.749442 -0.00226361 0.000210404 -6.35896e-05 -5.51249e-07 
784 0.130492 0.74946 -0.00226351 0.000211844 -6.21806e-05 -1.07913e-07 
785 0.130494 0.749477 -0.00226347 0.000213186 -6.08806e-05 3.19137e-07 
786 0.130496 0.749495 -0.0022634 0.000214388 -5.96893e-05 7.30802e-07 
787 0.130499 0.749512 -0.00226339 0.000215512 -5.85906e-05 1.1273e-06 
788 0.130501 0.749529 -0.00226333 0.000216515 -5.75854e-05 1.50951e-06 
789 0.130504 0.749546 -0.00226335 0.000217458 -5.66586e-05 1.87759e-06 
790 0.130507 0.749563 -0.00226332 0.000218295 -5.58122e-05 2.23238e-06 
791 0.130509 0.749579 -0.00226335 0.000219087 -5.50322e-05 2.57403e-06 
792 0.130512 0.749597 -0.00226333 0.000219786 -5.43212e-05 2.90334e-06 
793 0.130515 0.749613 -0.00226338 0.000220452 -5.3666e-05 3.22041e-06 
794 0.130518 0.74963 -0.00226338 0.000221036 -5.30703e-05 3.52601e-06 
795 0.13052 0.749646 -0.00226344 0.000221597 -5.25214e-05 3.82023e-06 
796 0.130523 0.749663 -0.00226345 0.000222085 -5.20236e-05 4.1038e-06 
797 0.130526 0.749679 -0.00226352 0.000222558 -5.15649e-05 4.37677e-06 
798 0.130529 0.749696 -0.00226355 0.000222979 -5.11477e-05 4.63977e-06 
799 0.130532 0.749713 -0.00226359 0.00022335 -5.077e-05 4.89316e-06 
800 0.130535 0.749728 -0.00226367 0.000223718 -5.04217e-05 5.13704e-06 
801 0.130538 0.749745 -0.00226371 0.000224028 -5.01084e-05 5.37208e-06 
802 0.130541 0.749761 -0.0022638 0.00022434 -4.98196e-05 5.59827e-06 
803 0.130544 0.749778 -0.00226384 0.000224599 -4.95611e-05 5.81626e-06 
804 0.130548 0.749794 -0.00226393 0.000224863 -4.93226e-05 6.02601e-06 
805 0.130551 0.74981 -0.00226398 0.000225079 -4.91103e-05 6.22816e-06 
806 0.130554 0.749826 -0.00226408 0.000225304 -4.89143e-05 6.42265e-06 
807 0.130557 0.749843 -0.00226413 0.000225484 -4.8741e-05 6.61008e-06 
808 0.13056 0.749858 -0.00226423 0.000225676 -4.85806e-05 6.79038e-06 
809 0.130563 0.749875 -0.00226428 0.000225826 -4.84401e-05 6.96415e-06 
810 0.130567 0.749891 -0.00226439 0.00022599 -4.83098e-05 7.13128e-06 
811 0.13057 0.749907 -0.00226445 0.000226114 -4.81968e-05 7.29235e-06 
812 0.130573 0.749923 -0.00226456 0.000226255 -4.80917e-05 7.44726e-06 
813 0.130576 0.74994 -0.00226462 0.000226358 -4.80017e-05 7.59655e-06 
814 0.130579 0.749955 -0.00226473 0.000226479 -4.79177e-05 7.7401e-06 
815 0.130583 0.749972 -0.00226479 0.000226565 -4.7847e-05 7.87845e-06 
816 0.130586 0.749987 -0.0022649 0.00022667 -4.77806e-05 8.01146e-06 
817 0.130589 0.750004 -0.00226497 0.00022674 -4.7726e-05 8.13965e-06 
818 0.130593 0.75002 -0.00226508 0.000226831 -4.76742e-05 8.26288e-06 
819 0.130596 0.750036 -0.00226515 0.000226889 -4.76329e-05 8.38165e-06 
820 0.130599 0.750052 -0.00226526 0.000226969 -4.75933e-05 8.4958e-06 
821 0.130602 0.750068 -0.00226533 0.000227016 -4.75631e-05 8.60583e-06 
822 0.130606 0.750084 -0.00226545 0.000227086 -4.75335e-05 8.71156e-06 
823 0.130609 0.7501 -0.00226552 0.000227124 -4.75125e-05 8.81347e-06 
824 0.130612 0.750116 -0.00226563 0.000227186 -4.74912e-05 8.91138e-06 
825 0.130616 0.750132 -0.0022657 0.000227217 -4.74776e-05 9.00576e-06 
826 0.130619 0.750148 -0.00226582 0.000227272 -4.74631e-05 9.09643e-06 
827 0.130622 0.750164 -0.00226589 0.000227297 -4.74557e-05 9.18383e-06 
828 0.130626 0.75018 -0.00226601 0.000227346 -4.74467e-05 9.26776e-06 
829 0.130629 0.750197 -0.00226608 0.000227366 -4.74442e-05 9.34869e-06 
830 0.130632 0.750212 -0.0022662 0.00022741 -4.74398e-05 9.42639e-06 
831 0.130636 0.750229 -0.00226627 0.000227425 -4.74413e-05 9.50131e-06 
832 0.130639 0.750244 -0.00226639 0.000227466 -4.74404e-05 9.57323e-06 
833 0.130642 0.750261 -0.00226646 0.000227477 -4.74451e-05 9.64258e-06 
834 0.130646 0.750276 -0.00226658 0.000227514 -4.74471e-05 9.70914e-06 
835 0.130649 0.750293 -0.00226665 0.000227523 -4.74543e-05 9.77333e-06 
836 0.130652 0.750308 -0.00226678 0.000227557 -4.74585e-05 9.83492e-06 
837 0.130656 0.750325 -0.00226685 0.000227563 -4.74678e-05 9.89433e-06 
838 0.130659 0.75034 -0.00226697 0.000227594 -4.74737e-05 9.95131e-06 
839 0.130662 0.750357 -0.00226704 0.000227598 -4.74844e-05 1.00063e-05 
840 0.130666 0.750372 -0.00226716 0.000227628 -4.74916e-05 1.0059e-05 
841 0.130669 0.750388 -0.00226723 0.00022763 -4.75034e-05 1.01099e-05 
842 0.130672 0.750404 -0.00226736 0.000227658 -4.75115e-05 1.01586e-05 
843 0.130676 0.75042 -0.00226743 0.000227658 -4.75241e-05 1.02057e-05 
844 0.130679 0.750436 -0.00226755 0.000227685 -4.75329e-05 1.02508e-05 
845 0.130682 0.750452 -0.00226762 0.000227684 -4.7546e-05 1.02943e-05 
846 0.130686 0.750468 -0.00226775 0.000227709 -4.75552e-05 1.0336e-05 
847 0.130689 0.750484 -0.00226782 0.000227707 -4.75686e-05 1.03763e-05 
848 0.130693 0.7505 -0.00226794 0.000227731 -4.7578e-05 1.04149e-05 
849 0.130696 0.750516 -0.00226801 0.000227728 -4.75915e-05 1.04521e-05 
850 0.130699 0.750532 -0.00226813 0.000227752 -4.76009e-05 1.04878e-05 
851 0.130703 0.750548 -0.00226821 0.000227748 -4.76145e-05 1.05222e-05 
852 0.130706 0.750564 -0.00226833 0.000227771 -4.76238e-05 1.05552e-05 
853 0.130709 0.75058 -0.0022684 0.000227767 -4.76372e-05 1.0587e-05 
854 0.130713 0.750596 -0.00226852 0.000227789 -4.76464e-05 1.06175e-05 
855 0.130716 0.750612 -0.0022686 0.000227784 -4.76596e-05 1.0647e-05 
856 0.130719 0.750628 -0.00226872 0.000227806 -4.76685e-05 1.06751e-05 
857 0.130723 0.750644 -0.00226879 0.000227801 -4.76813e-05 1.07024e-05 
858 0.130726 0.750659 -0.00226891 0.000227822 -4.76899e-05 1.07284e-05 
859 0.13073 0.750676 -0.00226899 0.000227816 -4.77024e-05 1.07536e-05 
860 0.130733 0.750691 -0.00226911 0.000227837 -4.77107e-05 1.07776e-05 
861 0.130736 0.750708 -0.00226918 0.000227831 -4.77228e-05 1.08009e-05 
862 0.13074 0.750723 -0.0022693 0.000227852 -4.77306e-05 1.08231e-05 
863 0.130743 0.75074 -0.00226937 0.000227845 -4.77423e-05 1.08447e-05 
864 0.130746 0.750755 -0.0022695 0.000227866 -4.77497e-05 1.08652e-05 
865 0.13075 0.750772 -0.00226957 0.000227859 -4.7761e-05 1.08851e-05 
866 0.130753 0.750787 -0.00226969 0.00022788 -4.77679e-05 1.09041e-05 
867 0.130756 0.750804 -0.00226976 0.000227873 -4.77787e-05 1.09225e-05 
868 0.13076 0.750819 -0.00226989 0.000227893 -4.77851e-05 1.09401e-05 
869 0.130763 0.750836 -0.00226996 0.000227886 -4.77955e-05 1.09571e-05 
870 0.130767 0.750851 -0.00227008 0.000227906 -4.78015e-05 1.09733e-05 
871 0.13077 0.750867 -0.00227015 0.000227898 -4.78114e-05 1.09891e-05 
872 0.130773 0.750883 -0.00227028 0.000227918 -4.78169e-05 1.10041e-05 
873 0.130777 0.750899 -0.00227035 0.000227911 -4.78263e-05 1.10186e-05 
874 0.13078 0.750915 -0.00227047 0.000227931 -4.78314e-05 1.10325e-05 
875 0.130783 0.750931 -0.00227054 0.000227923 -4.78403e-05 1.1046e-05 
876 0.130787 0.750947 -0.00227067 0.000227943 -4.78449e-05 1.10588e-05 
877 0.13079 0.750963 -0.00227074 0.000227935 -4.78534e-05 1.10712e-05 
878 0.130794 0.750979 -0.00227086 0.000227955 -4.78576e-05 1.10831e-05 
879 0.130797 0.750995 -0.00227093 0.000227947 -4.78657e-05 1.10946e-05 
880 0.1308 0.751011 -0.00227106 0.000227966 -4.78694e-05 1.11056e-05 
881 0.130804 0.751027 -0.00227113 0.000227959 -4.7877e-05 1.11162e-05 
882 0.130807 0.751042 -0.00227125 0.000227978 -4.78803e-05 1.11264e-05 
883 0.13081 0.751059 -0.00227132 0.00022797 -4.78875e-05 1.11363e-05 
884 0.130814 0.751074 -0.00227145 0.000227989 -4.78904e-05 1.11456e-05 
885 0.130817 0.751091 -0.00227152 0.000227982 -4.78972e-05 1.11548e-05 
886 0.130821 0.751106 -0.00227164 0.000228001 -4.78997e-05 1.11635e-05 
887 0.130824 0.751123 -0.00227171 0.000227993 -4.79061e-05 1.1172e-05 
888 0.130827 0.751138 -0.00227184 0.000228012 -4.79082e-05 1.118e-05 
889 0.130831 0.751155 -0.00227191 0.000228004 -4.79142e-05 1.11879e-05 
890 0.130834 0.75117 -0.00227203 0.000228023 -4.79159e-05 1.11953e-05 
891 0.130837 0.751186 -0.0022721 0.000228015 -4.79216e-05 1.12026e-05 
892 0.130841 0.751202 -0.00227223 0.000228034 -4.7923e-05 1.12095e-05 
893 0.130844 0.751218 -0.0022723 0.000228026 -4.79283e-05 1.12163e-05 
894 0.130847 0.751234 -0.00227242 0.000228045 -4.79293e-05 1.12227e-05 
895 0.130851 0.75125 -0.00227249 0.000228037 -4.79343e-05 1.1229e-05 
896 0.130854 0.751266 -0.00227262 0.000228056 -4.7935e-05 1.12349e-05 
897 0.130857 0.751282 -0.00227269 0.000228047 -4.79396e-05 1.12408e-05 
898 0.130861 0.751298 -0.00227281 0.000228066 -4.794e-05 1.12463e-05 
899 0.130864 0.751314 -0.00227288 0.000228058 -4.79443e-05 1.12518e-05 
900 0.130868 0.751329 -0.00227301 0.000228077 -4.79444e-05 1.12569e-05 
901 0.130871 0.751346 -0.00227308 0.000228069 -4.79484e-05 1.1262e-05 
902 0.130874 0.751361 -0.0022732 0.000228087 -4.79482e-05 1.12667e-05 
903 0.130878 0.751378 -0.00227327 0.000228079 -4.79519e-05 1.12715e-05 
904 0.130881 0.751393 -0.00227339 0.000228098 -4.79514e-05 1.12759e-05 
905 0.130884 0.75141 -0.00227347 0.000228089 -4.79549e-05 1.12804e-05 
906 0.130888 0.751425 -0.00227359 0.000228108 -4.79541e-05 1.12845e-05 
907 0.130891 0.751442 -0.00227366 0.0002281 -4.79574e-05 1.12886e-05 
908 0.130895 0.751457 -0.00227378 0.000228119 -4.79563e-05 1.12925e-05 
909 0.130898 0.751473 -0.00227387 0.000228124 -4.79569e-05 1.12963e-05 
910 0.130901 0.751489 -0.00227395 0.000228114 -4.796e-05 1.13001e-05 
911 0.130905 0.751505 -0.00227408 0.000228133 -4.79587e-05 1.13036e-05 
912 0.130908 0.751521 -0.00227415 0.000228125 -4.79613e-05 1.13071e-05 
913 0.130911 0.751537 -0.00227427 0.000228143 -4.79597e-05 1.13104e-05 
914 0.130915 0.751553 -0.00227434 0.000228135 -4.79621e-05 1.13137e-05 
915 0.130918 0.751569 -0.00227446 0.000228153 -4.79603e-05 1.13168e-05 
916 0.130921 0.751585 -0.00227454 0.000228145 -4.79625e-05 1.13199e-05 
917 0.130925 0.751601 -0.00227466 0.000228164 -4.79604e-05 1.13228e-05 
918 0.130928 0.751617 -0.00227473 0.000228155 -4.79624e-05 1.13258e-05 
919 0.130932 0.751632 -0.00227485 0.000228173 -4.79601e-05 1.13285e-05 
920 0.130935 0.751649 -0.00227492 0.000228165 -4.79619e-05 1.13313e-05 
921 0.130938 0.751664 -0.00227505 0.000228183 -4.79595e-05 1.13339e-05 
922 0.130942 0.751681 -0.00227512 0.000228175 -4.79611e-05 1.13365e-05 
923 0.130945 0.751696 -0.00227524 0.000228193 -4.79584e-05 1.1339e-05 
924 0.130948 0.751713 -0.00227531 0.000228184 -4.79598e-05 1.13415e-05 
925 0.130952 0.751728 -0.00227544 0.000228203 -4.7957e-05 1.13438e-05 
926 0.130955 0.751745 -0.00227551 0.000228194 -4.79583e-05 1.13462e-05 
927 0.130958 0.75176 -0.00227563 0.000228213 -4.79553e-05 1.13484e-05 
928 0.130962 0.751776 -0.0022757 0.000228204 -4.79564e-05 1.13507e-05 
929 0.130965 0.751792 -0.00227583 0.000228222 -4.79533e-05 1.13528e-05 
930 0.130968 0.751808 -0.0022759 0.000228213 -4.79542e-05 1.1355e-05 
931 0.130972 0.751824 -0.00227602 0.000228232 -4.79509e-05 1.1357e-05 
932 0.130975 0.75184 -0.00227609 0.000228223 -4.79517e-05 1.13591e-05 
933 0.130979 0.751856 -0.00227621 0.000228241 -4.79483e-05 1.1361e-05 
934 0.130982 0.751872 -0.00227629 0.000228232 -4.79489e-05 1.1363e-05 
935 0.130985 0.751888 -0.00227641 0.000228251 -4.79454e-05 1.13649e-05 
936 0.130989 0.751904 -0.00227648 0.000228242 -4.79459e-05 1.13668e-05 
937 0.130992 0.751919 -0.0022766 0.00022826 -4.79422e-05 1.13686e-05 
938 0.130995 0.751936 -0.00227667 0.000228251 -4.79426e-05 1.13705e-05 
939 0.130999 0.751951 -0.0022768 0.000228269 -4.79387e-05 1.13722e-05 
940 0.131002 0.751968 -0.00227687 0.00022826 -4.7939e-05 1.13741e-05 
941 0.131005 0.751983 -0.00227699 0.000228279 -4.79351e-05 1.13757e-05 
942 0.131009 0.752 -0.00227706 0.00022827 -4.79352e-05 1.13775e-05 
943 0.131012 0.752015 -0.00227719 0.000228288 -4.79312e-05 1.13791e-05 
944 0.131015 0.752032 -0.00227726 0.000228279 -4.79312e-05 1.13809e-05 
945 0.131019 0.752047 -0.00227738 0.000228297 -4.7927e-05 1.13824e-05 
946 0.131022 0.752063 -0.00227745 0.000228288 -4.79269e-05 1.13841e-05 
947 0.131026 0.752079 -0.00227758 0.000228306 -4.79227e-05 1.13857e-05 
948 0.131029 0.752095 -0.00227765 0.000228297 -4.79225e-05 1.13873e-05 
949 0.131032 0.752111 -0.00227777 0.000228315 -4.79181e-05 1.13888e-05 
950 0.131036 0.752127 -0.00227784 0.000228306 -4.79178e-05 1.13905e-05 
951 0.131039 0.752143 -0.00227797 0.000228324 -4.79134e-05 1.13919e-05 
952 0.131042 0.752159 -0.00227804 0.000228315 -4.7913e-05 1.13935e-05 
953 0.131046 0.752175 -0.00227816 0.000228333 -4.79084e-05 1.1395e-05 
954 0.131049 0.752191 -0.00227823 0.000228324 -4.7908e-05 1.13966e-05 
955 0.131052 0.752206 -0.00227835 0.000228342 -4.79033e-05 1.1398e-05 
956 0.131056 0.752223 -0.00227842 0.000228333 -4.79028e-05 1.13996e-05 
957 0.131059 0.752238 -0.00227855 0.000228351 -4.78981e-05 1.14009e-05 
958 0.131062 0.752255 -0.00227862 0.000228342 -4.78974e-05 1.14025e-05 
959 0.131066 0.75227 -0.00227874 0.00022836 -4.78926e-05 1.14039e-05 
960 0.131069 0.752287 -0.00227881 0.000228351 -4.78919e-05 1.14054e-05 
961 0.131073 0.752302 -0.00227894 0.000228369 -4.7887e-05 1.14068e-05 
962 0.131076 0.752319 -0.00227901 0.000228359 -4.78862e-05 1.14083e-05 
963 0.131079 0.752334 -0.00227913 0.000228377 -4.78813e-05 1.14097e-05 
964 0.131083 0.752351 -0.0022792 0.000228368 -4.78804e-05 1.14112e-05 
965 0.131086 0.752366 -0.00227933 0.000228386 -4.78754e-05 1.14125e-05 
966 0.131089 0.752382 -0.0022794 0.000228377 -4.78745e-05 1.1414e-05 
967 0.131093 0.752398 -0.00227952 0.000228395 -4.78694e-05 1.14154e-05 
968 0.131096 0.752414 -0.00227959 0.000228386 -4.78684e-05 1.14169e-05 
969 0.131099 0.75243 -0.00227972 0.000228403 -4.78632e-05 1.14182e-05 
970 0.131103 0.752446 -0.00227979 0.000228394 -4.78622e-05 1.14197e-05 
971 0.131106 0.752462 -0.00227991 0.000228412 -4.7857e-05 1.1421e-05 
972 0.131109 0.752478 -0.00227998 0.000228403 -4.78558e-05 1.14225e-05 
973 0.131113 0.752494 -0.0022801 0.000228421 -4.78506e-05 1.14239e-05 
974 0.131116 0.75251 -0.00228018 0.000228411 -4.78494e-05 1.14254e-05 
975 0.131119 0.752525 -0.0022803 0.000228429 -4.78441e-05 1.14267e-05 
976 0.131123 0.752542 -0.00228037 0.00022842 -4.78428e-05 1.14282e-05 
977 0.131126 0.752557 -0.00228049 0.000228438 -4.78375e-05 1.14295e-05 
978 0.131129 0.752574 -0.00228056 0.000228428 -4.78362e-05 1.1431e-05 
979 0.131133 0.752589 -0.00228069 0.000228446 -4.78307e-05 1.14323e-05 
980 0.131136 0.752606 -0.00228076 0.000228437 -4.78294e-05 1.14338e-05 
981 0.13114 0.752621 -0.00228088 0.000228455 -4.78239e-05 1.14352e-05 
982 0.131143 0.752638 -0.00228095 0.000228445 -4.78225e-05 1.14367e-05 
983 0.131146 0.752653 -0.00228108 0.000228463 -4.7817e-05 1.1438e-05 
984 0.13115 0.75267 -0.00228115 0.000228454 -4.78156e-05 1.14395e-05 
985 0.131153 0.752685 -0.00228127 0.000228472 -4.781e-05 1.14408e-05 
986 0.131156 0.752701 -0.00228134 0.000228462 -4.78085e-05 1.14423e-05 
987 0.13116 0.752717 -0.00228147 0.00022848 -4.78029e-05 1.14437e-05 
988 0.131163 0.752733 -0.00228154 0.000228471 -4.78014e-05 1.14452e-05 
989 0.131166 0.752749 -0.00228166 0.000228488 -4.77958e-05 1.14465e-05 
990 0.13117 0.752765 -0.00228173 0.000228479 -4.77942e-05 1.1448e-05 
991 0.131173 0.752781 -0.00228186 0.000228497 -4.77885e-05 1.14494e-05 
992 0.131176 0.752797 -0.00228193 0.000228487 -4.77869e-05 1.14509e-05 
993 0.13118 0.752813 -0.00228205 0.000228505 -4.77812e-05 1.14523e-05 
994 0.131183 0.752829 -0.00228212 0.000228495 -4.77795e-05 1.14538e-05 
995 0.131186 0.752845 -0.00228224 0.000228513 -4.77738e-05 1.14552e-05 
996 0.13119 0.752861 -0.00228232 0.000228504 -4.77721e-05 1.14567e-05 
997 0.131193 0.752876 -0.00228244 0.000228521 -4.77663e-05 1.14581e-05 
998 0.131196 0.752893 -0.00228251 0.000228512 -4.77646e-05 1.14596e-05 
999 0.1312 0.752908 -0.00228263 0.00022853 -4.77588e-05 1.1461e-05 
1000 0.131203 0.752925 -0.0022827 0.00022852 -4.7757e-05 1.14625e-05 
1001 0.131206 0.75294 -0.00228283 0.000228538 -4.77511e-05 1.14639e-05 
1002 0.13121 0.752957 -0.0022829 0.000228528 -4.77494e-05 1.14655e-05 
1003 0.131213 0.752972 -0.00228302 0.000228546 -4.77435e-05 1.14669e-05 
1004 0.131216 0.752989 -0.00228309 0.000228537 -4.77417e-05 1.14684e-05 
1005 0.13122 0.753004 -0.00228322 0.000228554 -4.77358e-05 1.14698e-05 
1006 0.131223 0.753021 -0.00228329 0.000228545 -4.77339e-05 1.14714e-05 
1007 0.131226 0.753036 -0.00228341 0.000228562 -4.7728e-05 1.14728e-05 
1008 0.13123 0.753052 -0.00228348 0.000228553 -4.77261e-05 1.14744e-05 
1009 0.131233 0.753068 -0.00228361 0.000228571 -4.77201e-05 1.14758e-05 
1010 0.131236 0.753084 -0.00228368 0.000228561 -4.77182e-05 1.14774e-05 
1011 0.13124 0.7531 -0.0022838 0.000228579 -4.77122e-05 1.14788e-05 
1012 0.131243 0.753116 -0.00228387 0.000228569 -4.77103e-05 1.14804e-05 
1013 0.131246 0.753132 -0.002284 0.000228587 -4.77043e-05 1.14818e-05 
1014 0.13125 0.753148 -0.00228407 0.000228577 -4.77024e-05 1.14834e-05 
1015 0.131253 0.753164 -0.00228419 0.000228595 -4.76963e-05 1.14849e-05 
1016 0.131256 0.75318 -0.00228426 0.000228585 -4.76944e-05 1.14865e-05 
1017 0.13126 0.753196 -0.00228439 0.000228603 -4.76883e-05 1.14879e-05 
1018 0.131263 0.753212 -0.00228447 0.000228607 -4.76839e-05 1.14894e-05 
1019 0.131266 0.753228 -0.00228455 0.000228597 -4.76822e-05 1.1491e-05 
1020 0.13127 0.753244 -0.00228468 0.000228614 -4.76762e-05 1.14925e-05 
1021 0.131273 0.75326 -0.00228475 0.000228605 -4.76742e-05 1.14941e-05 
1022 0.131276 0.753275 -0.00228487 0.000228623 -4.7668e-05 1.14956e-05 
1023 0.13128 0.753292 -0.00228494 0.000228613 -4.7666e-05 1.14972e-05 
1024 0.131283 0.753307 -0.00228507 0.000228631 -4.76599e-05 1.14987e-05 
1025 0.131286 0.753324 -0.00228514 0.000228621 -4.76578e-05 1.15003e-05 
1026 0.13129 0.753339 -0.00228526 0.000228639 -4.76516e-05 1.15018e-05 
1027 0.131293 0.753356 -0.00228533 0.000228629 -4.76496e-05 1.15034e-05 
1028 0.131296 0.753371 -0.00228546 0.000228647 -4.76434e-05 1.15049e-05 
1029 0.1313 0.753388 -0.00228553 0.000228637 -4.76413e-05 1.15066e-05 
1030 0.131303 0.753403 -0.00228565 0.000228655 -4.76351e-05 1.15081e-05 
1031 0.131306 0.75342 -0.00228572 0.000228645 -4.7633e-05 1.15097e-05 
1032 0.13131 0.753435 -0.00228585 0.000228663 -4.76268e-05 1.15112e-05 
1033 0.131313 0.753452 -0.00228592 0.000228653 -4.76247e-05 1.15129e-05 
1034 0.131316 0.753467 -0.00228604 0.000228671 -4.76184e-05 1.15144e-05 
1035 0.13132 0.753483 -0.00228611 0.000228661 -4.76163e-05 1.15161e-05 
1036 0.131323 0.753499 -0.00228624 0.000228679 -4.761e-05 1.15176e-05 
1037 0.131326 0.753515 -0.00228631 0.000228669 -4.76079e-05 1.15192e-05 
1038 0.13133 0.753531 -0.00228643 0.000228687 -4.76016e-05 1.15208e-05 
1039 0.131333 0.753547 -0.0022865 0.000228677 -4.75994e-05 1.15224e-05 
1040 0.131336 0.753563 -0.00228663 0.000228695 -4.75931e-05 1.1524e-05 
1041 0.13134 0.753579 -0.0022867 0.000228685 -4.7591e-05 1.15257e-05 
1042 0.131343 0.753595 -0.00228682 0.000228703 -4.75847e-05 1.15272e-05 
1043 0.131346 0.753611 -0.00228689 0.000228693 -4.75825e-05 1.15289e-05 
1044 0.13135 0.753627 -0.00228702 0.000228711 -4.75762e-05 1.15304e-05 
1045 0.131353 0.753643 -0.00228709 0.000228701 -4.7574e-05 1.15321e-05 
1046 0.131356 0.753659 -0.00228721 0.000228719 -4.75676e-05 1.15337e-05 
1047 0.13136 0.753675 -0.00228728 0.000228709 -4.75654e-05 1.15354e-05 
1048 0.131363 0.753691 -0.00228741 0.000228727 -4.75591e-05 1.15369e-05 
1049 0.131366 0.753707 -0.00228748 0.000228717 -4.75568e-05 1.15386e-05 
1050 0.13137 0.753722 -0.0022876 0.000228735 -4.75505e-05 1.15402e-05 
1051 0.131373 0.753739 -0.00228767 0.000228725 -4.75483e-05 1.15419e-05 
1052 0.131376 0.753754 -0.0022878 0.000228742 -4.75419e-05 1.15435e-05 
1053 0.13138 0.753771 -0.00228787 0.000228733 -4.75397e-05 1.15452e-05 
1054 0.131383 0.753786 -0.00228799 0.00022875 -4.75333e-05 1.15467e-05 
1055 0.131386 0.753803 -0.00228806 0.000228741 -4.7531e-05 1.15485e-05 
1056 0.13139 0.753818 -0.00228819 0.000228758 -4.75246e-05 1.155e-05 
1057 0.131393 0.753835 -0.00228826 0.000228749 -4.75224e-05 1.15518e-05 
1058 0.131396 0.75385 -0.00228838 0.000228766 -4.7516e-05 1.15533e-05 
1059 0.1314 0.753867 -0.00228845 0.000228756 -4.75137e-05 1.15551e-05 
1060 0.131403 0.753882 -0.00228858 0.000228774 -4.75073e-05 1.15567e-05 
1061 0.131406 0.753899 -0.00228865 0.000228764 -4.7505e-05 1.15584e-05 
1062 0.13141 0.753914 -0.00228877 0.000228782 -4.74986e-05 1.156e-05 
1063 0.131413 0.753931 -0.00228884 0.000228772 -4.74963e-05 1.15617e-05 
1064 0.131416 0.753946 -0.00228897 0.00022879 -4.74899e-05 1.15633e-05 
1065 0.131419 0.753963 -0.00228904 0.00022878 -4.74876e-05 1.15651e-05 
1066 0.131423 0.753978 -0.00228916 0.000228797 -4.74812e-05 1.15667e-05 
1067 0.131426 0.753994 -0.00228923 0.000228788 -4.74789e-05 1.15684e-05 
1068 0.131429 0.75401 -0.00228936 0.000228805 -4.74724e-05 1.157e-05 
1069 0.131433 0.754026 -0.00228943 0.000228796 -4.74701e-05 1.15718e-05 
1070 0.131436 0.754042 -0.00228955 0.000228813 -4.74637e-05 1.15734e-05 
1071 0.131439 0.754058 -0.00228962 0.000228803 -4.74613e-05 1.15751e-05 
1072 0.131443 0.754074 -0.00228975 0.000228821 -4.74549e-05 1.15767e-05 
1073 0.131446 0.75409 -0.00228982 0.000228811 -4.74525e-05 1.15785e-05 
1074 0.131449 0.754106 -0.00228994 0.000228829 -4.74461e-05 1.15801e-05 
1075 0.131453 0.754122 -0.00229001 0.000228819 -4.74438e-05 1.15819e-05 
1076 0.131456 0.754138 -0.00229014 0.000228837 -4.74373e-05 1.15835e-05 
1077 0.131459 0.754154 -0.00229021 0.000228827 -4.7435e-05 1.15853e-05 
1078 0.131463 0.75417 -0.00229033 0.000228844 -4.74285e-05 1.15869e-05 
1079 0.131466 0.754186 -0.0022904 0.000228835 -4.74261e-05 1.15887e-05 
1080 0.131469 0.754202 -0.00229053 0.000228852 -4.74197e-05 1.15903e-05 
1081 0.131473 0.754218 -0.0022906 0.000228842 -4.74173e-05 1.15921e-05 
1082 0.131476 0.754234 -0.00229072 0.00022886 -4.74108e-05 1.15937e-05 
1083 0.131479 0.75425 -0.00229079 0.00022885 -4.74084e-05 1.15955e-05 
1084 0.131483 0.754266 -0.00229092 0.000228868 -4.7402e-05 1.15971e-05 
1085 0.131486 0.754282 -0.00229099 0.000228858 -4.73996e-05 1.15989e-05 
1086 0.131489 0.754297 -0.00229111 0.000228875 -4.73931e-05 1.16005e-05 
