# record data: step_count | acceleration (x y z) | gyro (x y z)
0 0.0854122 -0.00056638 -2.84983e-05 -0 -0 0 
1 0.0846361 -0.00164629 -0.000357377 0.000106396 -0.000116505 -0.00312178 
2 1.68649 -0.00536428 2.30697 0.000346187 0.087422 -0.00160571 
3 -1.60467 0.0044618 -2.70773 9.59987e-05 -0.00449427 -0.00305303 
4 -0.0146252 -5.68672e-05 0.0306678 7.03876e-05 -0.00954473 -0.0030103 
5 0.0933245 -0.000460775 0.0711398 6.68015e-05 -0.00884218 -0.00296816 
6 0.0991939 -0.000492038 0.0582251 6.51334e-05 -0.00786098 -0.0029266 
7 0.0981984 -0.000493329 0.0468717 6.37697e-05 -0.00696492 -0.00288563 
8 0.0968646 -0.000490965 0.0377148 6.25126e-05 -0.00616811 -0.00284522 
9 0.0956313 -0.000488873 0.030347 6.13755e-05 -0.00546163 -0.00280538 
10 0.0945195 -0.00048564 0.0244191 6.02952e-05 -0.00483591 -0.0027661 
11 0.0935219 -0.000483006 0.0196494 5.93022e-05 -0.00428219 -0.00272736 
12 0.0926291 -0.000479367 0.0158116 5.83401e-05 -0.00379255 -0.00268917 
13 0.0918319 -0.000476428 0.0127234 5.74445e-05 -0.00335986 -0.00265151 
14 0.0911216 -0.000472564 0.0102382 5.65631e-05 -0.00297772 -0.00261438 
15 0.0904898 -0.000469465 0.00823817 5.57348e-05 -0.00264043 -0.00257777 
16 0.0899289 -0.000465495 0.00662852 5.49101e-05 -0.00234286 -0.00254167 
17 0.0894317 -0.000462331 0.00533293 5.41298e-05 -0.00208045 -0.00250607 
18 0.0889915 -0.00045833 0.00429006 5.33463e-05 -0.00184914 -0.00247098 
19 0.0886025 -0.000455164 0.00345053 5.26019e-05 -0.00164533 -0.00243637 
20 0.0882592 -0.000451182 0.00277464 5.185e-05 -0.00146581 -0.00240225 
21 0.0879565 -0.000448052 0.00223043 5.11339e-05 -0.00130772 -0.00236861 
22 0.0876901 -0.000444119 0.00179221 5.04075e-05 -0.00116855 -0.00233544 
23 0.087456 -0.000441049 0.00143928 4.97149e-05 -0.00104607 -0.00230273 
24 0.0872504 -0.000437184 0.00115502 4.90104e-05 -0.000938302 -0.00227048 
25 0.0870702 -0.000434188 0.000926028 4.83384e-05 -0.000843494 -0.00223868 
26 0.0869125 -0.000430402 0.000741531 4.76536e-05 -0.000760106 -0.00220733 
27 0.0867746 -0.000427488 0.00059286 4.70004e-05 -0.000686776 -0.00217642 
28 0.0866544 -0.000423787 0.000473036 4.63338e-05 -0.0006223 -0.00214594 
29 0.0865498 -0.000420959 0.000376443 4.56985e-05 -0.000565619 -0.00211589 
30 0.0864589 -0.000417345 0.000298561 4.50493e-05 -0.000515795 -0.00208625 
31 0.0863802 -0.000414605 0.00023575 4.4431e-05 -0.000472006 -0.00205704 
32 0.0863122 -0.000411078 0.000185081 4.37987e-05 -0.000433524 -0.00202823 
33 0.0862536 -0.000408425 0.000144195 4.31971e-05 -0.000399709 -0.00199983 
34 0.0862034 -0.000404984 0.000111195 4.25812e-05 -0.000369998 -0.00197182 
35 0.0861605 -0.000402417 8.45494e-05 4.19958e-05 -0.000343896 -0.00194421 
36 0.0861241 -0.000399061 6.30281e-05 4.1396e-05 -0.000320966 -0.00191698 
37 0.0860934 -0.000396578 4.56386e-05 4.08266e-05 -0.000300823 -0.00189013 
38 0.0860677 -0.000393305 3.15819e-05 4.02426e-05 -0.00028313 -0.00186366 
39 0.0860465 -0.000390904 2.02139e-05 3.96889e-05 -0.000267591 -0.00183756 
40 0.0860291 -0.000387712 1.1016e-05 3.91204e-05 -0.000253943 -0.00181183 
41 0.0860151 -0.00038539 3.56968e-06 3.8582e-05 -0.000241956 -0.00178646 
42 0.0860042 -0.000382276 -2.46198e-06 3.80287e-05 -0.00023143 -0.00176144 
43 0.0859959 -0.000380031 -7.35093e-06 3.75053e-05 -0.000222187 -0.00173677 
44 0.0859899 -0.000376994 -1.13164e-05 3.69669e-05 -0.00021407 -0.00171245 
45 0.0859859 -0.000374824 -1.45352e-05 3.64582e-05 -0.000206943 -0.00168847 
46 0.0859838 -0.00037186 -1.71501e-05 3.59344e-05 -0.000200684 -0.00166483 
47 0.0859833 -0.000369763 -1.92764e-05 3.54401e-05 -0.000195189 -0.00164151 
48 0.0859841 -0.000366871 -2.10069e-05 3.49304e-05 -0.000190364 -0.00161852 
49 0.0859862 -0.000364845 -2.24169e-05 3.44501e-05 -0.000186128 -0.00159586 
50 0.0859893 -0.000362022 -2.3567e-05 3.39543e-05 -0.000182409 -0.00157351 
51 0.0859934 -0.000360064 -2.45064e-05 3.34877e-05 -0.000179144 -0.00155148 
52 0.0859982 -0.000357309 -2.52747e-05 3.30054e-05 -0.000176277 -0.00152975 
53 0.0860039 -0.000355418 -2.59041e-05 3.25521e-05 -0.00017376 -0.00150833 
54 0.0860101 -0.000352728 -2.64204e-05 3.20829e-05 -0.00017155 -0.00148721 
55 0.086017 -0.000350901 -2.68449e-05 3.16425e-05 -0.00016961 -0.00146638 
56 0.0860243 -0.000348275 -2.71944e-05 3.11862e-05 -0.000167907 -0.00144585 
57 0.086032 -0.000346511 -2.7483e-05 3.07584e-05 -0.000166412 -0.0014256 
58 0.0860402 -0.000343947 -2.77217e-05 3.03145e-05 -0.000165099 -0.00140564 
59 0.0860486 -0.000342243 -2.79198e-05 2.9899e-05 -0.000163946 -0.00138595 
60 0.0860574 -0.000339739 -2.80845e-05 2.94671e-05 -0.000162935 -0.00136655 
61 0.0860664 -0.000338095 -2.8222e-05 2.90636e-05 -0.000162047 -0.00134741 
62 0.0860757 -0.000335649 -2.83372e-05 2.86435e-05 -0.000161267 -0.00132854 
63 0.0860851 -0.000334063 -2.8434e-05 2.82515e-05 -0.000160582 -0.00130994 
64 0.0860947 -0.000331674 -2.85157e-05 2.78429e-05 -0.000159981 -0.0012916 
65 0.0861045 -0.000330143 -2.85851e-05 2.74622e-05 -0.000159454 -0.00127351 
66 0.0861144 -0.000327809 -2.86441e-05 2.70646e-05 -0.00015899 -0.00125568 
67 0.0861244 -0.000326333 -2.86947e-05 2.66949e-05 -0.000158584 -0.0012381 
68 0.0861345 -0.000324052 -2.87383e-05 2.63081e-05 -0.000158227 -0.00122076 
69 0.0861447 -0.000322629 -2.87761e-05 2.5949e-05 -0.000157913 -0.00120367 
70 0.086155 -0.0003204 -2.88091e-05 2.55727e-05 -0.000157638 -0.00118681 
71 0.0861654 -0.000319028 -2.88381e-05 2.5224e-05 -0.000157396 -0.0011702 
72 0.0861758 -0.00031685 -2.88637e-05 2.48579e-05 -0.000157184 -0.00115381 
73 0.0861863 -0.000315528 -2.88866e-05 2.45191e-05 -0.000156998 -0.00113765 
74 0.0861968 -0.0003134 -2.89071e-05 2.41629e-05 -0.000156834 -0.00112172 
75 0.0862074 -0.000312126 -2.89257e-05 2.3834e-05 -0.00015669 -0.00110602 
76 0.086218 -0.000310045 -2.89426e-05 2.34874e-05 -0.000156564 -0.00109053 
77 0.0862286 -0.000308818 -2.89581e-05 2.3168e-05 -0.000156453 -0.00107526 
78 0.0862393 -0.000306784 -2.89725e-05 2.28307e-05 -0.000156356 -0.00106021 
79 0.08625 -0.000305603 -2.89859e-05 2.25205e-05 -0.00015627 -0.00104536 
80 0.0862607 -0.000303614 -2.89984e-05 2.21924e-05 -0.000156195 -0.00103073 
81 0.0862714 -0.000302478 -2.90103e-05 2.18911e-05 -0.000156129 -0.00101629 
82 0.0862822 -0.000300533 -2.90215e-05 2.15718e-05 -0.000156071 -0.00100207 
83 0.0862929 -0.00029944 -2.90323e-05 2.12792e-05 -0.00015602 -0.000988035 
84 0.0863037 -0.000297538 -2.90426e-05 2.09685e-05 -0.000155976 -0.000974202 
85 0.0863071 0.00177508 0.000374466 8.4643e-05 -0.000156294 -0.000960549 
86 0.086329 0.00602009 -5.54505e-05 0.000254394 -0.000155829 -0.000947046 
87 0.0863415 0.0103104 -5.90284e-05 0.000498574 -0.000154898 -0.000933688 
88 0.0863537 0.0144918 -5.42929e-05 0.000798901 -0.000153315 -0.000920472 
89 0.0863662 0.0185704 -4.89618e-05 0.00114149 -0.000150847 -0.000907394 
90 0.0863789 0.0225693 -4.31306e-05 0.0015155 -0.00014723 -0.000894452 
91 0.086392 0.026511 -3.67272e-05 0.00191274 -0.000142163 -0.000881643 
92 0.0864056 0.0304231 -2.96573e-05 0.00232712 -0.000135299 -0.000868965 
93 0.0864196 0.0343311 -2.18051e-05 0.0027544 -0.000126238 -0.000856416 
94 0.0864341 0.0382651 -1.30298e-05 0.00319175 -0.000114518 -0.000843992 
95 0.086449 0.0422527 -3.16297e-06 0.00363766 -9.96013e-05 -0.000831691 
96 0.0864644 0.0463261 7.99597e-06 0.00409158 -8.08605e-05 -0.000819512 
97 0.0864803 0.0505144 2.0684e-05 0.00455389 -5.75656e-05 -0.00080745 
98 0.0864966 0.0548515 3.51801e-05 0.00502559 -2.88634e-05 -0.000795504 
99 0.0865132 0.0593684 5.18114e-05 0.00550839 6.24188e-06 -0.00078367 
100 0.0865301 0.0641004 7.09604e-05 0.0060044 4.89145e-05 -0.000771947 
101 0.0865473 0.0690808 9.3074e-05 0.00651624 0.000100515 -0.000760331 
102 0.0865646 0.0743475 0.000118674 0.00704683 0.000162633 -0.00074882 
103 0.0865819 0.0799357 0.000148367 0.00759951 0.000237126 -0.000737413 
104 0.086599 0.085887 0.000182863 0.00817783 0.000326166 -0.000726109 
105 0.0866159 0.0922391 0.000222983 0.00878568 0.000432288 -0.000714908 
106 0.0866322 0.0990375 0.000269689 0.00942716 0.000558455 -0.00070381 
107 0.0866478 0.106325 0.000324095 0.0101067 0.000708126 -0.000692818 
108 0.0866623 0.11415 0.000387504 0.0108289 0.000885337 -0.000681938 
109 -40.1796 0.1097 1.18931 0.0122108 1.3442 -0.000694031 
110 -13.414 0.535214 -0.363994 -0.00867759 0.277113 -0.000669093 
111 -2.97902 0.286274 -0.392577 -0.015739 -0.197501 -0.000682918 
112 2.12435 0.178854 -0.265989 -0.0165285 -0.367853 -0.000703344 
113 4.3649 0.141759 -0.170477 -0.0147652 -0.390974 -0.00072433 
114 5.10916 0.138689 -0.104903 -0.0122138 -0.349909 -0.000743009 
115 26.509 0.158835 -0.375585 -0.010002 -0.998557 -0.000763327 
116 11.9526 0.158414 0.19737 -0.00705867 -0.365932 -0.000779162 
117 5.93401 0.192878 0.161245 -0.0051549 -0.0552782 -0.000773575 
118 2.7283 0.219522 0.0802415 -0.00377634 0.0836227 -0.000766623 
119 1.0736 0.243585 0.0342877 -0.00270888 0.134271 -0.000759867 
120 0.263229 0.267346 0.0113081 -0.00185456 0.142067 -0.000754062 
121 -0.0977224 0.291787 0.00100118 -0.00116227 0.131137 -0.000749695 
122 -0.223667 0.818428 0.00182264 0.0148469 0.115751 -0.00074945 
123 -0.24139 0.540534 -0.00231086 0.00398675 0.0986278 -0.000753755 
124 -0.209814 0.458197 -0.00111181 -0.000684107 0.0838389 -0.000761006 
125 -0.160542 0.435899 0.000941578 -0.00226266 0.0723467 -0.000772581 
126 -0.109331 0.44616 0.0032491 -0.00238419 0.0642889 -0.00078985 
127 -0.0630772 0.474381 0.00563842 -0.00188494 0.0594546 -0.000814438 
128 -0.0241353 0.512927 0.00807381 -0.00117726 0.0575298 -0.000848333 
129 0.0073337 0.557924 0.0105839 -0.000452161 0.0582152 -0.000894011 
130 0.0321173 0.607549 0.0132289 0.00021247 0.0612792 -0.000954572 
131 0.0513162 0.66105 0.0160837 0.000793807 0.0665765 -0.00103391 
132 0.0660398 0.718271 0.0192317 0.0012947 0.0740518 -0.00113691 
133 0.0772763 0.779331 0.0227619 0.00172745 0.0837365 -0.00126975 
134 -21.5541 0.838498 0.0710031 0.00230013 0.682449 -0.000577532 
135 -7.29659 0.924212 -0.223443 0.00206485 0.108911 -0.000550309 
136 -1.6447 0.988323 -0.164129 0.00238272 -0.14459 -0.000547618 
137 1.1269 1.06596 -0.0769563 0.00281106 -0.233695 -0.00054809 
138 2.34958 1.15212 -0.0249146 0.00322067 -0.243278 -0.000550159 
139 15.6847 1.25167 0.259998 0.00351482 -0.448711 -0.00250099 
140 7.15012 3.45273 0.199881 0.0691559 -0.0327692 -0.00317381 
141 3.48627 2.27971 0.0940279 0.0217262 0.169308 -0.00376458 
142 1.49931 1.9279 0.0385893 0.000716921 0.270002 -0.00446528 
143 0.452742 1.8292 0.0119928 -0.00694008 0.320616 -0.00530895 
144 -0.0828592 1.86856 0.00144077 -0.00819108 0.349407 -0.00633951 
145 -0.348506 1.98453 -0.00036018 -0.0066218 0.371791 -0.00761091 
146 -0.478191 2.14478 0.00252316 -0.00402222 0.39614 -0.00918912 
147 -0.545577 2.33283 0.00790641 -0.00123754 0.427065 -0.0111556 
148 -0.590658 2.54077 0.0146705 0.0013751 0.467263 -0.0136116 
149 -0.634919 2.76521 0.0222994 0.00368939 0.518552 -0.0166834 
150 -0.689916 3.00542 0.0305777 0.00570954 0.582449 -0.0205293 
151 -0.762094 3.26181 0.0394815 0.0074759 0.660495 -0.0253476 
152 -1.27122 3.53726 -0.0153741 0.00883404 0.53271 -0.0247015 
153 -1.7989 3.82763 -0.0354463 0.0101169 0.36297 -0.0224369 
154 -2.1695 4.13901 -0.038495 0.0113576 0.179886 -0.0189808 
155 -2.45652 4.47342 -0.0373714 0.0125615 -0.013844 -0.0140136 
156 -2.72101 4.83253 -0.0350809 0.0137432 -0.218833 -0.00712057 
157 -2.99948 5.21814 -0.0327695 0.0149165 -0.437696 0.00223219 
158 -1.11483 5.63411 0.0706599 0.0163762 -0.523369 0.00451088 
159 0.301607 6.08422 0.14662 0.0178174 -0.524538 0.00474425 
160 0.947689 6.56762 0.194947 0.0192234 -0.490107 0.00489325 
161 1.18669 7.08665 0.233631 0.0206587 -0.442033 0.00497865 
162 1.50886 7.61627 0.266341 0.0249094 -0.401008 0.00169002 
163 1.25467 7.36221 0.222802 3.67531e-05 -0.345537 0.00155558 
164 1.08012 5.99387 0.084818 -0.0572327 -0.299252 0.00155889 
165 0.965945 13.069 1.04063 0.153515 -0.259998 0.000753465 
166 0.798717 -0.961319 0.0515236 -0.30516 -0.22862 0.00176996 
167 0.714977 -6.27074 0.244409 -0.457838 -0.201606 0.00261337 
168 0.642313 -8.41522 0.370329 -0.462642 -0.178354 0.00321651 
169 0.582489 -8.98161 0.421591 -0.40674 -0.15823 0.00359576 
170 1.66566 -8.78742 0.477769 -0.332702 -0.0636796 -0.0084969 
171 2.28319 -8.26894 0.476031 -0.260303 0.065739 -0.0230159 
172 1.06658 -7.68142 -0.244534 -0.199516 0.0136782 -0.0110366 
173 0.373964 -10.5512 -0.551603 -0.264674 0.0149709 -0.00812962 
174 0.267821 -7.80186 -0.219302 -0.134829 0.023575 -0.00768731 
175 0.124866 -6.36406 -0.220306 -0.0639111 0.0242645 -0.00731578 
176 0.0667989 -5.4437 -0.239469 -0.025525 0.0216199 -0.00697535 
177 0.0510503 -4.81816 -0.244184 -0.00508401 0.01787 -0.00666147 
178 0.0560529 -4.36533 -0.239947 0.00548524 0.0140818 -0.00636703 
179 0.0704467 -4.01695 -0.231156 0.0106519 0.0107123 -0.00608806 
180 0.0884395 -3.73468 -0.220371 0.0128846 0.00790775 -0.00582232 
181 0.107262 -3.49693 -0.209034 0.0135401 0.0056655 -0.00556844 
182 0.125754 -3.29109 -0.197891 0.0133702 0.00392001 -0.00532546 
183 0.143576 -3.11003 -0.187365 0.0127791 0.0025863 -0.00509262 
184 0.160787 -2.94932 -0.177635 0.0119891 0.00158076 -0.00486924 
185 -4.04151 59.4469 0.958907 2.62456 -0.0289664 -0.146717 
186 2.87868 14.5866 -10.2331 1.43052 0.16607 -0.433573 
187 -4.54852 -9.46313 -4.50419 1.28298 -0.226609 0.00657058 
188 -2.41027 -9.59936 0.546599 1.28241 -0.379986 0.0123933 
189 -0.651728 -8.15401 1.1298 1.25973 -0.428223 0.0124888 
190 0.49752 -6.84916 1.11453 1.20825 -0.416936 0.0120203 
191 2.15082 -26.8945 8.50567 -1.46376 -0.448669 -2.12474e-05 
192 2.0144 -15.0913 0.266707 -0.749991 -0.375964 0.0154843 
193 0.497772 -12.6178 -0.462457 -0.165044 -0.406285 0.0524601 
194 -0.420769 -10.2442 -0.449756 0.294799 -0.491694 0.0905369 
195 -0.888278 -7.78417 -0.299601 0.62538 -0.607807 0.129405 
196 -1.25319 -4.5628 0.190273 0.907765 -0.590169 0.115408 
197 -0.781459 -2.08842 -0.134364 1.15366 -0.53861 0.0970402 
198 -0.488593 -0.182371 -0.0779667 1.30277 -0.474812 0.0788499 
199 -0.333341 1.40942 0.0868922 1.37305 -0.405668 0.0620366 
200 -0.683066 2.33939 0.332263 1.4011 -0.358139 0.046132 
201 0.322801 1.53636 0.135616 1.48307 -0.222038 -0.0117049 
202 0.92463 0.875411 0.242626 1.61073 -0.0383833 -0.0851875 
203 2.12438 1.39519 0.546052 1.72034 0.207587 -0.156951 
204 2.99588 2.42425 0.638759 1.78545 0.455985 -0.218513 
205 2.86627 4.56789 1.02849 1.74666 0.690292 -0.276631 
206 3.91685 5.51273 -0.413875 1.6615 0.822799 -0.283931 
207 5.65386 5.94601 -0.784917 1.55941 0.918187 -0.246092 
208 4.61194 6.0807 -1.05845 1.46353 0.980677 -0.215262 
209 3.6043 6.22071 -1.16968 1.3739 1.00128 -0.187314 
210 2.68025 6.3615 -1.25092 1.29103 0.983905 -0.16168 
211 1.55713 5.89423 -0.609306 0.73041 -0.286544 0.117331 
212 -0.0172728 5.29663 -0.212241 0.191164 -0.258479 0.107861 
213 -0.0723375 5.39383 -0.169676 -0.336482 -0.240477 0.0978774 
214 -0.0167988 5.4464 -0.201532 -0.857099 -0.230993 0.0888553 
215 -0.730885 2.45231 -1.46994 -1.50314 0.167493 -0.0400129 
216 1.55115 3.74189 0.125298 -1.92273 0.139005 -0.0247272 
217 6.54464 -3.10179 3.72637 -1.97046 0.397449 -0.00851464 
218 5.00035 -3.74895 0.538192 -1.99584 0.586756 -0.00386852 
219 3.47095 -4.0881 0.35554 -2.01158 0.712434 -0.00362455 
220 2.23904 -4.48463 0.376925 -2.01649 0.790377 -0.00777906 
221 1.86903 -5.37899 0.223778 -1.98601 0.866109 -0.0159038 
222 -3.85771 -10.8323 2.232 -1.67103 0.581342 -0.0153808 
223 -2.36666 -10.8829 -0.0873557 -1.3734 0.25874 0.0118193 
224 -1.26795 -10.98 -0.266736 -1.08667 -0.0281432 0.0412002 
225 -0.362788 -10.9485 -0.231386 -0.819065 -0.293431 0.0725638 
226 0.432534 -10.8214 -0.162378 -0.57689 -0.493038 0.0951146 
227 1.28479 -10.6486 -0.0526949 -0.363873 -0.508548 0.0861249 
228 2.0817 -10.4471 0.0234187 -0.184168 -0.498019 0.0776734 
229 2.71903 -10.259 0.0930409 -0.0384459 -0.470823 0.0698737 
230 3.26418 -10.08 0.178137 0.0710731 -0.432206 0.0626948 
231 3.65991 -10.0625 0.225695 0.150961 -0.390703 0.0561418 
232 4.00866 -10.1484 0.294839 0.203614 -0.349302 0.0501694 
233 4.50385 -10.2469 0.405523 0.227272 -0.301976 0.0450505 
234 7.13346 -10.7822 1.84877 0.253454 0.148429 -0.03543 
235 10.138 -11.1752 2.91363 0.263546 0.898815 -0.14317 
236 13.1115 -11.6458 3.60961 0.254577 1.88737 -0.253056 
237 15.6775 -12.6513 4.514 0.250719 3.11288 -0.359464 
238 14.317 -12.5919 1.59905 0.166345 3.71706 -0.313324 
239 -0.809883 -12.69 -6.93082 -0.0207124 1.79061 0.0761177 
240 -14.4084 -13.7538 -5.47643 -0.0352427 -0.392318 0.346597 
241 -12.3264 19.7295 11.9746 -1.57102 -1.35913 0.374382 
242 -20.9055 -4.55673 -4.58412 -1.72579 -2.80438 0.629832 
243 -19.5758 -2.07263 0.950613 -1.74533 -3.83961 0.281306 
244 -9.95745 -2.17615 5.59095 -1.67836 -4.27374 -0.197188 
245 -9.79076 2.5058 -3.66629 -1.08 -4.91653 0.0386 
246 -7.23357 6.88226 -1.79383 -0.53967 -5.22748 -0.152287 
247 -5.10193 9.67781 -1.18927 -0.212128 -5.3791 -0.395537 
248 -3.35896 11.4419 -0.966367 -0.0480467 -5.4767 -0.480031 
249 -2.2884 11.9969 -1.50193 0.0279663 -5.52028 -0.472738 
250 -1.37501 12.227 -2.62518 0.0433049 -5.42094 -0.457969 
251 0.394374 13.5899 -0.629187 -0.0634748 -5.06459 -0.372655 
252 2.88939 15.3613 0.491584 -0.311844 -4.39834 -0.258765 
253 4.95436 15.5346 0.85273 -0.610847 -3.67743 -0.166269 
254 21.9575 0.188118 5.27594 -0.132927 -2.41241 -0.45656 
255 19.1428 6.92894 -2.14868 -0.0156561 -1.15227 -0.248862 
256 19.0904 7.14551 -1.70383 0.0351534 0.112321 -0.187445 
257 16.2872 6.35417 -0.826319 0.102319 1.11869 0.0837307 
258 12.8069 5.83114 -0.589455 0.17278 1.94672 0.204882 
259 9.76785 5.6528 -0.491639 0.233321 2.59391 0.361426 
260 5.72225 5.72491 -0.896376 0.251543 2.91742 0.360416 
261 2.24013 5.594 -1.05541 0.262507 2.99313 0.365766 
262 -0.0203627 5.2234 -0.802294 0.277138 2.94858 0.361473 
263 -1.32852 4.7233 -0.597194 0.302511 2.83533 0.349233 
264 38.6269 -45.1855 6.09047 -3.42748 -1.45947 2.2678 
265 24.561 -32.1704 -15.9778 -2.91827 0.610313 7.0459 
266 16.1952 -5.53376 -14.7372 -1.6935 3.01047 12.5724 
267 17.9209 -4.20087 -2.04578 -0.495442 3.57859 12.8203 
268 14.9887 12.0829 -4.73051 -0.838045 2.47777 8.63468 
269 14.2974 10.4726 -2.91377 -1.19601 3.74888 3.94903 
270 10.4063 34.6003 5.57779 3.13443 9.63084 -0.0139141 
271 15.5016 23.6212 -1.07703 2.35073 10.535 -0.00586477 
272 15.4011 20.0263 -3.93075 1.43192 11.4544 0.00774852 
273 17.4163 18.0373 -4.60581 0.778377 12.5402 -0.00298814 
274 -76.415 29.3527 86.3319 -0.674269 8.58675 0.00134367 
275 -34.8128 9.34986 -27.5387 -1.01642 6.87196 -0.0199452 
276 -39.7318 9.76112 -13.3718 -1.41129 4.88537 -0.0352237 
277 -40.3763 8.50978 -10.7448 -1.74536 2.88043 -0.0504151 
278 -40.5186 7.04972 -10.0121 -2.01714 1.0493 -0.0164693 
279 -40.9034 5.44138 -11.3975 -2.50208 -0.772266 0.0262611 
280 -43.7479 4.41229 -12.3199 -2.99761 -2.75915 0.273 
281 -43.7023 2.01913 -12.1566 -3.47583 -4.77999 0.884264 
282 19.1239 -1.74744 37.3267 -3.44717 -3.30202 0.195086 
283 10.0595 -1.44478 -3.05236 -3.62362 -2.43866 0.249779 
284 12.4257 -3.21866 1.74962 -3.72721 -1.43297 0.314411 
285 14.3872 -3.3181 1.63883 -3.84534 -0.331879 0.38103 
286 14.7372 -3.37602 1.32545 -3.97766 0.702228 0.429998 
287 15.7439 -3.29848 -0.0491372 -4.12567 1.55328 0.421271 
288 14.1501 -3.41153 -0.0904768 -4.2922 2.33688 0.420358 
289 13.5581 -12.5368 -7.77492 -8.1478 -4.69384 -0.663268 
290 2.30435 -1.98132 -1.32633 -7.49153 -3.89863 -0.632419 
291 0.624677 -2.45982 0.286453 -6.88972 -3.23908 -0.588239 
292 -0.579249 -2.84729 0.424409 -6.34155 -2.71349 -0.543292 
293 -1.43734 -3.15694 0.336989 -5.84259 -2.29728 -0.49952 
294 -2.33421 -1.6115 -0.014806 -5.50053 2.75891 0.392178 
295 -88.9294 -114.624 110.208 -0.58777 4.61522 5.72827 
296 -23.6843 -31.5778 -61.4257 1.28143 3.79668 6.54552 
297 -21.7484 -31.9079 -60.0395 4.20598 -0.0919114 4.69466 
298 -24.5074 -36.3519 -52.6632 7.04004 -4.44699 2.40544 
299 32.5686 -4.05876 53.25 8.02869 -4.54101 1.80007 
300 20.526 -2.41219 -9.96386 8.43377 -3.6147 1.71929 
301 21.9775 -2.59207 -1.78299 8.84191 -2.59126 1.62621 
302 22.3334 -2.48323 -0.135838 9.27883 -1.57574 1.52425 
303 22.3891 -2.27727 -0.312741 9.74794 -0.583887 1.4213 
304 22.3429 -1.98114 -0.918788 10.2551 0.377562 1.35288 
305 27.9664 41.9105 32.4355 8.20418 1.69519 -0.0584973 
306 21.1766 29.1215 -8.79964 7.12613 2.53011 -0.137468 
307 21.9328 30.3921 -5.88592 6.00808 3.38616 -0.211097 
308 22.325 30.8592 -5.46585 4.90409 4.22955 -0.287311 
309 22.978 31.0997 -5.74226 3.82372 5.06958 -0.369457 
310 -41.8344 47.2818 27.1356 1.89742 2.33844 -0.486972 
311 -18.6456 35.9403 -11.7616 0.622786 0.816993 -0.580283 
312 -28.8686 19.7275 4.74706 0.210307 -1.06402 -0.588738 
313 -12.8887 26.1574 -2.48924 -0.47201 -1.56986 -0.486418 
314 -4.52547 22.7922 2.96089 -0.949155 -1.13134 -0.33148 
315 3.22548 18.9929 4.53132 -1.20578 -0.207787 -0.360025 
316 5.69497 16.6879 1.80131 -1.22891 0.21795 -0.32788 
317 -1.91997 17.4007 -8.61769 -1.20362 -1.48495 -0.631994 
318 -11.1395 38.1001 -5.69947 -0.639108 -4.26246 -0.955429 
319 -26.6755 22.0752 2.3482 -1.50867 -5.64396 -0.849786 
320 -19.8058 18.6497 -3.85268 -2.38955 -6.54957 -0.690907 
321 -15.908 7.87949 -3.53434 -4.28519 -7.88184 -0.543838 
322 -10.5779 3.95194 -3.52434 -5.44037 -8.11247 -0.309207 
323 -23.8255 -19.6985 7.94416 -5.28925 -9.04491 -0.0954308 
324 4.73641 -41.8598 8.42915 -3.79781 -8.06517 1.16194 
325 3.54468 -30.8238 -2.99692 -2.78348 -7.15575 2.61205 
326 10.1995 -29.1351 -1.06062 -1.86491 -5.91035 3.26781 
327 10.3515 -24.6141 -1.55672 -1.3455 -4.8293 2.32596 
328 10.0685 -23.1257 0.0263249 -0.931163 -3.87645 0.886035 
329 10.125 -20.0221 0.132791 -0.546825 -3.00937 0.265397 
330 9.86792 -16.9477 0.151786 -0.211897 -2.12077 0.184268 
331 9.1625 -14.6722 0.267449 0.0355982 -1.30251 0.150729 
332 8.29682 -12.7347 0.308983 0.210634 -0.582318 0.114042 
333 7.80644 -11.0208 0.185605 0.31899 -0.0624064 0.0667262 
334 7.6274 -9.55782 0.00123694 0.370755 0.252562 0.0103836 
335 6.43511 -8.51824 0.123321 0.397901 0.660889 -0.0216731 
336 4.86507 -8.11717 -0.169007 0.427461 1.00452 -0.0250897 
337 3.38325 -7.99264 -0.42333 0.47193 1.25126 -0.0257887 
338 3.90198 -4.83635 0.461923 0.363624 1.43735 -0.031061 
339 2.17544 -6.32429 -0.483947 0.357599 1.48463 -0.0394325 
340 45.8345 50.8445 13.0448 4.18746 -0.944136 -0.0144879 
341 28.4019 50.0791 -12.7523 5.92527 4.45568 -0.41147 
342 21.6268 27.9623 -34.6458 3.46453 9.3979 -0.868657 
343 21.1585 23.0171 -41.5702 1.29511 12.5372 -1.15782 
344 -66.9065 -29.3577 75.8275 1.56881 2.73565 -0.979836 
345 -35.5246 -16.0466 -30.5698 1.28073 0.909858 -0.117645 
346 -51.3443 -44.4234 12.3546 -3.05589 -0.786017 0.046401 
347 -11.5022 -46.482 11.9759 -2.40165 -1.38959 0.0282817 
348 -13.7728 -33.1775 -7.12791 -0.822913 -2.15837 0.00617475 
349 -6.5639 -32.021 -4.38213 0.708378 -2.5615 -0.0117057 
350 9.41495 -15.8251 4.36029 1.36462 -2.09968 -0.017905 
351 6.10995 -13.9865 -2.17589 1.94762 -1.84503 -0.0245789 
352 6.98639 -10.2042 -0.549685 2.337 -1.55124 -0.0300217 
353 6.11898 -7.67285 0.184068 2.60325 -1.31534 -0.0348967 
354 5.11794 -5.56519 0.337424 2.76837 -1.14211 -0.0391928 
355 7.00989 -3.85463 1.62635 3.01263 -0.480377 -0.141283 
356 4.73446 -3.56783 -0.0141305 3.39603 -0.115454 -0.199706 
357 5.19861 -1.40178 0.602034 3.67646 0.267385 -0.24758 
358 5.98549 0.211082 0.871618 3.88801 0.693533 -0.296875 
359 7.26376 1.45207 2.1291 4.05333 1.19737 -0.351352 
360 8.39477 2.42105 1.90602 4.18637 1.76545 -0.406808 
361 9.388 2.5014 1.21743 4.33619 2.39119 -0.463409 
362 9.01955 2.57689 -0.156379 4.49461 2.75496 -0.461529 
363 10.6606 2.61224 -0.619996 4.67334 3.15354 -0.446432 
364 8.54777 2.8143 -0.731661 4.86804 3.46989 -0.441018 
365 12.2331 13.8655 -9.75807 9.62772 0.155585 0.00380204 
366 4.47561 1.43585 -1.06432 8.91499 0.556018 -0.00583786 
367 2.2507 1.97951 0.354661 8.2649 0.82673 -0.0185107 
368 0.559218 2.42539 0.442917 7.67869 0.984305 -0.0289474 
369 -0.693715 2.79034 0.338296 7.15128 1.05419 -0.0364829 
370 -2.70236 0.826029 0.072039 6.60564 3.4416 -0.463128 
371 0.560432 2.28943 0.38813 6.4586 3.30243 -0.428258 
372 -68.7647 90.3872 61.3227 1.25547 -0.590319 -2.28486 
373 -6.39898 19.4941 -51.6942 -0.0792459 -1.10597 -1.69712 
374 3.02581 18.1476 -14.963 -1.19636 -1.04974 -1.28468 
375 2.23274 20.536 -1.72149 -2.40051 -1.08296 -0.926031 
376 6.17397 17.0187 -1.71082 -3.45502 -0.960227 -0.785705 
377 9.2488 14.4879 -1.61465 -4.3827 -0.694026 -0.667296 
378 11.4691 12.6318 -1.49131 -5.22634 -0.32792 -0.572983 
379 13.0638 11.2432 -1.47446 -6.01848 0.102572 -0.498865 
380 14.213 10.1768 -1.55686 -6.78298 0.572308 -0.441995 
381 15.068 9.3128 -1.71943 -7.53726 1.06371 -0.400368 
382 15.7548 8.55256 -1.94693 -8.29386 1.565 -0.372754 
383 16.3735 7.81907 -2.22751 -9.06133 2.06909 -0.358551 
384 16.9899 7.06736 -2.54273 -9.84417 2.57398 -0.357663 
385 -10.6607 1.25584 16.023 -10.3021 1.51753 0.0810949 
386 18.7558 -35.1273 12.9223 -8.88441 2.06839 0.23743 
387 5.48716 -25.2415 -3.8868 -8.07942 2.29796 0.219361 
388 3.05212 -25.2014 -0.0348368 -7.32341 2.43055 0.197643 
389 -25.0441 -45.1798 17.0521 -5.51939 1.23303 0.13033 
390 -7.28045 -38.8475 -5.62003 -4.12466 1.20338 0.013322 
391 -2.44362 -40.6301 -1.54037 -2.6781 1.48879 -0.108128 
392 5.26054 -38.1198 1.91005 -1.42445 2.27897 -0.227916 
393 8.17333 -35.5122 -0.852598 -0.387877 2.62356 -0.183566 
394 -3.43031 -32.1765 -9.10966 0.365569 0.653745 0.197533 
395 -15.5451 -29.1836 -6.53511 1.08185 -1.42892 0.454717 
396 -19.9571 -25.4183 -1.88444 1.8524 -2.75032 0.49744 
397 -19.9913 -20.551 -1.78361 2.55511 -3.96329 0.461497 
398 -21.2559 -19.2218 1.37735 2.85128 -5.9229 0.441671 
399 -14.2319 -8.54408 -4.13765 4.30086 -6.54347 0.2613 
400 -8.55184 -4.46271 -3.31423 5.48125 -6.84234 0.0808735 
401 5.06236 44.1924 17.6253 3.99869 -6.3288 -0.235381 
402 0.485873 31.9716 -2.95921 3.86097 -5.89584 -0.471354 
403 4.11285 31.2984 -0.256713 2.87769 -5.03631 -0.688923 
404 -0.196082 29.8057 -0.0906772 1.98948 -4.52491 -0.32325 
405 4.8415 25.1218 -0.846249 1.30717 -3.84876 -0.217102 
406 7.15086 21.4265 -0.416751 0.776775 -3.03046 -0.15263 
407 8.18628 18.2312 -0.0994892 0.365339 -2.20134 -0.135273 
408 8.42735 15.624 0.101801 0.066895 -1.41746 -0.0861462 
409 8.12386 13.4119 0.201265 -0.145008 -0.700462 -0.0367811 
410 7.88029 11.4793 0.126113 -0.284298 -0.154196 -0.00058399 
411 7.50917 9.87567 0.0395121 -0.365878 0.25756 0.0233178 
412 7.07737 8.58426 -0.0646027 -0.404193 0.548036 0.0333321 
413 5.03275 8.43537 -0.427357 -0.454496 0.876365 0.0278011 
414 3.48009 8.2001 -0.436009 -0.514071 1.15214 0.0310423 
415 4.0576 4.1007 0.593327 -0.369888 1.38078 0.0386721 
416 2.0556 5.91519 -0.480386 -0.346053 1.44228 0.0458622 
417 45.3143 -51.2322 11.9066 -4.24918 -0.910324 -0.200163 
418 28.2575 -50.4141 -13.0358 -5.9156 4.44478 0.409097 
419 21.7916 -28.6388 -34.5326 -3.41805 9.42309 0.866999 
420 -30.2071 21.8093 -3.7152 -3.92026 8.75457 3.69061 
421 -31.0399 1.15096 4.14765 -2.79485 1.13061 2.36744 
422 -42.0462 12.2995 -12.277 -2.54145 -1.04452 2.25247 
423 -6.99328 45.4866 39.8412 2.25902 0.38353 -0.0402947 
424 -14.3959 33.9818 -0.368606 2.30082 -0.406058 -0.0210109 
425 -7.62573 25.4152 -1.78145 1.11298 -0.831844 -0.0100498 
426 -1.75828 21.6009 -1.51617 0.124387 -0.964022 -0.0030334 
427 0.570428 16.6828 -0.712135 -0.606943 -0.967493 0.00521309 
428 2.2234 13.0587 -0.635067 -1.15289 -0.897211 0.0104831 
429 3.1664 9.87215 -0.430383 -1.53698 -0.78524 0.0145211 
430 4.2829 7.99834 -0.241536 -1.68031 -0.620214 0.0172322 
431 3.38724 6.19129 1.22812 -1.89349 -0.329492 0.0674793 
432 3.42178 3.82859 0.66216 -2.27974 -0.00672883 0.123753 
433 2.44598 4.31114 -0.196017 -2.70457 0.260324 0.179916 
434 3.15483 2.4326 0.527966 -3.03985 0.565736 0.231898 
435 3.87817 0.562928 0.59372 -3.28897 0.912259 0.280102 
436 4.96606 -1.34186 1.67243 -3.45376 1.3265 0.335234 
437 6.39242 -2.35635 1.81988 -3.58245 1.82151 0.391691 
438 7.67933 -2.43969 1.1916 -3.72562 2.38953 0.449193 
439 7.47336 -2.50172 -0.161251 -3.8758 2.70327 0.448174 
440 9.38574 -2.48975 -0.618947 -4.0465 3.06659 0.433541 
441 7.67997 -2.67996 -0.687225 -4.23145 3.36836 0.428289 
442 11.2708 -13.6373 -9.77477 -9.04779 -0.626786 -0.0985004 
443 3.37332 -1.29865 -1.13689 -8.31433 -0.195864 -0.0898518 
444 1.43348 -1.83822 0.3812 -7.64201 0.11412 -0.0756766 
445 -0.00588704 -2.28213 0.498227 -7.03191 0.316271 -0.062574 
446 -1.04889 -2.64526 0.407228 -6.47876 0.43443 -0.0514298 
447 -2.73594 -0.778353 0.273783 -5.86267 3.27439 0.448841 
448 0.845138 -2.19798 0.456886 -5.72493 3.17073 0.415622 
449 -70.0796 -90.8495 61.5011 -0.571324 0.782262 1.85014 
450 -0.369831 -14.9308 -53.7664 0.643946 -0.920048 1.55318 
451 5.53551 -16.0528 -14.6193 1.65999 -0.707775 0.953117 
452 5.48886 -16.6942 -1.84283 3.20156 -0.806127 0.772355 
453 8.08377 -15.1106 -1.35464 4.21412 -0.56958 0.741747 
454 10.3691 -13.2232 -1.31967 5.12679 -0.227573 0.653498 
455 12.0437 -11.7944 -1.34418 5.97436 0.1861 0.518932 
456 13.2708 -10.6904 -1.44971 6.78246 0.645652 0.345704 
457 14.188 -9.80259 -1.62504 7.57016 1.13226 0.138056 
458 14.9107 -9.04097 -1.85805 8.35129 1.6325 -0.102679 
459 15.532 -8.33516 -2.13828 9.13547 2.13732 -0.377666 
460 -5.98321 -0.858394 12.3427 9.68326 1.38016 -0.0110686 
461 22.1001 34.8039 13.3575 8.24727 2.20117 -0.158627 
462 7.70541 23.9648 -4.13313 7.48292 2.12767 -0.227331 
463 1.82607 23.0574 -1.48736 6.80317 1.69384 -0.302111 
464 -28.699 44.2359 15.0669 5.00717 0.120328 -0.299743 
465 -7.80637 36.2479 -8.23884 3.705 -0.0128533 -0.212266 
466 -2.70391 36.6338 0.496786 2.41731 0.24935 -0.0903963 
467 4.77877 33.6204 1.77705 1.3412 0.974962 0.0359263 
468 10.3718 31.2555 3.12774 0.440871 2.08241 0.158689 
469 10.0673 28.5355 0.560107 -0.238353 2.57021 0.120475 
470 -3.44218 25.5425 -7.92384 -0.65453 0.634887 -0.251021 
471 -16.6402 23.5735 -6.09782 -1.08823 -1.52023 -0.51054 
472 -21.048 20.9188 -1.36126 -1.63639 -2.86633 -0.544243 
473 -20.9992 17.0738 -1.27251 -2.17032 -4.10206 -0.500705 
474 -17.4214 14.224 -1.21345 -2.71783 -5.06672 -0.404014 
475 -14.4578 9.2464 -0.171762 -3.70226 -6.48628 -0.312847 
476 -21.6424 -13.1441 3.60542 -3.94894 -7.44539 -0.128292 
477 0.75853 -35.8998 7.85272 -2.91498 -7.08793 0.353534 
478 -1.75553 -28.0312 -2.27841 -2.24665 -7.06739 0.487496 
479 1.74686 -24.6703 -1.58794 -1.69424 -6.75574 0.508385 
480 6.31417 -21.6143 -0.728456 -1.24726 -5.7969 0.569469 
481 9.48687 -19.0063 -0.228056 -0.891252 -4.72936 0.699307 
482 12.1474 -16.8119 -0.0450918 -0.633386 -3.58579 0.745185 
-999 12.1474 -16.8119 -0.0450918 -0.633386 -3.58579 0.745185 
484 10.9999 -17.4438 3.37256 -0.488238 -1.03767 0.196599 
485 10.3848 -14.2434 0.0942188 -0.215663 -0.297568 0.139437 
486 9.64648 -12.4672 -0.356504 -0.0184224 0.143071 0.0711527 
487 8.25571 -11.0221 -0.280648 0.130326 0.57691 0.0146943 
488 5.93666 -10.3827 -0.522381 0.27312 1.00126 -0.00653288 
489 4.13289 -9.80616 -0.627845 0.408553 1.31183 -0.0215751 
490 2.8006 -9.14881 -0.611952 0.530969 1.53893 -0.0466771 
491 3.75363 -4.37407 0.566434 0.41398 1.70423 -0.0547077 
492 2.01541 -6.06343 -0.411007 0.411893 1.76578 -0.0658094 
493 45.5456 51.5882 11.3988 4.19951 -0.640695 -0.0243285 
494 28.6638 49.1022 -12.776 5.60291 4.63147 -0.467107 
495 23.3434 28.142 -34.7438 3.17094 8.13283 -0.832229 
496 -28.2991 -21.6509 -1.10651 3.61776 6.74181 -3.1362 
497 -42.5998 -8.48397 -0.731599 2.95703 1.37794 -2.17921 
498 -42.5801 -11.4861 -9.97069 2.53781 -0.847401 -1.45437 
499 -5.50165 -44.7793 40.7172 -2.08257 0.365789 0.0504504 
500 -13.1839 -30.3707 -0.966342 -1.92067 -0.358496 0.0305987 
501 -7.01117 -23.0801 -1.71966 -0.832912 -0.750898 0.0185222 
502 -2.7361 -19.2993 -1.34137 0.0587735 -0.924155 0.00846564 
503 0.847569 -15.1053 -0.735685 0.734458 -0.91606 0.001367 
504 2.25908 -11.3117 -0.425048 1.21734 -0.835543 -0.00436191 
505 2.98368 -8.29414 -0.31276 1.54954 -0.723739 -0.00900046 
506 2.69066 -6.14201 0.0691432 1.77809 -0.634112 -0.0127776 
507 2.82884 -5.02712 0.129167 1.84517 -0.516593 -0.0150407 
508 0.859187 -3.05492 0.36537 1.93231 -0.52743 -0.0204369 
509 0.0032528 -4.22771 -0.656299 2.09387 -0.600616 -0.0230172 
510 0.163409 -3.05269 0.0547823 2.20099 -0.667114 -0.0253919 
511 0.199334 -2.14986 0.0296287 2.2687 -0.736343 -0.0258981 
512 1.05811 -0.123266 0.948658 2.32983 -0.620453 -0.058857 
513 2.02519 2.50526 1.00795 2.3771 -0.434489 -0.0980818 
514 5.23088 2.41506 0.79416 2.44049 -0.0894137 -0.134152 
515 6.97786 2.41156 0.811688 2.51506 0.343181 -0.171428 
516 7.27296 2.50911 0.786841 2.59561 0.634354 -0.18643 
517 7.21514 2.5834 0.701894 2.68491 0.927243 -0.20276 
518 22.8967 16.049 -6.20087 8.70092 -0.776648 -0.136698 
519 14.874 3.88499 -2.13066 8.87176 0.135589 -0.137761 
520 11.0333 1.9876 0.491473 8.14115 0.835657 -0.148996 
521 7.68532 2.57563 0.671904 7.47737 1.34202 -0.159986 
522 4.73088 3.09075 0.526553 6.87449 1.6787 -0.168695 
523 -6.47838 -4.29685 5.14843 3.52414 2.84158 -0.280019 
524 -2.73699 3.37815 -0.0920811 3.76801 2.38149 -0.220595 
525 -2.57521 3.59306 -1.04246 4.03058 1.94032 -0.163528 
526 -3.27958 3.73621 -1.30539 4.31075 1.47392 -0.107745 
527 16.7244 50.1539 11.4142 2.07927 2.13457 -0.100573 
528 -9.76922 4.69327 -15.7788 2.37949 1.28911 -0.0261472 
529 1.80861 30.6049 3.45772 1.22289 1.37219 -0.02894 
530 -3.8944 20.2452 -4.30396 0.115474 1.24811 -0.03646 
531 -5.62211 16.9061 -2.82524 -1.20842 1.01986 -0.0303321 
532 -6.19017 14.8975 -1.93925 -2.11445 0.772684 -0.0323897 
533 -6.17955 12.4456 -1.47152 -2.88249 0.518938 -0.0341997 
534 -5.72911 10.1531 -1.11179 -3.52755 0.281692 -0.0371059 
535 -4.98201 8.01792 -0.807869 -4.06393 0.0769124 -0.0419392 
536 -4.05307 6.04172 -0.543458 -4.50386 -0.0861276 -0.0489504 
537 -3.26798 4.26865 -0.317282 -4.86413 -0.22314 -0.0492871 
538 -2.35635 3.53333 0.0974735 -5.20482 -0.328449 -0.0408757 
539 -1.29843 3.37964 0.338702 -5.5633 -0.380192 -0.0356558 
540 -0.446188 3.18872 0.322196 -5.93894 -0.391559 -0.0324727 
541 0.172163 1.57295 0.111343 -6.95908 -0.376105 -0.0311841 
542 0.488919 2.62071 0.242698 -7.36444 -0.345641 -0.0301616 
543 0.877317 2.26681 0.272646 -7.79896 -0.299694 -0.0290304 
544 1.12743 1.87164 0.28154 -8.266 -0.243771 -0.0280117 
545 22.7935 -35.4018 17.4175 -6.79467 0.947267 -0.0115789 
546 7.41975 -21.8908 -4.73935 -6.01019 1.28768 0.0315681 
547 -16.5373 -37.1809 6.29403 -4.26734 0.566701 0.00880849 
548 -4.92302 -28.2805 -2.60787 -2.93805 0.373873 -0.00763173 
549 -3.34921 -25.3872 -0.933933 -1.68979 0.175591 -0.00967992 
550 -2.1044 -21.7487 -1.0351 -0.576408 0.0440731 -0.0115494 
551 -1.15004 -17.1967 -1.55164 0.448357 -0.0363499 -0.0130027 
552 -0.433659 -10.9968 -2.66263 1.50484 -0.0786332 -0.0137485 
553 13.2226 26.933 9.01221 0.494189 0.693856 -0.143394 
554 2.18885 11.9417 -3.18889 0.27297 0.799082 -0.187784 
555 -0.099089 9.67821 -1.23521 0.11785 0.768266 -0.155683 
556 -1.21903 8.239 -0.875786 0.0144158 0.681608 -0.125541 
557 -1.69586 7.19182 -0.711496 -0.0566001 0.574139 -0.10118 
558 -1.79584 6.36811 -0.597516 -0.105768 0.464914 -0.0812408 
559 -1.68938 5.68117 -0.511831 -0.139026 0.364339 -0.0650655 
560 -1.4818 5.08796 -0.445433 -0.160047 0.277249 -0.0520617 
561 -1.23719 4.56697 -0.392684 -0.171416 0.205128 -0.0416867 
562 -0.9931 4.1069 -0.349748 -0.175172 0.147533 -0.033461 
563 -0.770036 3.70088 -0.31396 -0.173043 0.102999 -0.0269733 
564 -0.577687 3.34356 -0.283443 -0.166537 0.0696131 -0.0218791 
565 -0.418997 3.03002 -0.256895 -0.15696 0.0453651 -0.0178944 
566 -0.295152 2.75867 -0.231952 -0.145523 0.0287419 -0.0165929 
567 -0.199802 2.52054 -0.210969 -0.133171 0.0175111 -0.0156649 
568 -0.128892 2.31017 -0.192256 -0.12053 0.0102352 -0.014834 
569 -0.0780037 2.12388 -0.17523 -0.108086 0.00580152 -0.0140871 
570 -4.44732 -40.6058 -6.49271 -2.47744 -0.429598 -0.0393004 
571 0.357829 -21.544 -2.08252 -0.857854 -0.404308 -0.0270288 
572 2.33397 -12.6235 -1.70346 0.24225 -0.259435 -0.0241658 
573 2.75048 -4.70206 -0.678613 0.899408 -0.101031 -0.0212249 
574 2.84976 1.59765 0.179112 1.1856 0.0614391 -0.0180473 
575 2.16843 5.096 0.31089 1.25885 0.187127 -0.0156105 
576 9.13469 33.7541 8.42703 2.63164 0.796355 -0.00614543 
577 2.31556 20.9087 -0.35384 1.59376 0.925824 -0.00682155 
578 -2.41291 14.6692 -0.111469 0.888788 0.80142 -0.00758185 
579 -4.49064 10.7403 -0.00668662 0.391787 0.567699 -0.00763451 
580 -5.066 8.11962 0.0386116 0.0316087 0.304344 -0.00742002 
581 -4.82297 6.24449 0.0542223 -0.232432 0.0543842 -0.00700433 
582 -4.04062 5.15551 0.0329323 -0.399362 -0.15395 -0.00651077 
583 -3.30761 3.78771 0.0455573 -0.544669 -0.324078 -0.00616995 
584 -0.24789 -0.154879 0.682048 -0.480742 -0.328726 -0.00705645 
585 0.305408 -0.362933 -0.00161268 -0.411277 -0.307676 -0.00690569 
586 0.625865 -0.44658 -0.0626122 -0.341058 -0.270254 -0.00676663 
587 0.772592 -0.435256 -0.0720005 -0.274779 -0.225675 -0.00663568 
588 0.800362 -0.364669 -0.0714906 -0.215256 -0.180189 -0.00650239 
589 0.791332 -0.0250167 -0.0888867 -0.152708 -0.135991 -0.00621398 
590 0.66185 -0.0526241 -0.055343 -0.116555 -0.0986593 -0.00606113 
591 0.537719 0.0083256 -0.0464773 -0.0855668 -0.0682149 -0.00590225 
592 0.42177 0.0815003 -0.0389673 -0.0602671 -0.0441358 -0.00573646 
593 0.317646 0.154341 -0.0320125 -0.0403745 -0.0257244 -0.00556538 
594 -3.8928 -34.4393 -3.53775 -1.79854 -0.340333 -0.0128363 
595 1.52023 -14.3437 -0.879542 -0.674789 -0.243469 -0.0118135 
596 1.22019 -9.8576 -2.15963 0.194044 -0.169018 -0.0119561 
597 2.19169 -2.45253 -0.0599992 0.63035 -0.0459372 -0.010369 
598 2.13742 1.79038 0.203344 0.812704 0.0742925 -0.0093333 
599 7.50922 26.0301 4.966 1.86681 0.549258 -0.00733723 
600 1.22518 14.493 0.343977 1.11751 0.61749 -0.00664705 
601 -1.96089 10.0733 0.132744 0.605705 0.515127 -0.00675669 
602 -3.31875 7.27146 0.125283 0.244545 0.341578 -0.00626344 
603 -3.38941 5.06448 0.186553 0.00174173 0.165382 -0.00567186 
604 -2.62905 3.07589 0.248019 -0.134626 0.0307281 -0.00513303 
605 -1.8462 1.78891 0.165376 -0.203133 -0.0618769 -0.00470614 
606 -1.16096 0.960951 0.0959734 -0.228371 -0.117954 -0.00438023 
607 -0.618215 0.440337 0.0462401 -0.226831 -0.145312 -0.00413547 
608 -0.221343 0.126982 0.0126193 -0.20968 -0.151851 -0.00394934 
609 0.0556258 0.0107865 -0.0128738 -0.181859 -0.144004 -0.00379521 
610 0.209549 -0.0968874 -0.0201697 -0.15482 -0.128355 -0.00367302 
611 0.288706 -0.124618 -0.0258885 -0.127246 -0.108861 -0.00357832 
612 0.321551 -0.0621745 -0.0310156 -0.0991779 -0.0879406 -0.00352144 
613 0.303342 -0.043677 -0.0260998 -0.0770644 -0.0682729 -0.00346211 
614 0.266433 3.37179e-05 -0.0232941 -0.0579162 -0.0507881 -0.00340175 
615 0.220645 0.0543671 -0.0202308 -0.0417907 -0.035909 -0.00333954 
616 0.171538 0.107241 -0.016653 -0.0288533 -0.0237683 -0.00327495 
617 0.123813 0.15567 -0.0131546 -0.0188224 -0.0142556 -0.00321035 
618 0.0810082 0.200502 -0.0102343 -0.0111716 -0.00707777 -0.00314468 
619 0.0437614 0.236365 -0.00751818 -0.00568872 -0.00191527 -0.00307768 
620 0.0128881 0.264377 -0.00529287 -0.00193025 0.00158921 -0.00300985 
621 -0.016442 0.256438 -0.00144921 -0.000782752 0.00349838 -0.00293738 
622 -0.0352342 0.259744 -0.000653682 0.000182976 0.00441181 -0.00286561 
623 -0.0471458 0.26469 -0.000199046 0.000884498 0.00470078 -0.00279473 
624 -0.0544995 0.269546 0.000103705 0.00132898 0.00461033 -0.00272501 
625 -0.0588022 0.273591 0.000287231 0.00156123 0.00430366 -0.00265662 
626 -0.061061 0.276624 0.000376847 0.00163622 0.00388938 -0.00258964 
627 -0.0619683 0.278702 0.000396882 0.00160535 0.00343867 -0.00252416 
628 -0.0620086 0.279983 0.000368664 0.00151123 0.00299669 -0.00246017 
629 -0.0615237 0.280658 0.000310059 0.00138601 0.00259024 -0.0023977 
630 -0.0607534 0.280902 0.000234859 0.00125241 0.00223342 -0.00233673 
631 -0.0598632 0.280867 0.000153487 0.00112498 0.00193161 -0.00227723 
632 -0.0589629 0.280666 7.30403e-05 0.00101223 0.00168445 -0.00221916 
633 -0.0581222 0.280387 -1.71043e-06 0.000917966 0.001488 -0.0021625 
634 -0.05738 0.280086 -6.8198e-05 0.000843077 0.00133642 -0.0021072 
635 -0.056755 0.279804 -0.00012511 0.000786337 0.00122297 -0.00205322 
636 -0.0562504 0.279559 -0.000172395 0.000745585 0.00114086 -0.00200053 
637 -0.0558607 0.279364 -0.000210464 0.00071803 0.00108369 -0.00194908 
638 -0.0555742 0.279218 -0.000240356 0.000700966 0.00104576 -0.00189884 
639 -0.055377 0.27912 -0.00026309 0.000691727 0.00102218 -0.00184978 
640 -0.0552537 0.279063 -0.00027996 0.000688128 0.00100891 -0.00180185 
641 -0.0551902 0.279042 -0.000291992 0.00068822 0.00100273 -0.00175504 
642 -0.0551728 0.279047 -0.000300331 0.000690599 0.00100113 -0.00170932 
643 -0.0551905 0.279074 -0.000305768 0.000694074 0.00100223 -0.00166465 
644 -0.0552332 0.279115 -0.000309165 0.00069792 0.0010047 -0.00162101 
645 -0.0552935 0.279168 -0.000311024 0.000701524 0.0010076 -0.00157837 
646 -0.0553651 0.279226 -0.000311934 0.00070463 0.00101034 -0.00153671 
647 -0.0554435 0.279289 -0.000312149 0.000706989 0.00101255 -0.00149601 
648 -0.0555252 0.279351 -0.000312049 0.000708615 0.00101408 -0.00145624 
649 -0.0556081 0.279415 -0.000311712 0.000709449 0.00101485 -0.00141739 
650 -0.0556904 0.279476 -0.000311376 0.000709631 0.00101491 -0.00137943 
651 -0.0557714 0.279537 -0.000311011 0.000709175 0.00101432 -0.00134235 
652 -0.0558505 0.279594 -0.000310772 0.000708259 0.00101319 -0.00130611 
653 -0.0559277 0.279651 -0.000310571 0.000706908 0.00101161 -0.00127071 
654 -0.0560027 0.279705 -0.000310521 0.000705292 0.0010097 -0.00123613 
655 -0.0560761 0.279758 -0.000310508 0.000703417 0.00100753 -0.00120234 
656 -0.0561477 0.279809 -0.000310629 0.000701429 0.0010052 -0.00116932 
657 -0.0562181 0.27986 -0.00031076 0.000699309 0.00100276 -0.00113707 
658 -0.0562872 0.279908 -0.000310998 0.000697179 0.00100027 -0.00110556 
659 -0.0563557 0.279958 -0.000311219 0.000694995 0.000997762 -0.00107478 
660 -0.0564233 0.280005 -0.00031152 0.000692858 0.000995276 -0.0010447 
661 -0.0564906 0.280053 -0.000311782 0.000690711 0.00099282 -0.00101532 
662 -0.0565573 0.280099 -0.000312108 0.000688638 0.000990416 -0.000986614 
663 -0.0566239 0.280147 -0.000312381 0.000686571 0.000988061 -0.000958571 
664 -0.0566902 0.280193 -0.000312707 0.000684589 0.000985769 -0.000931174 
665 -0.0567565 0.28024 -0.000312973 0.000682617 0.000983531 -0.000904408 
666 -0.0568225 0.280286 -0.000313289 0.00068073 0.000981354 -0.00087826 
667 -0.0568886 0.280333 -0.000313541 0.000678849 0.000979227 -0.000852715 
668 -0.0569545 0.280378 -0.000313842 0.000677049 0.000977155 -0.00082776 
669 -0.0570205 0.280425 -0.000314081 0.000675252 0.000975128 -0.00080338 
670 -0.0570863 0.280471 -0.000314367 0.000673529 0.000973149 -0.000779563 
671 -0.0571522 0.280517 -0.000314593 0.000671805 0.000971209 -0.000756295 
672 -0.0572178 0.280563 -0.000314868 0.000670151 0.000969312 -0.000733565 
673 -0.0572836 0.280609 -0.000315083 0.000668491 0.000967448 -0.00071136 
674 -0.0573491 0.280655 -0.000315349 0.000666899 0.000965624 -0.000689667 
675 -0.0574147 0.280701 -0.000315555 0.000665297 0.000963829 -0.000668476 
676 -0.05748 0.280746 -0.000315814 0.000663761 0.000962072 -0.000647774 
677 -0.0575455 0.280793 -0.000316015 0.000662214 0.00096034 -0.000627551 
678 -0.0576107 0.280837 -0.000316268 0.00066073 0.000958644 -0.000607795 
679 -0.0576759 0.280884 -0.000316464 0.000659234 0.000956973 -0.000588495 
680 -0.057741 0.280928 -0.000316713 0.000657801 0.000955334 -0.000569642 
681 -0.0578061 0.280974 -0.000316904 0.000656353 0.00095372 -0.000551225 
682 -0.057871 0.281019 -0.00031715 0.000654968 0.000952138 -0.000533234 
683 -0.0579359 0.281065 -0.000317338 0.000653567 0.000950579 -0.000515659 
684 -0.0580006 0.281109 -0.00031758 0.000652228 0.00094905 -0.000498491 
685 -0.0580654 0.281155 -0.000317764 0.000650873 0.000947544 -0.000481721 
686 -0.0581299 0.281199 -0.000318003 0.000649578 0.000946068 -0.000465338 
687 -0.0581946 0.281245 -0.000318185 0.000648267 0.000944613 -0.000449335 
688 -0.058259 0.281289 -0.00031842 0.000647016 0.000943187 -0.000433703 
689 -0.0583235 0.281334 -0.000318599 0.000645747 0.000941781 -0.000418432 
690 -0.0583877 0.281378 -0.000318832 0.000644537 0.000940404 -0.000403516 
691 -0.058452 0.281423 -0.000319008 0.00064331 0.000939046 -0.000388945 
692 -0.0585162 0.281467 -0.000319237 0.000642141 0.000937716 -0.000374712 
693 -0.0585803 0.281512 -0.00031941 0.000640954 0.000936404 -0.000360809 
694 -0.0586443 0.281556 -0.000319637 0.000639823 0.000935119 -0.000347229 
695 -0.0587084 0.281601 -0.000319808 0.000638674 0.000933852 -0.000333963 
696 -0.0587722 0.281645 -0.000320032 0.000637582 0.00093261 -0.000321006 
697 -0.0588362 0.28169 -0.0003202 0.000636469 0.000931386 -0.000308349 
698 -0.0588999 0.281733 -0.000320422 0.000635413 0.000930187 -0.000295986 
699 -0.0589637 0.281778 -0.000320586 0.000634337 0.000929003 -0.00028391 
700 -0.0590273 0.281821 -0.000320806 0.000633315 0.000927845 -0.000272114 
701 -0.0590909 0.281866 -0.000320968 0.000632274 0.000926701 -0.000260593 
702 -0.0591544 0.281909 -0.000321185 0.000631286 0.000925582 -0.000249339 
703 -0.059218 0.281953 -0.000321345 0.000630278 0.000924477 -0.000238347 
704 -0.0592813 0.281996 -0.00032156 0.000629323 0.000923395 -0.00022761 
705 -0.0593448 0.282041 -0.000321718 0.000628346 0.000922327 -0.000217123 
706 -0.059408 0.282084 -0.00032193 0.000627423 0.000921281 -0.00020688 
707 -0.0594714 0.282128 -0.000322086 0.000626477 0.000920248 -0.000196876 
708 -0.0595345 0.282171 -0.000322296 0.000625584 0.000919238 -0.000187104 
709 -0.0595977 0.282215 -0.00032245 0.000624669 0.00091824 -0.00017756 
710 -0.0596608 0.282258 -0.000322658 0.000623805 0.000917263 -0.000168238 
711 -0.0776133 0.341401 0.00257536 -0.00256387 -5.77853e-05 -0.000157702 
712 -0.0615418 0.281125 -0.000154441 -0.00252365 -0.000160808 -0.000148136 
713 -0.0591707 0.276437 -0.000521039 -0.00223951 -0.00013618 -0.000139468 
714 -0.0588398 0.276434 -0.000544439 -0.00196242 -9.41395e-05 -0.000131073 
715 -0.0587778 0.276807 -0.000531555 -0.00171169 -4.90358e-05 -0.000122884 
716 -0.0587605 0.277176 -0.00051593 -0.0014863 -3.10242e-06 -0.000114891 
717 -0.0587607 0.277513 -0.000500898 -0.0012838 4.2904e-05 -0.000107088 
718 -0.058773 0.277818 -0.000486875 -0.00110173 8.85055e-05 -9.94688e-05 
719 -0.0587957 0.278094 -0.00047378 -0.000938013 0.000133316 -9.20292e-05 
720 -0.0588268 0.278344 -0.000461664 -0.000790673 0.000177049 -8.47645e-05 
721 -0.0588654 0.278573 -0.000450398 -0.00065806 0.000219468 -7.76701e-05 
722 -0.0589099 0.27878 -0.000440021 -0.000538596 0.000260412 -7.07419e-05 
723 -0.0589597 0.278971 -0.000430398 -0.000430978 0.000299747 -6.39755e-05 
724 -0.0590136 0.279144 -0.000421566 -0.000333936 0.0003374 -5.73672e-05 
725 -0.0590711 0.279305 -0.000413389 -0.000246441 0.000373309 -5.0913e-05 
726 -0.0591314 0.279452 -0.000405907 -0.000167471 0.000407461 -4.46094e-05 
727 -0.0591942 0.279589 -0.000398987 -9.62118e-05 0.000439843 -3.84525e-05 
728 -0.0592587 0.279715 -0.000392671 -3.18351e-05 0.000470482 -3.24392e-05 
729 -0.0593248 0.279833 -0.000386832 2.62992e-05 0.000499396 -2.65658e-05 
730 -0.059392 0.279942 -0.000381516 7.88661e-05 0.000526638 -2.08293e-05 
731 -0.0594602 0.280045 -0.000376602 0.000126369 0.000552247 -1.52262e-05 
732 -0.0595289 0.280141 -0.000372139 0.00016936 0.000576289 -9.7537e-06 
733 -0.0595982 0.280232 -0.000368011 0.000208233 0.000598816 -4.40857e-06 
734 -0.0596677 0.280317 -0.000364273 0.000243444 0.0006199 8.11898e-07 
735 -0.0597376 0.280399 -0.000360811 0.000275299 0.000639599 5.91082e-06 
736 -0.0598073 0.280476 -0.000357686 0.000304176 0.000657988 1.08907e-05 
737 -0.0598771 0.28055 -0.000354788 0.000330312 0.000675127 1.57546e-05 
738 -0.0599467 0.28062 -0.000352181 0.000354023 0.000691089 2.05049e-05 
739 -0.0600163 0.280688 -0.00034976 0.000375491 0.000705932 2.51444e-05 
740 -0.0600855 0.280752 -0.00034759 0.00039498 0.000719728 2.96754e-05 
741 -0.0601547 0.280815 -0.000345569 0.000412629 0.00073253 3.41006e-05 
742 -0.0602234 0.280875 -0.000343768 0.000428663 0.000744406 3.84222e-05 
743 -0.060292 0.280935 -0.000342086 0.000443183 0.000755406 4.26428e-05 
744 -0.0603601 0.280991 -0.000340595 0.000456383 0.000765593 4.67645e-05 
745 -0.0604281 0.281047 -0.000339197 0.000468336 0.00077501 5.07898e-05 
746 -0.0604956 0.281101 -0.000337967 0.000479208 0.000783718 5.47206e-05 
747 -0.060563 0.281154 -0.000336809 0.000489049 0.000791753 5.85593e-05 
748 -0.0606298 0.281206 -0.0003358 0.000498006 0.000799171 6.23078e-05 
749 -0.0606966 0.281257 -0.000334843 0.00050611 0.000806003 6.59684e-05 
750 -0.0607629 0.281307 -0.000334018 0.000513489 0.000812301 6.95428e-05 
751 -0.0608291 0.281356 -0.000333232 0.00052016 0.000818092 7.30334e-05 
752 -0.0608948 0.281404 -0.000332563 0.000526238 0.00082342 7.64416e-05 
753 -0.0609604 0.281452 -0.000331919 0.000531725 0.00082831 7.97698e-05 
754 -0.0610256 0.281499 -0.000331381 0.000536728 0.000832803 8.30194e-05 
755 -0.0610907 0.281546 -0.000330857 0.000541238 0.000836917 8.61926e-05 
756 -0.0611554 0.281592 -0.000330429 0.000545351 0.000840691 8.92908e-05 
757 -0.0612201 0.281638 -0.000330007 0.000549052 0.000844139 9.2316e-05 
758 -0.0612844 0.281683 -0.000329671 0.00055243 0.000847295 9.52696e-05 
759 -0.0613486 0.281728 -0.000329334 0.000555461 0.000850173 9.81536e-05 
760 -0.0614125 0.281772 -0.000329077 0.000558228 0.000852801 0.000100969 
761 -0.0614763 0.281817 -0.000328811 0.000560704 0.00085519 0.000103718 
762 -0.0615398 0.28186 -0.000328619 0.000562965 0.000857367 0.000106402 
763 -0.0616033 0.281904 -0.000328414 0.000564981 0.00085934 0.000109023 
764 -0.0616665 0.281947 -0.000328278 0.000566823 0.000861132 0.000111581 
765 -0.0617297 0.281991 -0.000328123 0.000568456 0.00086275 0.000114079 
766 -0.0617926 0.282034 -0.000328033 0.00056995 0.000864215 0.000116517 
767 -0.0618555 0.282077 -0.000327921 0.000571265 0.000865532 0.000118897 
768 -0.0619182 0.282119 -0.00032787 0.00057247 0.00086672 0.000121221 
769 -0.0619809 0.282162 -0.000327793 0.000573523 0.000867781 0.00012349 
770 -0.0620433 0.282204 -0.000327776 0.000574487 0.000868733 0.000125704 
771 -0.0621057 0.282247 -0.000327729 0.000575321 0.000869578 0.000127866 
772 -0.0621679 0.282288 -0.000327739 0.000576087 0.000870331 0.000129976 
773 -0.0622302 0.282331 -0.000327719 0.000576739 0.000870993 0.000132036 
774 -0.0622922 0.282372 -0.000327752 0.000577339 0.000871579 0.000134047 
775 -0.0623543 0.282415 -0.000327752 0.000577841 0.000872087 0.00013601 
776 -0.0624162 0.282456 -0.000327805 0.000578304 0.000872532 0.000137926 
777 -0.0624781 0.282498 -0.000327823 0.000578681 0.00087291 0.000139796 
778 -0.0625399 0.282539 -0.000327892 0.00057903 0.000873237 0.000141622 
779 -0.0626017 0.282581 -0.000327926 0.000579304 0.000873507 0.000143404 
780 -0.0626632 0.282622 -0.000328009 0.000579559 0.000873734 0.000145143 
781 -0.0627249 0.282664 -0.000328054 0.000579747 0.000873913 0.00014684 
782 -0.0627864 0.282705 -0.000328149 0.000579925 0.000874058 0.000148497 
783 -0.062848 0.282747 -0.000328205 0.000580043 0.000874161 0.000150114 
784 -0.0629093 0.282787 -0.00032831 0.000580157 0.000874237 0.000151692 
785 -0.0629708 0.282829 -0.000328375 0.000580217 0.000874278 0.000153232 
786 -0.063032 0.28287 -0.000328487 0.000580278 0.000874296 0.000154735 
787 -0.0630934 0.282911 -0.00032856 0.00058029 0.000874285 0.000156203 
788 -0.0631546 0.282952 -0.000328679 0.000580308 0.000874257 0.000157634 
789 -0.0632159 0.282993 -0.000328758 0.000580281 0.000874203 0.000159031 
790 -0.063277 0.283034 -0.000328883 0.000580265 0.000874136 0.000160395 
791 -0.0633382 0.283075 -0.000328967 0.000580206 0.000874048 0.000161726 
792 -0.0633992 0.283115 -0.000329096 0.000580161 0.000873949 0.000163024 
793 -0.0634604 0.283157 -0.000329185 0.000580076 0.000873833 0.000164291 
794 -0.0635214 0.283197 -0.000329318 0.000580008 0.000873709 0.000165528 
795 -0.0635824 0.283238 -0.00032941 0.000579903 0.000873569 0.000166734 
796 -0.0636433 0.283279 -0.000329546 0.000579817 0.000873425 0.000167912 
797 -0.0637044 0.28332 -0.000329641 0.000579696 0.000873268 0.00016906 
798 -0.0637652 0.28336 -0.000329781 0.000579594 0.000873108 0.000170181 
799 -0.0638262 0.283401 -0.000329878 0.00057946 0.000872936 0.000171275 
800 -0.063887 0.283442 -0.00033002 0.000579348 0.000872764 0.000172342 
801 -0.0639479 0.283483 -0.000330119 0.000579204 0.000872582 0.000173384 
802 -0.0640087 0.283523 -0.000330262 0.000579083 0.0008724 0.000174399 
803 -0.0640695 0.283564 -0.000330363 0.000578932 0.000872209 0.000175391 
804 -0.0641302 0.283604 -0.000330508 0.000578804 0.000872021 0.000176358 
805 -0.0641911 0.283645 -0.00033061 0.000578647 0.000871825 0.000177301 
806 -0.0642517 0.283685 -0.000330756 0.000578515 0.000871631 0.000178221 
807 -0.0643125 0.283726 -0.00033086 0.000578355 0.000871431 0.000179119 
808 -0.0643731 0.283766 -0.000331007 0.000578219 0.000871235 0.000179995 
809 -0.0644339 0.283807 -0.000331111 0.000578056 0.000871032 0.00018085 
810 -0.0644945 0.283847 -0.000331259 0.000577919 0.000870834 0.000181684 
811 -0.0645552 0.283888 -0.000331364 0.000577755 0.000870631 0.000182497 
812 -0.0646158 0.283928 -0.000331512 0.000577617 0.000870433 0.00018329 
813 -0.0646764 0.283969 -0.000331618 0.000577453 0.00087023 0.000184064 
814 -0.064737 0.284009 -0.000331767 0.000577315 0.000870032 0.000184819 
815 -0.0647976 0.28405 -0.000331873 0.000577151 0.00086983 0.000185555 
816 -0.0648581 0.28409 -0.000332022 0.000577014 0.000869634 0.000186273 
817 -0.0649187 0.284131 -0.000332128 0.000576851 0.000869434 0.000186973 
818 -0.0649792 0.28417 -0.000332278 0.000576715 0.00086924 0.000187656 
819 -0.0650398 0.284211 -0.000332384 0.000576554 0.000869042 0.000188323 
820 -0.0651002 0.284251 -0.000332534 0.00057642 0.00086885 0.000188973 
821 -0.0651608 0.284292 -0.00033264 0.00057626 0.000868655 0.000189606 
822 -0.0652211 0.284332 -0.00033279 0.000576128 0.000868466 0.000190224 
823 -0.0652817 0.284373 -0.000332897 0.000575971 0.000868275 0.000190827 
824 -0.0653421 0.284412 -0.000333047 0.000575842 0.000868089 0.000191415 
825 -0.0654026 0.284453 -0.000333154 0.000575687 0.000867901 0.000191988 
826 -0.0654629 0.284493 -0.000333304 0.000575561 0.000867719 0.000192547 
827 -0.0655234 0.284534 -0.00033341 0.000575408 0.000867535 0.000193092 
828 -0.0655837 0.284573 -0.00033356 0.000575285 0.000867357 0.000193623 
829 -0.0656442 0.284614 -0.000333667 0.000575135 0.000867176 0.000194142 
830 -0.0657045 0.284654 -0.000333817 0.000575015 0.000867002 0.000194647 
831 -0.0657649 0.284694 -0.000333924 0.000574868 0.000866826 0.00019514 
832 -0.0658252 0.284734 -0.000334074 0.000574751 0.000866656 0.00019562 
833 -0.0658856 0.284775 -0.00033418 0.000574607 0.000866483 0.000196088 
834 -0.0659459 0.284815 -0.00033433 0.000574493 0.000866317 0.000196545 
835 -0.0660063 0.284855 -0.000334436 0.000574353 0.000866148 0.00019699 
836 -0.0660665 0.284895 -0.000334586 0.000574241 0.000865986 0.000197424 
837 -0.0661269 0.284936 -0.000334693 0.000574104 0.000865822 0.000197847 
838 -0.0661871 0.284975 -0.000334842 0.000573995 0.000865664 0.000198259 
839 -0.0662474 0.285016 -0.000334949 0.000573861 0.000865504 0.000198661 
840 -0.0663076 0.285055 -0.000335098 0.000573756 0.00086535 0.000199053 
841 -0.066368 0.285096 -0.000335204 0.000573625 0.000865194 0.000199435 
842 -0.0664281 0.285136 -0.000335354 0.000573523 0.000865044 0.000199807 
843 -0.0664885 0.285176 -0.00033546 0.000573395 0.000864892 0.00020017 
844 -0.0665486 0.285216 -0.000335609 0.000573296 0.000864746 0.000200524 
845 -0.0666089 0.285256 -0.000335715 0.000573171 0.000864598 0.000200868 
846 -0.0666691 0.285296 -0.000335864 0.000573075 0.000864456 0.000201204 
847 -0.0667293 0.285336 -0.00033597 0.000572953 0.000864312 0.000201532 
848 -0.0667895 0.285376 -0.000336119 0.00057286 0.000864174 0.00020185 
849 -0.0668497 0.285417 -0.000336225 0.000572741 0.000864034 0.000202161 
850 -0.0669098 0.285456 -0.000336373 0.000572651 0.0008639 0.000202464 
851 -0.0669701 0.285497 -0.000336479 0.000572535 0.000863763 0.000202759 
852 -0.0670302 0.285536 -0.000336628 0.000572447 0.000863633 0.000203047 
853 -0.0670904 0.285577 -0.000336733 0.000572334 0.0008635 0.000203327 
854 -0.0671505 0.285616 -0.000336882 0.000572249 0.000863373 0.0002036 
855 -0.0672107 0.285657 -0.000336987 0.000572139 0.000863243 0.000203866 
856 -0.0672708 0.285696 -0.000337136 0.000572057 0.00086312 0.000204125 
857 -0.067331 0.285737 -0.000337241 0.00057195 0.000862994 0.000204378 
858 -0.067391 0.285776 -0.000337389 0.00057187 0.000862875 0.000204623 
859 -0.0674512 0.285817 -0.000337494 0.000571765 0.000862752 0.000204863 
860 -0.0675112 0.285856 -0.000337643 0.000571688 0.000862636 0.000205096 
861 -0.0675714 0.285897 -0.000337748 0.000571586 0.000862517 0.000205323 
862 -0.0676314 0.285936 -0.000337896 0.000571512 0.000862404 0.000205545 
863 -0.0676916 0.285976 -0.000338001 0.000571412 0.000862288 0.00020576 
864 -0.0677516 0.286016 -0.000338149 0.00057134 0.000862178 0.00020597 
865 -0.0678117 0.286056 -0.000338254 0.000571243 0.000862066 0.000206175 
866 -0.0678717 0.286096 -0.000338402 0.000571173 0.000861959 0.000206374 
867 -0.0679318 0.286136 -0.000338506 0.000571078 0.000861849 0.000206568 
868 -0.0679918 0.286176 -0.000338654 0.000571011 0.000861746 0.000206756 
869 -0.0680519 0.286216 -0.000338759 0.000570918 0.000861639 0.00020694 
870 -0.0681119 0.286255 -0.000338907 0.000570854 0.000861539 0.000207119 
871 -0.068172 0.286296 -0.000339011 0.000570763 0.000861435 0.000207293 
872 -0.068232 0.286335 -0.000339159 0.000570701 0.000861337 0.000207463 
873 -0.0682921 0.286376 -0.000339263 0.000570612 0.000861237 0.000207628 
874 -0.068352 0.286415 -0.000339411 0.000570552 0.000861142 0.000207789 
875 -0.0684121 0.286455 -0.000339515 0.000570466 0.000861044 0.000207945 
876 -0.068472 0.286495 -0.000339663 0.000570407 0.000860951 0.000208098 
877 -0.0685321 0.286535 -0.000339767 0.000570323 0.000860856 0.000208246 
878 -0.068592 0.286574 -0.000339915 0.000570267 0.000860766 0.00020839 
879 -0.0686521 0.286615 -0.000340019 0.000570185 0.000860674 0.000208531 
880 -0.068712 0.286654 -0.000340166 0.00057013 0.000860587 0.000208667 
881 -0.068772 0.286694 -0.00034027 0.00057005 0.000860496 0.0002088 
882 -0.0688319 0.286734 -0.000340418 0.000569998 0.000860412 0.000208929 
883 -0.068892 0.286774 -0.000340522 0.000569919 0.000860324 0.000209055 
884 -0.0689519 0.286813 -0.000340669 0.000569869 0.000860242 0.000209178 
885 -0.0690119 0.286854 -0.000340773 0.000569792 0.000860157 0.000209297 
886 -0.0690718 0.286893 -0.00034092 0.000569743 0.000860077 0.000209413 
887 -0.0691318 0.286933 -0.000341024 0.000569669 0.000859994 0.000209526 
888 -0.0691917 0.286973 -0.000341171 0.000569622 0.000859916 0.000209635 
889 -0.0692517 0.287013 -0.000341275 0.000569549 0.000859836 0.000209742 
890 -0.0693115 0.287052 -0.000341422 0.000569503 0.00085976 0.000209846 
891 -0.0693715 0.287093 -0.000341526 0.000569432 0.000859682 0.000209946 
892 -0.0694314 0.287132 -0.000341673 0.000569388 0.000859609 0.000210045 
893 -0.0694914 0.287172 -0.000341777 0.000569319 0.000859532 0.00021014 
