# record data: step_count | acceleration (x y z) | gyro (x y z)
0 0.0854122 -0.00056638 -2.84983e-05 -0 -0 0 
1 0.0846361 -0.00164629 -0.000357377 0.000106396 -0.000116505 -0.00312178 
2 1.68649 -0.00536428 2.30697 0.000346187 0.087422 -0.00160571 
3 -1.60467 0.0044618 -2.70773 9.59987e-05 -0.00449427 -0.00305303 
4 -0.0146252 -5.68672e-05 0.0306678 7.03876e-05 -0.00954473 -0.0030103 
5 0.0933245 -0.000460775 0.0711398 6.68015e-05 -0.00884218 -0.00296816 
6 0.0991939 -0.000492038 0.0582251 6.51334e-05 -0.00786098 -0.0029266 
7 0.0981984 -0.000493329 0.0468717 6.37697e-05 -0.00696492 -0.00288563 
8 0.0968646 -0.000490965 0.0377148 6.25126e-05 -0.00616811 -0.00284522 
9 0.0956313 -0.000488873 0.030347 6.13755e-05 -0.00546163 -0.00280538 
10 0.0945195 -0.00048564 0.0244191 6.02952e-05 -0.00483591 -0.0027661 
11 0.0935219 -0.000483006 0.0196494 5.93022e-05 -0.00428219 -0.00272736 
12 0.0926291 -0.000479367 0.0158116 5.83401e-05 -0.00379255 -0.00268917 
13 0.0918319 -0.000476428 0.0127234 5.74445e-05 -0.00335986 -0.00265151 
14 0.0911216 -0.000472564 0.0102382 5.65631e-05 -0.00297772 -0.00261438 
15 0.0904898 -0.000469465 0.00823817 5.57348e-05 -0.00264043 -0.00257777 
16 0.0899289 -0.000465495 0.00662852 5.49101e-05 -0.00234286 -0.00254167 
17 0.0894317 -0.000462331 0.00533293 5.41298e-05 -0.00208045 -0.00250607 
18 0.0889915 -0.00045833 0.00429006 5.33463e-05 -0.00184914 -0.00247098 
19 0.0886025 -0.000455164 0.00345053 5.26019e-05 -0.00164533 -0.00243637 
20 0.0882592 -0.000451182 0.00277464 5.185e-05 -0.00146581 -0.00240225 
21 0.0879565 -0.000448052 0.00223043 5.11339e-05 -0.00130772 -0.00236861 
22 0.0876901 -0.000444119 0.00179221 5.04075e-05 -0.00116855 -0.00233544 
23 0.087456 -0.000441049 0.00143928 4.97149e-05 -0.00104607 -0.00230273 
24 0.0872504 -0.000437184 0.00115502 4.90104e-05 -0.000938302 -0.00227048 
25 0.0870702 -0.000434188 0.000926028 4.83384e-05 -0.000843494 -0.00223868 
26 0.0869125 -0.000430402 0.000741531 4.76536e-05 -0.000760106 -0.00220733 
27 0.0867746 -0.000427488 0.00059286 4.70004e-05 -0.000686776 -0.00217642 
28 0.0866544 -0.000423787 0.000473036 4.63338e-05 -0.0006223 -0.00214594 
29 0.0865498 -0.000420959 0.000376443 4.56985e-05 -0.000565619 -0.00211589 
30 0.0864589 -0.000417345 0.000298561 4.50493e-05 -0.000515795 -0.00208625 
31 0.0863802 -0.000414605 0.00023575 4.4431e-05 -0.000472006 -0.00205704 
32 0.0863122 -0.000411078 0.000185081 4.37987e-05 -0.000433524 -0.00202823 
33 0.0862536 -0.000408425 0.000144195 4.31971e-05 -0.000399709 -0.00199983 
34 0.0862034 -0.000404984 0.000111195 4.25812e-05 -0.000369998 -0.00197182 
35 0.0861605 -0.000402417 8.45494e-05 4.19958e-05 -0.000343896 -0.00194421 
36 0.0861241 -0.000399061 6.30281e-05 4.1396e-05 -0.000320966 -0.00191698 
37 0.0860934 -0.000396578 4.56386e-05 4.08266e-05 -0.000300823 -0.00189013 
38 0.0860677 -0.000393305 3.15819e-05 4.02426e-05 -0.00028313 -0.00186366 
39 0.0860465 -0.000390904 2.02139e-05 3.96889e-05 -0.000267591 -0.00183756 
40 0.0860291 -0.000387712 1.1016e-05 3.91204e-05 -0.000253943 -0.00181183 
41 0.0860151 -0.00038539 3.56968e-06 3.8582e-05 -0.000241956 -0.00178646 
42 0.0860042 -0.000382276 -2.46198e-06 3.80287e-05 -0.00023143 -0.00176144 
43 0.0859959 -0.000380031 -7.35093e-06 3.75053e-05 -0.000222187 -0.00173677 
44 0.0859899 -0.000376994 -1.13164e-05 3.69669e-05 -0.00021407 -0.00171245 
45 0.0859859 -0.000374824 -1.45352e-05 3.64582e-05 -0.000206943 -0.00168847 
46 0.0859838 -0.00037186 -1.71501e-05 3.59344e-05 -0.000200684 -0.00166483 
47 0.0859833 -0.000369763 -1.92764e-05 3.54401e-05 -0.000195189 -0.00164151 
48 0.0859841 -0.000366871 -2.10069e-05 3.49304e-05 -0.000190364 -0.00161852 
49 0.0859862 -0.000364845 -2.24169e-05 3.44501e-05 -0.000186128 -0.00159586 
50 0.0859893 -0.000362022 -2.3567e-05 3.39543e-05 -0.000182409 -0.00157351 
51 0.0859934 -0.000360064 -2.45064e-05 3.34877e-05 -0.000179144 -0.00155148 
52 0.0859982 -0.000357309 -2.52747e-05 3.30054e-05 -0.000176277 -0.00152975 
53 0.0860039 -0.000355418 -2.59041e-05 3.25521e-05 -0.00017376 -0.00150833 
54 0.0860101 -0.000352728 -2.64204e-05 3.20829e-05 -0.00017155 -0.00148721 
55 0.086017 -0.000350901 -2.68449e-05 3.16425e-05 -0.00016961 -0.00146638 
56 0.0860243 -0.000348275 -2.71944e-05 3.11862e-05 -0.000167907 -0.00144585 
57 0.086032 -0.000346511 -2.7483e-05 3.07584e-05 -0.000166412 -0.0014256 
58 0.0860402 -0.000343947 -2.77217e-05 3.03145e-05 -0.000165099 -0.00140564 
59 0.0860486 -0.000342243 -2.79198e-05 2.9899e-05 -0.000163946 -0.00138595 
60 0.0860574 -0.000339739 -2.80845e-05 2.94671e-05 -0.000162935 -0.00136655 
61 0.0860664 -0.000338095 -2.8222e-05 2.90636e-05 -0.000162047 -0.00134741 
62 0.0860757 -0.000335649 -2.83372e-05 2.86435e-05 -0.000161267 -0.00132854 
63 0.0860851 -0.000334063 -2.8434e-05 2.82515e-05 -0.000160582 -0.00130994 
64 0.0860947 -0.000331674 -2.85157e-05 2.78429e-05 -0.000159981 -0.0012916 
65 0.0861045 -0.000330143 -2.85851e-05 2.74622e-05 -0.000159454 -0.00127351 
66 0.0861144 -0.000327809 -2.86441e-05 2.70646e-05 -0.00015899 -0.00125568 
67 0.0861244 -0.000326333 -2.86947e-05 2.66949e-05 -0.000158584 -0.0012381 
68 0.0861345 -0.000324052 -2.87383e-05 2.63081e-05 -0.000158227 -0.00122076 
69 0.0861447 -0.000322629 -2.87761e-05 2.5949e-05 -0.000157913 -0.00120367 
70 0.086155 -0.0003204 -2.88091e-05 2.55727e-05 -0.000157638 -0.00118681 
71 0.0861654 -0.000319028 -2.88381e-05 2.5224e-05 -0.000157396 -0.0011702 
72 0.0861758 -0.00031685 -2.88637e-05 2.48579e-05 -0.000157184 -0.00115381 
73 0.0861863 -0.000315528 -2.88866e-05 2.45191e-05 -0.000156998 -0.00113765 
74 0.0861968 -0.0003134 -2.89071e-05 2.41629e-05 -0.000156834 -0.00112172 
75 0.0862008 0.0017595 0.000333838 8.77936e-05 -0.000157004 -0.00110601 
76 0.0862216 0.00600485 -5.21392e-05 0.000257505 -0.000156455 -0.00109047 
77 0.0862339 0.0102955 -5.5268e-05 0.000501648 -0.000155451 -0.0010751 
78 0.086246 0.0144772 -5.08611e-05 0.000801941 -0.000153802 -0.0010599 
79 0.0862584 0.0185561 -4.5845e-05 0.0011445 -0.000151276 -0.00104487 
80 0.086271 0.0225554 -4.03016e-05 0.00151847 -0.000147606 -0.00103001 
81 0.0862841 0.0264975 -3.41604e-05 0.00191569 -0.000142489 -0.0010153 
82 0.0862976 0.0304097 -2.73292e-05 0.00233004 -0.000135581 -0.00100075 
83 0.0863116 0.0343181 -1.96935e-05 0.00275729 -0.000126479 -0.000986361 
84 0.086326 0.0382523 -1.11149e-05 0.00319461 -0.000114722 -0.00097212 
85 0.0863409 0.0422403 -1.42611e-06 0.0036405 -9.97695e-05 -0.000958028 
86 0.0863563 0.0463141 9.57169e-06 0.00409439 -8.09961e-05 -0.000944082 
87 0.0863721 0.0505026 2.21139e-05 0.00455667 -5.76706e-05 -0.000930279 
88 0.0863883 0.05484 3.64784e-05 0.00502835 -2.89398e-05 -0.000916616 
89 0.0864049 0.0593571 5.29906e-05 0.00551113 6.19255e-06 -0.000903091 
90 0.0864218 0.0640896 7.20327e-05 0.00600711 4.8891e-05 -0.000889699 
91 0.086439 0.0690702 9.40498e-05 0.00651893 0.000100516 -0.000876439 
92 0.0864562 0.0743373 0.000119563 0.00704951 0.000162658 -0.000863307 
93 0.0864735 0.0799259 0.000149179 0.00760217 0.000237174 -0.000850303 
94 0.0864907 0.0858773 0.000183604 0.00818047 0.000326237 -0.000837423 
95 0.0865075 0.0922298 0.000223662 0.0087883 0.000432383 -0.000824669 
96 0.0865239 0.0990288 0.000270312 0.00942977 0.000558573 -0.000812041 
97 0.0865394 0.106316 0.000324669 0.0101093 0.000708267 -0.000799541 
98 0.0865539 0.114142 0.000388034 0.0108315 0.000885504 -0.000787174 
99 -40.1805 0.109509 1.18899 0.0122235 1.34408 -0.000799303 
100 -13.4144 0.734396 -0.363701 -0.00251776 0.276985 -0.00076871 
101 -2.97931 0.364707 -0.392583 -0.0140631 -0.197633 -0.000780927 
102 2.1243 0.213387 -0.265997 -0.0168578 -0.367978 -0.000799104 
103 29.0965 0.164371 -0.145819 -0.0162721 -1.36296 -0.00080683 
104 15.1705 0.126853 -0.457144 -0.0129826 -0.55557 -0.00083913 
105 7.68016 0.152976 0.174264 -0.0103072 -0.150965 -0.000837398 
106 3.66644 0.176909 0.114128 -0.00803597 0.0383391 -0.000830884 
107 1.56363 0.201146 0.0593899 -0.00611803 0.115244 -0.000823069 
108 0.507577 0.226195 0.0292152 -0.00452407 0.136065 -0.000815491 
109 0.0144484 0.252104 0.0139066 -0.0032214 0.131041 -0.000808906 
110 -0.184427 0.278882 0.00673784 -0.00217174 0.115946 -0.000803796 
111 -0.236173 0.306598 0.0038733 -0.0013342 0.0986475 -0.000800597 
112 -0.219766 0.335408 0.00321959 -0.000669188 0.0827812 -0.0007998 
113 -0.176369 0.365521 0.00367012 -0.000140581 0.0697882 -0.000802012 
114 -0.126464 0.397184 0.00466328 0.000282597 0.060028 -0.000807995 
115 -0.0794536 0.430663 0.00593306 0.000626424 0.0533743 -0.000818715 
116 -0.038982 0.466228 0.00737088 0.000911654 0.0495244 -0.00083539 
117 -0.00584218 0.504158 0.00895091 0.00115522 0.0481527 -0.00085956 
118 0.0204701 0.544734 0.0106898 0.00137019 0.0489809 -0.000893165 
119 0.0409512 0.588241 0.0126265 0.00156696 0.0518058 -0.000938652 
120 0.0566929 0.634966 0.0148119 0.00175322 0.056506 -0.000999103 
121 0.0687042 0.685207 0.0173052 0.00193532 0.0630404 -0.0010784 
122 0.0778455 0.739291 0.0201723 0.00211837 0.0714429 -0.00118143 
123 0.084817 0.797529 0.0234861 0.00230586 0.0818184 -0.00131436 
124 -26.5737 0.853564 0.245031 0.00276733 0.847148 -0.000610273 
125 -8.97959 0.940599 -0.265787 0.00224163 0.140983 -0.000580117 
126 -2.02571 2.56059 -0.195508 0.0505517 -0.17127 -0.000592525 
127 1.37942 1.68592 -0.117099 0.0156725 -0.281334 -0.000601304 
128 20.6082 1.43103 0.149029 0.000291419 -0.663174 -0.00261111 
129 9.54516 1.34941 0.247552 -0.00495905 -0.131217 -0.0033281 
130 4.72581 1.38541 0.116843 -0.00591165 0.132866 -0.0038336 
131 2.11385 1.4724 0.0471958 -0.00485943 0.261581 -0.0044244 
132 0.733568 1.59032 0.0121936 -0.00303134 0.321798 -0.0051321 
133 0.0263093 1.72844 -0.00289065 -0.00103085 0.350359 -0.00599287 
134 -0.321818 1.88137 -0.00699698 0.000871606 0.367312 -0.00704976 
135 -0.485589 2.04679 -0.00521282 0.00257775 0.383442 -0.00835529 
136 -0.561201 2.22406 -0.000315435 0.00407444 0.404533 -0.00997434 
137 -0.600873 2.41347 0.00624491 0.00538678 0.433769 -0.0119876 
138 -0.632519 2.61586 0.0137617 0.00655365 0.47307 -0.0144961 
139 -0.670884 2.83228 0.0219337 0.00761399 0.523841 -0.0176259 
140 -0.723811 3.06407 0.0306855 0.00860735 0.587387 -0.0215353 
141 -0.795739 3.31263 0.0400502 0.00956659 0.665146 -0.0264228 
142 -0.88966 3.57945 0.0501148 0.0105195 0.75883 -0.0325377 
143 -1.00819 3.86613 0.0609863 0.0114908 0.870518 -0.0401928 
144 -1.75505 4.17676 -0.0211197 0.0121664 0.682165 -0.0384205 
145 -3.18115 11.5674 0.345218 0.230544 0.406471 -0.0347867 
146 -3.59627 7.61664 -0.129187 0.0720458 0.123771 -0.0285126 
147 -3.95019 6.43552 -0.115894 0.00194927 -0.172677 -0.0186283 
148 -4.32462 6.10315 -0.0935941 -0.0236279 -0.486655 -0.00447314 
149 -2.87417 6.2332 0.00595605 -0.0276753 -0.694978 0.00511035 
150 -0.241204 6.62224 0.151562 -0.0222162 -0.731455 0.00606094 
151 1.30295 7.11435 0.230073 -0.0113073 -0.708642 0.00344205 
152 1.62799 6.89825 0.213338 -0.0282172 -0.639703 0.00390968 
153 1.69077 5.57935 0.0860446 -0.0785296 -0.566674 0.00456546 
154 1.60931 3.96836 -0.0205006 -0.131422 -0.497367 0.00530568 
155 1.46943 2.37534 -0.102241 -0.174549 -0.434955 0.00606066 
156 1.31489 0.78763 -0.148252 -0.206503 -0.380272 0.00693766 
157 1.15216 -5.71515 0.359419 -0.385216 -0.333779 0.00825186 
158 1.02776 -8.04199 0.496515 -0.411011 -0.29346 0.00919684 
159 1.32459 -8.71934 0.559604 -0.369743 -0.230966 0.00523541 
160 2.29605 -8.60515 0.600982 -0.305942 -0.103597 -0.00892965 
161 2.61903 -8.10932 0.584196 -0.242529 0.0406737 -0.0238602 
162 2.33243 -7.56837 0.356597 -0.184841 0.141019 -0.0325345 
163 0.802569 -7.02002 -0.284389 -0.138029 0.0590646 -0.0158001 
164 0.166631 -6.45266 -0.287779 -0.100466 0.044633 -0.01098 
165 -0.0188727 -5.93294 -0.268586 -0.0711267 0.041503 -0.0103875 
166 -0.0753761 -5.46334 -0.254027 -0.0488212 0.0352195 -0.00983276 
167 -0.0831768 -5.04479 -0.240183 -0.0321409 0.0283284 -0.00930802 
168 -0.0120179 -7.22789 -0.464838 -0.0982542 0.0192699 -0.00849497 
169 -0.00547444 -5.23025 -0.124149 -0.0289237 0.0155885 -0.0079635 
170 0.0051264 -4.32633 -0.149194 0.00429381 0.0121022 -0.00750919 
171 0.0223647 -3.76594 -0.166267 0.0186764 0.00910245 -0.00709742 
172 0.0415884 -3.39714 -0.170815 0.0235456 0.00664647 -0.00671548 
173 0.0610965 -3.13766 -0.168561 0.023836 0.00469877 -0.0063555 
174 0.0802633 -2.94232 -0.163058 0.0221191 0.00318823 -0.00601177 
175 -5.29785 54.6546 0.0772411 2.27456 -0.0678595 -0.130609 
176 1.99379 12.0002 -8.67113 1.27834 0.0711364 -0.396978 
177 -4.77233 -10.7287 -4.46468 1.25022 -0.325136 0.0175973 
178 -2.32664 -9.74073 0.581895 1.3057 -0.470391 0.0219744 
179 -0.518457 -8.09642 1.04047 1.32254 -0.510922 0.0215671 
180 2.51691 -27.8664 8.16832 -1.2256 -0.536569 -0.00020925 
181 2.70485 -15.5556 0.461137 -0.495042 -0.405054 -0.000647547 
182 1.89658 -12.7995 -0.323157 0.0939936 -0.336594 0.0151875 
183 0.32696 -10.2405 -0.367299 0.548899 -0.373907 0.0524231 
184 -0.57675 -7.81962 -0.293208 0.878362 -0.465465 0.0905645 
185 -1.05972 -5.40564 -0.145466 1.08281 -0.588233 0.129318 
186 -1.39603 -2.33205 0.328663 1.24822 -0.575956 0.11519 
187 -0.907144 -0.0522369 -0.00548613 1.38843 -0.528616 0.0960947 
188 -0.706424 1.53421 0.0781492 1.45002 -0.474204 0.0785006 
189 -0.987636 2.4721 0.362785 1.46864 -0.438395 0.0618971 
190 -1.09096 3.69009 0.348544 1.54342 -0.304702 0.0312149 
191 -0.424738 1.40042 -0.0858969 1.64344 -0.188492 -0.0423921 
192 1.21729 1.72448 0.582287 1.73581 0.0144621 -0.117661 
193 2.48992 2.57377 0.682383 1.79341 0.240078 -0.182317 
194 2.59866 4.67608 1.09907 1.7493 0.463715 -0.243626 
195 4.33988 5.32351 0.179275 1.68044 0.722122 -0.288002 
196 6.21441 5.90237 -0.790094 1.5807 0.839663 -0.249692 
197 5.15121 6.0378 -1.08962 1.48739 0.923877 -0.218725 
198 4.10192 6.17869 -1.19883 1.40041 0.96451 -0.190626 
199 3.12425 6.32029 -1.27513 1.32031 0.964808 -0.164891 
200 3.36665 5.73867 -0.881284 0.642111 -0.329556 0.119817 
201 0.451644 5.36353 -0.342268 0.0924763 -0.272892 0.107795 
202 0.239146 5.38546 -0.224065 -0.442709 -0.240145 0.0974787 
203 0.307195 5.38467 -0.218633 -0.969048 -0.216414 0.0885077 
204 -1.35381 3.15314 -1.20793 -1.36781 0.292582 -0.0458723 
205 -0.341496 3.27713 -0.0410696 -1.77586 0.161964 -0.0324341 
206 6.38758 -2.86944 3.72485 -1.84804 0.396361 -0.012603 
207 5.06947 -3.34506 0.604678 -1.90526 0.583385 -0.00753625 
208 3.66257 -4.04506 0.241215 -1.93185 0.712376 -0.00641259 
209 2.20589 -4.24302 0.451198 -1.95723 0.785093 -0.0106187 
210 1.89594 -5.16277 0.238132 -1.94474 0.857653 -0.0183633 
211 -3.44143 -10.3469 2.10583 -1.66167 0.591397 -0.0173841 
212 -2.10211 -10.5242 -0.0454436 -1.38818 0.279239 0.00970393 
213 -1.10963 -10.7214 -0.22133 -1.1196 -0.00245726 0.0392863 
214 -0.279167 -10.7804 -0.196033 -0.86486 -0.266138 0.0708757 
215 0.445454 -10.7322 -0.142242 -0.631029 -0.487649 0.097706 
216 1.26068 -10.6324 -0.0355187 -0.422084 -0.504808 0.0885238 
217 2.09043 -10.4337 0.0551649 -0.24612 -0.493995 0.0798551 
218 2.70936 -10.3035 0.10437 -0.100838 -0.467506 0.0718629 
219 3.20116 -10.2369 0.160941 0.0144702 -0.43248 0.0645266 
220 3.61543 -10.2389 0.224475 0.101299 -0.393498 0.0578139 
221 3.98001 -10.3327 0.293247 0.161439 -0.353763 0.0516907 
222 4.61932 -10.5551 0.360729 0.199477 -0.301444 0.0467157 
223 6.94704 -10.9278 1.81126 0.230737 0.126606 -0.030462 
224 10.0121 -11.3176 2.91031 0.246593 0.871253 -0.138975 
225 13.0485 -11.7822 3.60752 0.24321 1.85721 -0.249543 
226 15.6606 -12.7767 4.51175 0.244479 3.08239 -0.356629 
227 14.3331 -12.7008 1.60278 0.164523 3.68845 -0.311375 
228 -0.777074 -12.7673 -6.92584 -0.0196815 1.76419 0.0770807 
229 -14.1858 -13.8162 -5.40588 -0.0317335 -0.391857 0.343413 
230 -19.0147 -14.5176 -0.29178 0.245765 -1.73831 0.402215 
231 -18.9035 -13.8754 -0.285082 0.6739 -2.95854 0.386107 
232 -8.567 24.6374 12.546 -0.820318 -3.61257 0.490958 
233 -17.0293 2.33726 -5.19507 -0.973834 -4.52922 0.22914 
234 -13.9442 7.1803 -1.97611 -0.587467 -5.26479 0.103199 
235 -8.39689 11.8362 0.711256 -0.285324 -5.64224 -0.0228428 
236 -5.68285 13.3696 -0.792908 -0.137527 -5.8738 -0.131916 
237 -3.58926 13.954 -0.493059 -0.0781403 -5.92504 -0.32249 
238 -0.668545 14.1716 -0.362148 -0.0870534 -5.83553 -0.485533 
239 4.46744 14.3377 -0.573753 -0.163659 -5.47056 -0.451014 
240 7.96471 13.3738 -0.404069 -0.234699 -4.90418 -0.413156 
241 10.4022 12.1821 -0.105373 -0.285127 -3.88617 -0.38405 
242 12.1412 10.6891 -0.0383499 -0.296062 -2.83325 -0.354271 
243 16.8102 4.64324 0.61752 -0.0152947 -1.64512 -0.293274 
244 15.4964 5.48218 -0.672165 0.184732 -0.558011 -0.227361 
245 13.6828 6.15318 -0.758187 0.313317 0.429664 -0.182688 
246 13.4642 9.96903 1.51222 0.605535 1.71761 0.0193103 
247 10.2945 9.45526 -1.28675 0.464607 2.52476 -0.0121817 
248 6.3111 8.0552 -1.30195 0.392098 2.8152 0.00608133 
249 3.47379 6.30063 -0.946485 0.397019 2.94857 0.0284244 
250 1.33579 5.39987 -0.833678 0.432248 2.96588 0.0451483 
251 -0.285292 5.01956 -0.727672 0.471555 2.89624 0.0572659 
252 25.4522 -34.1549 3.36364 -4.35568 -0.00480695 0.161713 
253 29.3297 -44.7444 -10.0592 -3.83135 3.24684 4.42351 
254 20.7616 -4.73844 -16.2771 -2.0237 4.0724 10.0506 
255 17.5698 1.09297 -6.45109 -1.06435 5.42268 10.4823 
256 16.4595 13.2689 -4.16145 -1.54946 3.99162 5.80542 
257 11.0088 34.8003 0.772904 2.56799 8.89402 0.0106741 
258 16.4111 29.68 0.976157 2.37373 9.8542 -0.012667 
259 -72.0018 35.4936 68.1454 0.641341 5.99623 -0.00117881 
260 -36.262 16.257 -29.1341 -0.0437082 4.14745 -0.000916408 
261 -39.958 16.725 -13.1804 -0.776626 2.06189 -0.0117108 
262 -40.2099 13.8869 -9.79594 -1.36568 -0.0196931 -0.011846 
263 -39.8192 11.6683 -9.69026 -1.84511 -2.09828 -0.0169363 
264 3.82782 7.36834 14.5003 -2.10927 -1.79932 -0.00608962 
265 -2.94285 3.17105 -3.65273 -2.15187 -1.92589 -0.00795211 
266 -0.84043 2.97189 0.469794 -2.19797 -1.94228 -0.00923132 
267 1.75177 2.68677 1.78161 -2.24542 -1.65035 0.034919 
268 3.56658 1.9082 0.745461 -2.55115 -1.23212 0.088352 
269 3.23244 1.73835 0.519426 -2.85944 -0.830431 0.137973 
270 4.59143 0.203098 0.851569 -3.09788 -0.364169 0.187745 
271 6.22137 -0.332786 1.33994 -3.32407 0.18914 0.24142 
272 7.14486 -2.62724 2.81184 -3.60873 1.01791 0.361101 
273 10.0523 -2.65124 1.69907 -3.75134 1.77989 0.420126 
274 10.6568 -2.68351 1.295 -3.9128 2.5881 0.484566 
275 11.8643 -2.66037 -0.12962 -4.08489 3.16106 0.476198 
276 9.90057 -2.82373 -0.512785 -4.27122 3.62415 0.468281 
277 14.3467 -13.6727 -9.19078 -8.93693 -2.57948 -0.34837 
278 3.2269 -1.39401 -1.45302 -8.22087 -1.89285 -0.332166 
279 0.977107 -1.92321 0.19574 -7.56621 -1.36042 -0.305068 
280 -0.690658 -2.3626 0.333278 -6.97251 -0.971952 -0.277775 
281 -1.90615 -2.72051 0.244776 -6.43467 -0.698419 -0.252011 
282 -4.24776 -1.00851 0.0409051 -5.91916 3.69131 0.493139 
283 1.38224 -2.1476 0.708268 -5.70312 3.68769 0.486196 
284 -73.774 -96.0559 70.863 -0.418442 2.20844 1.22001 
285 -13.3316 -25.6261 -56.0747 1.368 -1.19127 1.03545 
286 -1.11235 -20.1936 -19.1756 2.6574 -1.33089 0.65246 
287 1.61536 -19.5729 -4.49038 3.8905 -1.34878 0.495809 
288 6.68075 -15.5146 -2.80548 4.90888 -1.14028 0.324257 
289 10.3763 -12.5017 -2.08276 5.77415 -0.75108 0.146525 
290 12.8846 -10.3811 -1.67456 6.54728 -0.245495 0.00311788 
291 14.5095 -8.94942 -1.50429 7.27046 0.327992 -0.123275 
292 15.5134 -7.98601 -1.51347 7.97509 0.935167 -0.236879 
293 16.1135 -7.31529 -1.65699 8.68314 1.55287 -0.340294 
294 16.6913 -6.58501 -2.03057 9.39848 2.17751 -0.43227 
295 17.3177 -5.79462 -2.4537 10.1246 2.80844 -0.513498 
296 27.4592 42.7135 24.5751 8.41504 4.45306 2.06702 
297 23.0017 35.377 -7.58215 8.68932 5.06134 3.97691 
298 -8.9577 17.4144 14.2002 7.67883 3.17425 -0.285754 
299 -33.1979 43.7362 14.4391 5.88078 0.913892 -0.417303 
300 -14.4544 37.3243 -8.30306 4.49894 -0.126137 -0.433039 
301 -10.6429 39.4472 -2.89314 3.04879 -0.410703 -0.356929 
302 -5.47631 40.3701 -1.52876 1.60145 -0.0365624 -0.214189 
303 0.289111 41.0281 -0.884549 0.169963 0.713417 -0.0701775 
304 7.68323 34.2945 1.26821 -0.811577 1.24961 -0.0993962 
305 -0.132465 32.8834 -10.6508 -1.62099 -0.355106 -0.47214 
306 -29.625 18.041 -1.52591 -1.7552 -3.22985 -0.761412 
307 -22.1205 21.4547 -4.0258 -2.32694 -4.51814 -0.762968 
308 -19.626 18.6096 -2.43714 -2.93766 -5.56421 -0.68646 
309 -16.8479 14.2311 -1.87742 -3.48892 -6.38878 -0.557958 
310 -12.3463 10.473 -1.49589 -3.98263 -6.92152 -0.393656 
311 -7.64176 4.9251 -2.67185 -4.98003 -7.17168 -0.209486 
312 -19.3263 -15.3239 6.38977 -5.13301 -8.02375 -0.0300518 
313 5.607 -41.9958 9.45719 -3.75344 -7.38271 0.623248 
314 4.46421 -33.6579 -2.03434 -2.65849 -7.01051 1.96061 
315 6.54504 -30.8157 -1.61731 -1.75756 -6.44238 2.25084 
316 7.9642 -27.17 -0.770853 -0.991433 -5.52045 2.57551 
317 13.0068 -27.913 2.42102 -0.98535 -3.51277 0.6459 
318 12.8165 -22.0758 -0.044528 -0.478133 -2.51029 0.239321 
319 11.2397 -18.8012 -0.0878914 -0.0763975 -1.55306 0.0558007 
320 9.53938 -15.5653 0.0312158 0.255307 -0.711044 0.169444 
321 8.0595 -13.2657 0.156624 0.46224 -0.00698233 0.112311 
322 6.6899 -11.2061 0.206675 0.588636 0.581121 0.0556273 
323 5.74973 -9.46154 0.138299 0.647512 0.999473 0.00662928 
324 5.02263 -8.25274 -0.161834 0.663607 1.21393 -0.0254732 
325 3.84094 -7.8251 -0.571862 0.678332 1.30719 -0.0409898 
326 2.03653 -7.30079 -0.527969 0.692543 1.45806 -0.0602156 
327 0.638782 -6.42091 -0.673066 0.680434 1.45415 -0.0711626 
328 1.75156 -2.09463 0.649952 0.451365 1.50276 -0.0679741 
329 45.2397 52.537 10.8682 4.20068 -0.922437 -0.0442428 
330 27.5017 45.5525 -15.8485 4.87208 4.44576 -0.522747 
331 21.7261 27.358 -34.2127 2.57753 9.43998 -0.984346 
332 -34.8783 -26.8789 5.3529 3.55305 8.40566 -4.16462 
333 -34.6675 -5.47657 0.466291 2.61604 1.00968 -2.25785 
334 -52.8904 -40.2154 12.0829 -2.18071 -0.22961 -1.10931 
335 -10.6494 -40.9133 13.7532 -1.86638 -0.766655 0.0177775 
336 -7.88084 -26.6645 -2.79482 -0.635052 -1.19977 0.0082579 
337 -2.69754 -21.7735 -1.48503 0.348561 -1.3617 -0.00165821 
338 1.97327 -17.6334 -1.06046 1.12058 -1.29563 -0.0057464 
339 3.29474 -12.5887 -0.290597 1.63207 -1.15495 -0.0121437 
340 4.78819 -9.87907 -0.221144 1.85666 -0.938777 -0.0153939 
341 3.38962 -6.92154 0.0506458 2.0897 -0.815608 -0.0205988 
342 2.73822 -5.17614 0.285328 2.23988 -0.742104 -0.0234835 
343 3.27801 -4.04075 1.25388 2.34688 -0.465527 -0.0711471 
344 3.59576 -1.98212 0.572325 2.64405 -0.136695 -0.126427 
345 2.70719 -2.32466 -0.111427 2.97205 0.142725 -0.178954 
346 3.39844 -0.623356 0.904065 3.37803 0.674045 -0.283523 
347 6.41566 0.152031 1.06309 3.60695 1.148 -0.334022 
348 7.41015 2.14853 2.41224 3.74786 1.69621 -0.392369 
349 8.57136 2.47684 1.46 3.89065 2.30576 -0.450061 
350 9.04459 2.53151 0.757926 4.04907 2.88481 -0.494711 
351 10.351 2.55055 -0.545535 4.21858 3.2777 -0.476822 
352 8.99685 2.71509 -0.742673 4.40422 3.6251 -0.466967 
353 11.9592 14.1388 -9.93771 9.21729 -0.458091 0.0893211 
354 3.46989 1.29209 -1.24031 8.48604 -0.0299279 0.0798028 
355 1.40483 1.84173 0.288794 7.8166 0.272253 0.065254 
356 -0.129685 2.30134 0.414337 7.2094 0.462349 0.0520845 
357 -1.23852 2.6774 0.327342 6.65931 0.565656 0.041172 
358 -2.74332 0.68946 0.268226 6.04161 3.45306 -0.466898 
359 0.563591 2.28694 0.344568 5.91873 3.32766 -0.432442 
360 -68.541 91.3274 62.6143 0.769465 -0.0130987 -1.55609 
361 -10.467 23.2016 -50.7334 -0.829403 -1.23137 -1.10975 
362 0.589595 19.7259 -15.9407 -2.10199 -1.30963 -0.872718 
363 3.20073 19.018 -3.7549 -3.29766 -1.28565 -0.687095 
364 7.59966 15.5421 -2.35717 -4.31778 -1.07638 -0.542292 
365 10.8302 12.9149 -1.83235 -5.20716 -0.712673 -0.420047 
366 13.0652 11.0409 -1.57621 -6.0137 -0.247491 -0.319932 
367 14.567 9.71705 -1.50977 -6.77443 0.2782 -0.237582 
368 15.5556 8.76997 -1.58124 -7.51605 0.835913 -0.169807 
369 16.4403 7.81982 -1.89707 -8.24649 1.41839 -0.123961 
370 17.503 6.65902 -2.39367 -8.96252 2.03256 -0.106741 
371 18.0556 6.04676 -2.47794 -9.69573 2.64843 -0.0889845 
372 27.7363 -38.9844 23.6278 -7.99114 4.14586 -1.46211 
373 1.59403 -19.5374 -0.611505 -7.50342 3.42177 0.143041 
374 -2.8467 -20.3181 -0.85756 -6.92465 2.78906 0.229922 
375 -3.97989 -20.8441 1.02082 -6.37409 2.11012 0.29989 
376 -29.1099 -43.2885 13.7905 -4.64187 0.567359 0.291697 
377 -14.344 -36.1915 -5.24303 -3.35463 0.0341669 0.21512 
378 -8.53875 -37.4237 -1.68372 -2.03308 -0.0153822 0.0906149 
379 0.898057 -34.8133 1.49427 -0.90107 0.506129 -0.0378308 
380 8.73607 -31.8767 2.75959 0.0248749 1.52956 -0.162024 
381 9.85984 -28.6599 0.277077 0.704265 2.00451 -0.122976 
382 -2.77237 -25.1997 -8.08776 1.09688 0.105195 0.249691 
383 -23.7767 -32.7545 0.533906 0.27674 -3.44193 0.712594 
384 -24.8542 -24.207 -2.83839 1.29434 -4.81579 0.643126 
385 -20.9262 -19.2513 -3.06627 2.20036 -5.90374 0.514132 
386 -15.6637 -12.1335 -3.90892 3.29986 -6.65561 0.346313 
387 -8.81896 -1.92477 -3.65838 5.33198 -7.61369 0.198999 
388 -7.47883 -4.83812 -1.14018 6.48912 -7.77424 0.00363571 
389 -3.58833 56.0812 23.1515 4.21278 -7.64932 -1.31131 
390 4.11903 32.3065 -8.59809 3.09889 -6.76711 -2.92958 
391 7.53649 31.9936 -1.63426 2.09293 -5.71123 -3.07693 
392 10.0257 28.691 -1.36177 1.42811 -4.70384 -1.58041 
393 11.6798 24.1089 -0.982591 0.940943 -3.69375 -0.364364 
394 9.69262 21.6568 0.331037 0.447575 -2.82943 -0.0847687 
395 9.39018 18.1391 -0.0015847 0.06211 -1.95412 -0.0694861 
396 8.73146 15.0938 0.109061 -0.236098 -1.15982 -0.177248 
397 7.96981 12.9073 0.232926 -0.415277 -0.468562 -0.124068 
398 7.10421 10.9899 0.273107 -0.522178 0.130184 -0.0701151 
399 6.21318 9.4285 0.268446 -0.573733 0.640699 -0.019507 
400 5.34819 8.17752 0.235014 -0.584493 1.06915 0.0270815 
401 4.68001 7.55553 -0.3248 -0.584275 1.23946 0.0439523 
402 4.03546 7.26732 -0.64584 -0.589816 1.26389 0.0422725 
403 2.83678 6.86561 -0.664124 -0.594642 1.29918 0.038244 
404 1.36831 6.19364 -0.701259 -0.582611 1.29839 0.044842 
405 46.2668 -52.4257 15.402 -4.38745 -0.858286 -0.00889861 
406 28.4861 -50.6216 -12.7986 -5.8874 4.537 0.424253 
407 21.8218 -28.5131 -34.8905 -3.41709 9.49382 0.882759 
408 21.4197 -23.4403 -41.6947 -1.23931 12.5875 1.16984 
409 -76.8041 55.6046 96.2529 2.54065 3.44716 1.92575 
410 -39.7026 39.0662 -19.2804 4.38838 1.13691 0.00133136 
411 -40.2632 32.5475 -14.0474 2.87976 -1.04627 -0.0224263 
412 -39.7968 30.7207 -12.6914 1.46004 -3.21053 -0.0200273 
413 2.9971 43.1011 8.09669 -0.647594 -3.06552 0.0228582 
414 -3.85551 31.3011 -6.88421 -2.11747 -3.33515 0.040549 
415 -0.771622 28.6421 -4.20022 -3.31485 -3.44714 0.0551192 
416 19.0727 9.69693 11.0359 -3.65261 -2.51125 0.0605084 
417 11.1065 8.3152 -2.08527 -3.94827 -2.03435 0.0648749 
418 9.76926 6.02479 0.741106 -4.14268 -1.45617 0.110079 
419 8.78015 2.64172 0.573111 -4.46261 -0.897548 0.159227 
420 6.9025 1.74659 -0.00700326 -4.75313 -0.442328 0.199487 
421 7.81578 0.795242 1.39651 -5.01427 0.0585982 0.242587 
422 9.1807 0.751359 1.88675 -5.29645 0.633865 0.286707 
423 10.0483 0.239438 1.98015 -5.57521 1.2616 0.33286 
424 10.342 -1.47298 2.34803 -5.78768 1.91668 0.382119 
425 10.8361 -1.59347 1.25922 -6.02077 2.59907 0.430315 
426 10.9292 -1.66123 0.931842 -6.27949 3.29602 0.480555 
427 11.4998 -1.71453 -0.660954 -6.55468 3.70155 0.462721 
428 9.95152 -1.88547 -0.94361 -6.85478 4.05122 0.452199 
429 16.076 -15.3271 -11.5022 -12.9849 0.202074 0.0153017 
430 6.69089 -1.47871 -2.1107 -12.5275 0.757556 0.0340617 
431 3.60114 -1.0278 0.0993876 -11.8703 1.13564 0.0566237 
432 1.20249 -1.61455 0.24018 -11.2994 1.35958 0.0755338 
433 -0.632242 -2.10754 0.0996602 -10.8077 1.46203 0.0894609 
434 -123.321 -148.096 188.394 -4.42329 8.02885 9.41046 
435 -17.2464 -25.8766 -76.1859 -3.27057 6.18286 8.64878 
436 -21.1505 -31.7089 -61.4228 -0.714036 2.32836 6.70899 
437 -21.4562 -31.6818 -60.9564 1.83691 -1.52771 4.6971 
438 -24.5708 -36.0598 -52.1615 4.63698 -5.95126 2.29543 
439 -35.0088 -45.3742 -30.9802 7.27959 -7.799 2.12247 
440 -36.4427 -47.1234 -27.103 10.0034 -9.68677 1.99497 
441 48.3355 -5.3748 111.184 9.66619 -11.1192 2.99494 
442 23.537 1.02883 0.843022 12.0667 -8.78549 2.08617 
443 24.613 -1.80917 -0.867574 12.3983 -7.91827 2.07564 
444 24.5759 -1.56347 -1.44591 12.771 -7.11208 2.09833 
445 24.6711 -1.31528 -1.89667 13.1885 -6.35576 2.10327 
446 24.8369 -1.03277 -2.26953 13.6526 -5.6474 2.07988 
447 32.8601 49.1703 40.9526 11.1161 -4.41588 0.123843 
448 22.2919 31.7265 -16.8195 9.82581 -4.06226 -0.544859 
449 24.8909 35.4585 -6.76789 8.47401 -3.5193 -0.591099 
450 25.6006 36.4947 -5.44385 7.13082 -3.01663 -0.623963 
451 25.7278 37.1764 -4.13865 5.80019 -1.95897 -0.551264 
452 26.1543 37.5089 -2.16322 4.49484 -0.680869 -0.411755 
453 26.6665 37.3686 -0.126137 3.24121 0.806384 -0.227499 
454 27.0574 36.7134 0.909561 2.0709 2.37881 -0.0435058 
455 27.3917 35.759 1.9367 1.00089 4.05849 0.131307 
456 27.1936 33.8986 -2.60162 0.10642 5.13456 0.140779 
457 26.0455 30.7346 -16.8575 -0.51528 4.46969 -0.188334 
458 25.6688 29.0565 -17.5867 -1.17564 4.33783 -0.417948 
459 26.1905 27.5232 -12.1832 -2.01378 5.27704 -0.428252 
460 26.5048 24.7577 -11.6296 -2.9006 6.38129 -0.365851 
461 27.0861 21.69 -12.1465 -3.7982 7.64573 -0.262484 
462 27.098 18.0481 -12.5873 -4.65368 9.03324 -0.132459 
463 26.9629 12.004 -14.4987 -5.841 10.523 0.0083575 
464 -50.9405 69.8337 70.306 -10.6581 7.79506 0.0626606 
465 -11.8506 -29.6993 45.6904 -9.96924 7.42006 0.796996 
466 -65.0516 -64.7603 36.8648 -7.71012 5.74715 1.57748 
467 -37.1298 -38.6904 -29.5118 -6.33368 3.87796 1.21307 
468 -40.1826 -41.3665 -20.0469 -4.76875 1.85848 0.841066 
469 -40.8751 -41.6336 -17.3134 -3.14731 -0.135252 0.378884 
470 -40.7705 -41.2373 -16.4207 -1.52163 -2.1064 -0.0847025 
471 -40.4414 -40.6765 -16.1056 0.101639 -4.06173 -0.533162 
472 -40.1524 -40.0312 -16.1795 1.70609 -5.89967 -0.905607 
473 -39.815 -39.3667 -16.4464 3.29942 -7.63627 -1.21167 
474 -37.2874 -6.28196 13.9996 2.97632 -9.34251 -1.28988 
475 11.6297 -39.6997 16.6339 4.51302 -8.48092 -1.41809 
476 3.52963 -25.7837 -3.14046 5.46974 -8.09937 -1.61041 
477 48.98 19.0113 45.633 3.81357 -5.88134 -0.0729391 
478 30.8423 10.8484 -16.1264 2.5542 -3.65092 -1.50688 
479 33.5851 11.001 -5.13997 1.65829 -1.9019 -1.28195 
480 36.1778 30.8307 4.0996 -0.251643 -0.046783 -0.778615 
481 29.09 4.45363 -9.90114 -0.803134 1.42953 -0.77391 
482 44.3411 54.5356 10.118 3.44998 0.287429 2.53318 
483 29.3427 36.9413 -14.8158 3.09631 4.51044 -0.617573 
484 26.9533 29.5103 -16.2497 1.31964 10.3967 -1.69349 
485 21.275 19.7348 -35.6844 -0.56573 15.1589 -2.3213 
486 -74.2855 -60.182 97.0242 -4.99348 3.52013 0.0260752 
487 -33.1266 -33.7073 -35.3213 -4.9096 1.73994 0.131603 
488 -38.5096 -35.2605 -18.7637 -3.28651 -0.377271 0.300104 
489 -11.2503 -43.6551 6.25701 -1.2619 -0.863299 0.0268203 
490 -12.1523 -35.1533 -8.66485 0.404625 -1.53335 -0.00834499 
491 -6.81413 -35.6722 -5.91813 2.11762 -1.92536 -0.0409194 
492 -3.79254 -35.0781 -6.80398 3.81822 -2.16919 -0.0684457 
493 -0.514834 -34.8922 -6.47855 5.53564 -2.24938 -0.0921198 
494 7.42137 0.550827 23.3551 5.34605 -1.93918 -0.0748477 
495 5.8995 -1.57567 -4.64638 5.31915 -1.69636 -0.070011 
496 4.01491 -0.596997 -0.607997 5.25873 -1.56813 -0.069089 
497 1.99653 0.166237 -0.102812 5.17847 -1.55155 -0.0663391 
498 3.28917 0.241586 1.54679 5.11592 -1.47545 -0.0635293 
499 4.12722 0.107165 1.41788 5.08052 -1.36137 -0.0618731 
500 5.41364 0.203333 1.65319 5.15312 -1.045 -0.0953838 
501 6.34499 2.13969 2.24377 5.25968 -0.653893 -0.135653 
502 8.06655 2.50934 1.34455 5.36679 -0.182015 -0.172357 
503 10.1049 2.46741 0.901123 5.49786 0.384032 -0.207217 
504 9.69884 2.5812 0.783943 5.6454 0.776326 -0.222619 
505 9.01748 2.67313 0.632726 5.81229 1.13778 -0.239451 
506 23.9778 16.1805 -3.48158 11.9264 -0.518394 -0.192769 
507 18.5431 4.83709 -4.43105 12.5065 0.566645 -0.203026 
508 13.5702 2.07047 0.0347222 11.8589 1.37707 -0.228788 
509 9.33733 2.70982 0.433039 11.2937 1.94905 -0.252867 
510 -4.37604 -6.62215 6.1027 7.20543 3.56191 -0.404407 
511 -1.04866 3.31136 -0.260119 7.59081 3.15114 -0.345791 
512 -2.47993 3.51511 -1.47294 8.00972 2.68138 -0.287904 
513 23.7825 62.7826 14.7929 5.24904 3.6684 -0.125474 
514 -0.505757 29.0677 -13.1446 4.34088 3.35826 -0.279045 
515 -3.61466 29.9881 -5.48874 3.39861 2.86371 -0.212749 
516 -5.85632 29.7091 -4.29311 2.50236 2.26101 -0.138067 
517 -7.63271 28.5221 -4.14365 1.69385 1.73709 -0.0854318 
518 -8.40876 26.3246 -2.69125 0.472166 1.41787 -0.0729769 
519 -8.71672 24.4516 -2.29052 -1.14942 1.05454 -0.0504172 
520 -8.20144 23.5949 -1.89599 -2.38851 0.723836 -0.0339393 
521 -8.26552 19.7868 -2.27046 -3.41734 0.378308 -0.016931 
522 -7.86641 16.4322 -1.85319 -4.2672 0.0461183 -0.00292039 
523 -6.9828 13.3784 -1.40834 -4.95905 -0.248902 0.00651073 
524 -5.80656 10.5743 -1.02068 -5.51284 -0.491122 0.0104579 
525 -4.48365 8.00398 -0.685193 -5.94569 -0.673072 0.00898126 
526 -3.13895 5.64088 -0.396151 -6.27422 -0.793245 0.00284375 
527 -1.85626 3.47901 -0.141876 -6.51223 -0.855283 -0.00670707 
528 -0.113264 2.88837 0.466575 -6.74965 -0.835033 -0.0179357 
529 0.852421 2.67037 0.631228 -7.01113 -0.782113 -0.0207491 
530 1.68042 2.39698 0.604631 -7.29959 -0.691596 -0.0235419 
531 2.23772 2.08387 0.56508 -7.61452 -0.576581 -0.0267423 
532 2.53545 1.7321 0.542495 -7.95783 -0.449528 -0.0302076 
533 2.91577 1.26633 0.530283 -8.38096 -0.356417 -0.0317638 
534 1.07769 1.00292 0.393266 -8.71603 -0.37307 0.0205901 
535 -0.104537 0.820553 0.944414 -8.95506 -0.333499 0.0399041 
536 0.340369 0.567892 2.14842 -9.10644 -0.140558 0.00382334 
537 0.662179 -1.0963 4.25333 -9.79463 -0.145966 0.00168566 
538 23.5855 -38.1193 18.2422 -7.16327 1.10548 0.014369 
539 -10.5894 -35.4173 0.137291 -4.76334 0.468051 -0.00724514 
540 0.210567 -26.0972 -7.52973 -2.91912 0.455789 -0.011002 
541 -0.444447 -21.944 -4.04878 -1.33222 0.398441 -0.013886 
542 -0.637567 -17.2306 -3.26262 -0.0303794 0.33203 -0.0161051 
543 -0.670315 -12.5483 -2.7478 0.995108 0.26509 -0.01772 
544 -0.599659 -8.1143 -2.26585 1.76291 0.202846 -0.0191788 
545 -1.19296 -4.68134 -1.56196 2.33197 0.108262 -0.0203478 
546 -2.39806 -2.38244 -0.898896 2.76661 -0.0523051 -0.0198342 
547 -2.45842 -1.21598 -0.322974 3.13106 -0.215823 -0.0164989 
548 -1.50504 -1.43053 0.283244 3.50358 -0.328701 -0.0154714 
549 14.7183 34.135 11.9415 1.95518 0.480348 -0.0517028 
550 3.80226 17.2108 -5.13131 1.29833 0.636805 -0.0448815 
551 1.48339 15.0469 -1.93062 0.745547 0.68356 -0.0422066 
552 -0.318 12.8593 -1.22348 0.299423 0.637208 -0.03861 
553 -1.5161 10.911 -0.885255 -0.0537917 0.529736 -0.0345529 
554 -2.20919 9.2148 -0.647435 -0.327989 0.387607 -0.0303833 
555 -2.50169 7.74673 -0.467394 -0.535493 0.231565 -0.0263752 
556 -2.49197 6.47825 -0.330524 -0.686926 0.0770911 -0.0227286 
557 3.39301 4.71471 -3.07611 -5.82332 0.0801822 -0.0597595 
558 -1.73785 -38.6708 7.54869 -3.17374 -0.0427656 -0.0397397 
559 1.97778 -14.7259 -6.83008 -1.89201 0.0679011 -0.0335924 
560 2.95532 -6.60004 -0.903552 -1.08162 0.233728 -0.0316377 
561 2.70828 -1.32231 -0.263087 -0.587 0.380489 -0.0289547 
562 2.82357 22.0898 1.74105 1.96055 0.570647 0.0123865 
563 0.736167 16.2384 1.22982 1.2007 0.684074 -0.0201079 
564 -2.00209 12.0001 0.126521 0.662523 0.561443 -0.0182437 
565 -3.15328 9.54395 0.00285315 0.311456 0.377193 -0.0152564 
566 -3.20064 6.75586 0.158183 0.0432214 0.194432 -0.0133907 
567 -2.40211 5.0217 0.166266 -0.0889418 0.0549374 -0.011344 
568 -1.69991 3.30465 0.151621 -0.183315 -0.045069 -0.0102481 
569 -1.03456 2.2442 0.0890249 -0.224686 -0.109322 -0.0094799 
570 -0.479708 1.55663 0.0416645 -0.232867 -0.14398 -0.00895882 
571 -0.0556404 1.12197 0.00956556 -0.221176 -0.156184 -0.00857344 
572 0.243305 0.859102 -0.0109982 -0.198586 -0.152699 -0.00827371 
573 0.435072 0.712054 -0.0232261 -0.171058 -0.139281 -0.00802338 
574 0.541873 0.64203 -0.0296374 -0.142436 -0.120458 -0.00779719 
575 0.585509 0.621142 -0.0320507 -0.115124 -0.0995732 -0.00757895 
576 0.622522 0.648519 -0.0071598 -0.0914953 -0.0768649 -0.00730251 
577 0.570945 0.658478 -0.0341074 -0.0704038 -0.0571477 -0.0070811 
578 0.514305 0.683905 -0.0325761 -0.0524198 -0.040583 -0.00684792 
579 0.45692 0.714287 -0.0287573 -0.0377348 -0.0271691 -0.00660552 
580 0.402821 0.744613 -0.0249436 -0.0261156 -0.0166978 -0.00635858 
581 -0.76233 -33.7329 -0.829447 -2.40012 -0.164945 -0.0196906 
582 3.2118 -13.0508 -1.06924 -1.26391 0.00635419 -0.0177473 
583 3.7439 -5.16119 -0.545587 -0.588804 0.211993 -0.0172369 
584 2.42038 -1.86481 -1.00634 -0.116094 0.341473 -0.0176902 
585 0.485688 -1.10804 -1.47497 0.291188 0.364867 -0.0182503 
586 4.69505 24.3031 3.80827 1.83017 0.67369 -0.0120308 
587 0.235814 14.1072 0.0463689 1.11208 0.681391 -0.0104423 
588 -2.51329 10.0662 0.112957 0.611686 0.543175 -0.0092163 
589 -3.60806 7.459 0.125659 0.251668 0.347847 -0.00775092 
590 -3.50273 5.31797 0.193393 0.00653453 0.159317 -0.00649729 
591 -2.63012 3.34143 0.255109 -0.132846 0.0183254 -0.00567997 
592 -1.77741 2.04633 0.170681 -0.203942 -0.0768895 -0.00507241 
593 -1.04959 1.2035 0.0995262 -0.230988 -0.133322 -0.00463969 
594 -0.481988 0.667845 0.0483591 -0.230468 -0.159737 -0.00434128 
595 -0.072028 0.342217 0.0137241 -0.213697 -0.164665 -0.00413833 
596 0.210037 0.217435 -0.0125608 -0.18582 -0.154976 -0.00399113 
597 0.364906 0.104102 -0.0202717 -0.158429 -0.137457 -0.00388784 
598 0.442158 0.0732728 -0.0262808 -0.130349 -0.116214 -0.00380509 
599 0.464222 0.0913215 -0.028411 -0.103658 -0.0941414 -0.00373011 
600 0.44855 0.133776 -0.0273787 -0.0798764 -0.0731941 -0.00365582 
601 0.410538 0.190481 -0.0248192 -0.0594695 -0.0545061 -0.00357779 
602 0.36065 0.248437 -0.0211896 -0.0427358 -0.0386578 -0.00349425 
603 0.307913 0.307746 -0.0176887 -0.0292469 -0.0257532 -0.00340435 
604 0.256597 0.35999 -0.0140765 -0.0188757 -0.0156776 -0.00330872 
605 0.210111 0.404403 -0.0108305 -0.0111667 -0.00814189 -0.00320835 
606 0.170672 0.443681 -0.00829876 -0.00551838 -0.00274346 -0.00310435 
607 0.137925 0.473515 -0.00601256 -0.00169885 0.000897978 -0.00299834 
608 0.111941 0.495637 -0.00422104 0.000722791 0.00314759 -0.00289135 
609 0.0876311 0.48238 -0.000720047 0.000834679 0.0040888 -0.00278569 
610 0.0733787 0.480984 -0.000264934 0.00102091 0.00427829 -0.00268162 
611 0.0653643 0.481962 -0.000104157 0.00115753 0.00405071 -0.00257969 
612 0.0612231 0.48359 -4.19085e-05 0.00121038 0.00361278 -0.00248048 
613 0.0594716 0.485094 -4.67765e-05 0.00118634 0.00309118 -0.00238432 
614 0.0591647 0.486197 -9.82477e-05 0.00110695 0.00256173 -0.00229137 
615 0.059695 0.486887 -0.000179201 0.000995925 0.00206762 -0.00220211 
616 0.0606665 0.487265 -0.000274893 0.0008724 0.00163085 -0.00211719 
617 0.0618159 0.487311 -0.000373551 0.000749102 0.00125993 -0.00203556 
618 0.0629924 0.487151 -0.000470158 0.000636718 0.000955202 -0.00195715 
619 0.0641041 0.486876 -0.000559851 0.000541067 0.000712318 -0.00188183 
620 0.065099 0.486558 -0.000639538 0.000464166 0.000524302 -0.00180951 
621 0.0659533 0.486241 -0.000707977 0.000405746 0.000383084 -0.00174005 
622 0.0666615 0.485956 -0.000764891 0.000363913 0.000280432 -0.00167333 
623 0.0672306 0.485715 -0.000810999 0.000336183 0.000208599 -0.00160924 
624 0.0676736 0.485527 -0.000847275 0.000319679 0.00016064 -0.00154767 
625 0.0680081 0.485386 -0.000875143 0.000311771 0.000130609 -0.0014885 
626 0.0682528 0.485292 -0.000895857 0.000309958 0.000113544 -0.00143178 
627 0.0685941 0.485212 -0.00090782 0.000311448 0.000102727 -0.00139815 
628 0.0687953 0.485169 -0.000922616 0.000316503 0.000103066 -0.00136508 
629 0.0689061 0.485149 -0.000932423 0.000323869 0.000109721 -0.00133256 
630 0.0689548 0.485154 -0.000938178 0.00033223 0.000119382 -0.00130062 
631 0.0689627 0.485176 -0.000941122 0.000340675 0.000129888 -0.00126928 
632 0.0689445 0.485213 -0.000942069 0.000348434 0.000139875 -0.00123855 
633 0.0689116 0.485257 -0.00094184 0.000355155 0.000148579 -0.00120842 
634 0.0688711 0.485307 -0.000940856 0.00036055 0.000155621 -0.00117891 
635 0.0688286 0.485356 -0.0009396 0.000364649 0.00016091 -0.00115002 
636 0.0687871 0.485406 -0.000938219 0.000367439 0.000164513 -0.00112174 
637 0.0687487 0.485452 -0.000936979 0.000369127 0.000166611 -0.00109407 
638 0.0687143 0.485497 -0.000935863 0.000369804 0.000167417 -0.001067 
639 0.0686843 0.485536 -0.000935017 0.000369724 0.000167177 -0.00104052 
640 0.0686585 0.485574 -0.000934343 0.000368983 0.000166108 -0.00101463 
641 0.0686367 0.485607 -0.000933932 0.00036781 0.000164425 -0.000989325 
642 0.0686182 0.48564 -0.000933652 0.000366265 0.000162295 -0.000964583 
643 0.0686027 0.485668 -0.000933578 0.000364535 0.000159872 -0.0009404 
644 0.0685893 0.485697 -0.000933573 0.000362631 0.000157264 -0.000916764 
645 0.068578 0.485722 -0.000933714 0.000360698 0.000154567 -0.000893666 
646 0.0685678 0.485748 -0.000933867 0.00035871 0.000151839 -0.000871094 
647 0.0685588 0.485772 -0.000934117 0.000356777 0.000149133 -0.000849039 
648 0.0685504 0.485796 -0.000934341 0.000354846 0.000146472 -0.000827487 
649 0.0685426 0.485819 -0.000934632 0.000353007 0.000143882 -0.00080643 
650 0.0685351 0.485843 -0.000934873 0.00035119 0.000141365 -0.000785856 
651 0.0685279 0.485866 -0.000935164 0.000349474 0.000138932 -0.000765755 
652 0.0685206 0.485889 -0.000935395 0.000347782 0.000136574 -0.000746116 
653 0.0685137 0.485912 -0.000935669 0.000346186 0.000134296 -0.000726928 
654 0.0685066 0.485935 -0.000935879 0.000344606 0.000132084 -0.000708183 
655 0.0684996 0.485957 -0.000936131 0.000343113 0.000129941 -0.000689869 
656 0.0684926 0.485981 -0.00093632 0.000341628 0.000127854 -0.000671978 
657 0.0684857 0.486003 -0.000936552 0.00034022 0.000125825 -0.000654499 
658 0.0684788 0.486027 -0.000936722 0.000338812 0.000123842 -0.000637422 
659 0.068472 0.486049 -0.000936938 0.000337474 0.000121908 -0.000620741 
660 0.0684651 0.486073 -0.000937095 0.00033613 0.000120012 -0.000604443 
661 0.0684584 0.486095 -0.0009373 0.000334851 0.000118159 -0.000588523 
662 0.0684517 0.486118 -0.000937447 0.000333562 0.00011634 -0.00057297 
663 0.0684452 0.48614 -0.000937644 0.000332335 0.000114559 -0.000557776 
664 0.0684386 0.486163 -0.000937784 0.000331095 0.000112808 -0.000542933 
665 0.0684323 0.486185 -0.000937975 0.000329915 0.000111094 -0.000528433 
666 0.0684258 0.486209 -0.00093811 0.00032872 0.000109407 -0.000514268 
667 0.0684197 0.48623 -0.000938297 0.000327585 0.000107756 -0.000500431 
668 0.0684134 0.486253 -0.000938428 0.000326433 0.00010613 -0.000486914 
669 0.0684075 0.486275 -0.000938611 0.000325341 0.000104538 -0.00047371 
670 0.0684014 0.486298 -0.00093874 0.00032423 0.000102971 -0.00046081 
671 0.0683956 0.486319 -0.00093892 0.000323178 0.000101437 -0.00044821 
672 0.0683897 0.486342 -0.000939046 0.000322108 9.99263e-05 -0.000435901 
673 0.068384 0.486364 -0.000939223 0.000321096 9.8448e-05 -0.000423877 
674 0.0683783 0.486386 -0.000939346 0.000320065 9.69925e-05 -0.000412132 
675 0.0683728 0.486408 -0.000939521 0.00031909 9.55682e-05 -0.000400658 
676 0.0683673 0.48643 -0.000939641 0.000318097 9.41658e-05 -0.000389451 
677 0.068362 0.486451 -0.000939813 0.000317159 9.27936e-05 -0.000378503 
678 0.0683565 0.486474 -0.00093993 0.000316202 9.14424e-05 -0.000367808 
679 0.0683514 0.486495 -0.0009401 0.0003153 9.01204e-05 -0.000357362 
680 0.0683461 0.486517 -0.000940215 0.000314378 8.88184e-05 -0.000347158 
681 0.0683411 0.486538 -0.000940382 0.00031351 8.75448e-05 -0.000337191 
682 0.0683359 0.48656 -0.000940494 0.000312621 8.62903e-05 -0.000327455 
683 0.068331 0.486581 -0.000940659 0.000311786 8.50632e-05 -0.000317945 
684 0.0683261 0.486603 -0.000940769 0.00031093 8.38542e-05 -0.000308655 
685 0.0683213 0.486624 -0.000940931 0.000310126 8.26718e-05 -0.000299582 
686 0.0683164 0.486646 -0.000941038 0.000309301 8.15067e-05 -0.000290718 
687 0.0683118 0.486667 -0.000941198 0.000308528 8.03673e-05 -0.000282061 
688 0.0683071 0.486689 -0.000941304 0.000307732 7.92443e-05 -0.000273605 
689 0.0683026 0.486709 -0.000941461 0.000306988 7.81462e-05 -0.000265346 
690 0.0682979 0.486731 -0.000941565 0.000306221 7.70637e-05 -0.000257278 
691 0.0682935 0.486752 -0.00094172 0.000305505 7.60053e-05 -0.000249398 
692 0.068289 0.486774 -0.000941821 0.000304765 7.49618e-05 -0.000241701 
693 0.0682848 0.486794 -0.000941975 0.000304076 7.39416e-05 -0.000234184 
694 0.0682804 0.486816 -0.000942074 0.000303363 7.29354e-05 -0.000226841 
695 0.0682762 0.486836 -0.000942225 0.0003027 7.19519e-05 -0.000219669 
696 0.0682719 0.486858 -0.000942323 0.000302012 7.09818e-05 -0.000212664 
697 0.0682679 0.486878 -0.000942472 0.000301374 7.00336e-05 -0.000205822 
698 0.0555566 0.543373 0.00153736 -0.00274452 -0.000624926 -0.000195206 
699 0.0665031 0.485601 -0.0007867 -0.00269765 -0.000725962 -0.000187928 
700 0.0684699 0.481174 -0.00110683 -0.00242156 -0.000723272 -0.000181708 
701 0.0688367 0.481178 -0.00112845 -0.0021536 -0.000703509 -0.000175718 
702 0.068975 0.48153 -0.00111813 -0.00191162 -0.000678931 -0.000169874 
703 0.0690706 0.481874 -0.00110522 -0.00169446 -0.00065173 -0.000164165 
704 0.0691473 0.482187 -0.00109266 -0.00149967 -0.000622806 -0.000158585 
705 0.0692102 0.482466 -0.00108086 -0.00132482 -0.000592786 -0.000153132 
706 0.0692613 0.482718 -0.00106977 -0.00116786 -0.000562191 -0.000147803 
707 0.0693025 0.482943 -0.00105946 -0.00102682 -0.00053143 -0.000142594 
708 0.069335 0.483147 -0.00104982 -0.000900078 -0.000500851 -0.000137502 
709 0.0693605 0.483329 -0.00104091 -0.000786087 -0.000470718 -0.000132526 
710 0.0693797 0.483495 -0.00103262 -0.00068356 -0.000441255 -0.000127661 
711 0.0693939 0.483644 -0.00102498 -0.000591251 -0.000412619 -0.000122907 
712 0.0694036 0.48378 -0.00101789 -0.000508151 -0.000384947 -0.00011826 
713 0.0694098 0.483903 -0.00101139 -0.000433258 -0.000358321 -0.000113718 
714 0.0694129 0.484015 -0.00100537 -0.000365779 -0.000332817 -0.000109278 
715 0.0694136 0.484117 -0.000999856 -0.000304903 -0.000308465 -0.000104939 
716 0.0694121 0.48421 -0.00099475 -0.000250008 -0.000285296 -0.000100698 
717 0.0694091 0.484296 -0.000990096 -0.000200436 -0.000263308 -9.65528e-05 
718 0.0694046 0.484375 -0.000985783 -0.000155701 -0.000242502 -9.25019e-05 
719 0.0693992 0.484447 -0.000981864 -0.000115264 -0.000222853 -8.85431e-05 
720 0.0693928 0.484514 -0.000978229 -7.87472e-05 -0.000204343 -8.46743e-05 
721 0.0693859 0.484576 -0.000974936 -4.57082e-05 -0.000186932 -8.08937e-05 
722 0.0693783 0.484634 -0.000971879 -1.58531e-05 -0.000170592 -7.71991e-05 
723 0.0693706 0.484687 -0.000969117 1.11836e-05 -0.000155275 -7.35892e-05 
724 0.0693624 0.484738 -0.00096655 3.56279e-05 -0.000140947 -7.00616e-05 
725 0.0693543 0.484784 -0.000964239 5.77847e-05 -0.000127554 -6.6615e-05 
726 0.069346 0.484829 -0.000962085 7.78257e-05 -0.000115062 -6.32473e-05 
727 0.0693379 0.484871 -0.000960155 9.60074e-05 -0.000103415 -5.99571e-05 
728 0.0693296 0.484911 -0.000958352 0.000112458 -9.25787e-05 -5.67424e-05 
729 0.0693217 0.484948 -0.000956743 0.000127396 -8.24991e-05 -5.36019e-05 
730 0.0693137 0.484984 -0.000955234 0.000140913 -7.31423e-05 -5.05337e-05 
731 0.069306 0.485018 -0.000953897 0.000153198 -6.44571e-05 -4.75365e-05 
732 0.0692983 0.485051 -0.000952637 0.000164316 -5.6412e-05 -4.46085e-05 
733 0.0692911 0.485082 -0.000951527 0.000174428 -4.89587e-05 -4.17484e-05 
734 0.0692838 0.485113 -0.000950477 0.000183578 -4.2069e-05 -3.89545e-05 
735 0.069277 0.485142 -0.00094956 0.000191907 -3.56978e-05 -3.62256e-05 
736 0.0692701 0.485171 -0.000948686 0.000199441 -2.98202e-05 -3.35599e-05 
737 0.0692637 0.485197 -0.00094793 0.000206305 -2.43945e-05 -3.09564e-05 
738 0.0692573 0.485225 -0.000947204 0.000212511 -1.93992e-05 -2.84135e-05 
739 0.0692513 0.48525 -0.000946585 0.000218169 -1.47961e-05 -2.59299e-05 
740 0.0692453 0.485276 -0.000945985 0.00022328 -1.05669e-05 -2.35042e-05 
741 0.0692398 0.4853 -0.00094548 0.000227945 -6.67661e-06 -2.11354e-05 
742 0.0692342 0.485325 -0.000944984 0.000232153 -3.11013e-06 -1.88218e-05 
743 0.069229 0.485348 -0.000944576 0.000235997 1.6449e-07 -1.65626e-05 
744 0.0692238 0.485372 -0.000944169 0.00023946 3.1595e-06 -1.43562e-05 
745 0.0692189 0.485395 -0.000943842 0.000242627 5.90406e-06 -1.22017e-05 
746 0.0692141 0.485418 -0.00094351 0.000245473 8.40777e-06 -1.00977e-05 
747 0.0692096 0.48544 -0.000943251 0.000248079 1.06972e-05 -8.04325e-06 
748 0.069205 0.485463 -0.000942981 0.000250416 1.27797e-05 -6.03706e-06 
749 0.0692008 0.485484 -0.00094278 0.000252558 1.46795e-05 -4.07826e-06 
750 0.0691966 0.485506 -0.000942563 0.000254472 1.64016e-05 -2.16551e-06 
751 0.0691926 0.485527 -0.00094241 0.000256229 1.79685e-05 -2.98046e-07 
752 0.0691886 0.485549 -0.000942237 0.000257793 1.93833e-05 1.52546e-06 
753 0.0691849 0.485569 -0.000942125 0.000259231 2.06665e-05 3.3057e-06 
754 0.0691812 0.485591 -0.00094199 0.000260505 2.18196e-05 5.04398e-06 
755 0.0691777 0.485611 -0.000941912 0.000261679 2.28616e-05 6.74094e-06 
756 0.0691742 0.485632 -0.000941808 0.000262711 2.37925e-05 8.39783e-06 
757 0.0691709 0.485652 -0.000941759 0.000263665 2.46299e-05 1.00153e-05 
758 0.0691675 0.485673 -0.000941681 0.000264498 2.53726e-05 1.15945e-05 
759 0.0691644 0.485692 -0.000941656 0.00026527 2.60368e-05 1.3136e-05 
760 0.0691612 0.485713 -0.000941601 0.000265936 2.66202e-05 1.4641e-05 
761 0.0691583 0.485733 -0.000941596 0.000266557 2.71383e-05 1.61101e-05 
762 0.0691552 0.485753 -0.000941559 0.000267086 2.75875e-05 1.75443e-05 
763 0.0691524 0.485773 -0.000941572 0.000267581 2.79824e-05 1.89443e-05 
764 0.0691495 0.485793 -0.00094155 0.000267996 2.83187e-05 2.03109e-05 
765 0.0691468 0.485812 -0.000941577 0.000268387 2.86102e-05 2.16448e-05 
766 0.0691441 0.485832 -0.000941569 0.000268706 2.88518e-05 2.2947e-05 
767 0.0691415 0.485851 -0.000941608 0.000269012 2.90567e-05 2.42179e-05 
768 0.0691388 0.485872 -0.000941611 0.000269253 2.92192e-05 2.54586e-05 
769 0.0691364 0.485891 -0.00094166 0.000269486 2.93517e-05 2.66694e-05 
770 0.0691338 0.485911 -0.000941672 0.000269662 2.94483e-05 2.78513e-05 
771 0.0691314 0.48593 -0.00094173 0.000269837 2.95207e-05 2.90048e-05 
772 0.0691289 0.485949 -0.00094175 0.000269959 2.95625e-05 3.01308e-05 
773 0.0691266 0.485968 -0.000941814 0.000270086 2.95852e-05 3.12295e-05 
774 0.0691242 0.485988 -0.000941841 0.000270164 2.95817e-05 3.2302e-05 
775 0.069122 0.486007 -0.000941911 0.00027025 2.95634e-05 3.33486e-05 
776 0.0691197 0.486027 -0.000941943 0.000270291 2.95228e-05 3.43701e-05 
777 0.0691175 0.486046 -0.000942018 0.000270345 2.94709e-05 3.53669e-05 
778 0.0691152 0.486065 -0.000942055 0.000270357 2.93999e-05 3.63398e-05 
779 0.0691132 0.486084 -0.000942134 0.000270383 2.93207e-05 3.7289e-05 
780 0.0691109 0.486104 -0.000942174 0.00027037 2.92252e-05 3.82156e-05 
781 0.0691089 0.486122 -0.000942257 0.000270375 2.91239e-05 3.91195e-05 
782 0.0691068 0.486142 -0.000942311 0.000270356 2.90114e-05 4.00017e-05 
783 0.0691047 0.486161 -0.000942364 0.000270315 2.88875e-05 4.08627e-05 
784 0.0691028 0.48618 -0.000942452 0.000270294 2.87612e-05 4.17026e-05 
785 0.0691007 0.486199 -0.000942499 0.000270239 2.86239e-05 4.25224e-05 
786 0.0690988 0.486218 -0.000942588 0.000270206 2.84855e-05 4.33221e-05 
787 0.0690967 0.486237 -0.000942637 0.00027014 2.83375e-05 4.41025e-05 
788 0.0690949 0.486256 -0.000942728 0.000270096 2.81898e-05 4.48639e-05 
789 0.0690929 0.486275 -0.000942778 0.000270021 2.80338e-05 4.56069e-05 
790 0.0690911 0.486294 -0.00094287 0.000269969 2.78792e-05 4.63316e-05 
791 0.0690891 0.486313 -0.000942922 0.000269887 2.77174e-05 4.70389e-05 
792 0.0690873 0.486332 -0.000943015 0.000269829 2.75579e-05 4.77288e-05 
793 0.0690854 0.486351 -0.000943068 0.000269742 2.73921e-05 4.8402e-05 
794 0.0690837 0.48637 -0.000943162 0.00026968 2.72294e-05 4.90586e-05 
795 0.0690818 0.486389 -0.000943215 0.000269588 2.70611e-05 4.96993e-05 
796 0.0690801 0.486408 -0.000943311 0.000269523 2.68967e-05 5.03242e-05 
797 0.0690782 0.486427 -0.000943365 0.000269429 2.67271e-05 5.0934e-05 
798 0.0690766 0.486446 -0.00094346 0.000269361 2.6562e-05 5.15287e-05 
799 0.0690747 0.486465 -0.000943515 0.000269265 2.63923e-05 5.21089e-05 
800 0.0690731 0.486483 -0.000943611 0.000269196 2.62274e-05 5.26748e-05 
801 0.0690713 0.486503 -0.000943666 0.000269099 2.60585e-05 5.32269e-05 
802 0.0690697 0.486521 -0.000943763 0.000269029 2.58946e-05 5.37654e-05 
803 0.0690679 0.48654 -0.000943818 0.000268932 2.5727e-05 5.42907e-05 
804 0.0690663 0.486559 -0.000943915 0.000268862 2.55649e-05 5.48029e-05 
805 0.0690645 0.486578 -0.00094397 0.000268765 2.53992e-05 5.53026e-05 
806 0.069063 0.486596 -0.000944067 0.000268695 2.52392e-05 5.57899e-05 
807 0.0690613 0.486616 -0.000944122 0.000268599 2.50759e-05 5.62653e-05 
808 0.0690597 0.486634 -0.000944219 0.00026853 2.49185e-05 5.67288e-05 
809 0.069058 0.486653 -0.000944275 0.000268435 2.4758e-05 5.71809e-05 
810 0.0690565 0.486672 -0.000944372 0.000268367 2.46035e-05 5.76218e-05 
811 0.0690548 0.486691 -0.000944428 0.000268272 2.44459e-05 5.80518e-05 
812 0.0690533 0.486709 -0.000944525 0.000268206 2.42946e-05 5.8471e-05 
813 0.0690517 0.486728 -0.000944581 0.000268113 2.41403e-05 5.888e-05 
814 0.0690502 0.486747 -0.000944678 0.000268047 2.39922e-05 5.92786e-05 
815 0.0690485 0.486766 -0.000944733 0.000267956 2.38413e-05 5.96675e-05 
816 0.0690471 0.486784 -0.00094483 0.000267892 2.36967e-05 6.00465e-05 
817 0.0690455 0.486803 -0.000944886 0.000267803 2.35493e-05 6.04162e-05 
818 0.069044 0.486822 -0.000944983 0.000267741 2.34083e-05 6.07766e-05 
819 0.0690424 0.486841 -0.000945038 0.000267653 2.32644e-05 6.1128e-05 
820 0.069041 0.486859 -0.000945135 0.000267593 2.3127e-05 6.14706e-05 
821 0.0690394 0.486878 -0.000945191 0.000267507 2.29868e-05 6.18047e-05 
822 0.069038 0.486897 -0.000945288 0.000267449 2.28529e-05 6.21303e-05 
823 0.0690365 0.486916 -0.000945343 0.000267365 2.27163e-05 6.24478e-05 
824 0.0690351 0.486934 -0.00094544 0.000267308 2.25861e-05 6.27572e-05 
825 0.0690335 0.486953 -0.000945495 0.000267226 2.24532e-05 6.3059e-05 
826 0.0690322 0.486971 -0.000945591 0.000267172 2.23266e-05 6.3353e-05 
827 0.0690306 0.486991 -0.000945646 0.000267091 2.21972e-05 6.36398e-05 
828 0.0690293 0.487009 -0.000945743 0.000267039 2.20742e-05 6.39192e-05 
829 0.0690278 0.487028 -0.000945797 0.000266961 2.19484e-05 6.41916e-05 
830 0.0690264 0.487046 -0.000945894 0.00026691 2.18289e-05 6.4457e-05 
831 0.0690249 0.487065 -0.000945949 0.000266834 2.17067e-05 6.47158e-05 
832 0.0690236 0.487083 -0.000946045 0.000266785 2.15907e-05 6.49679e-05 
833 0.0690221 0.487103 -0.000946099 0.000266711 2.14719e-05 6.52138e-05 
834 0.0690208 0.487121 -0.000946195 0.000266664 2.13593e-05 6.54532e-05 
835 0.0690193 0.48714 -0.00094625 0.000266591 2.12439e-05 6.56867e-05 
836 0.069018 0.487158 -0.000946346 0.000266546 2.11347e-05 6.59141e-05 
837 0.0690166 0.487177 -0.0009464 0.000266476 2.10226e-05 6.61358e-05 
838 0.0690153 0.487195 -0.000946496 0.000266432 2.09168e-05 6.63517e-05 
839 0.0690139 0.487214 -0.00094655 0.000266363 2.08079e-05 6.65622e-05 
840 0.0690126 0.487233 -0.000946646 0.000266322 2.07053e-05 6.67672e-05 
841 0.0690112 0.487252 -0.000946699 0.000266255 2.05996e-05 6.69671e-05 
842 0.0690099 0.48727 -0.000946795 0.000266215 2.05001e-05 6.71616e-05 
843 0.0690085 0.487289 -0.000946849 0.00026615 2.03975e-05 6.73513e-05 
844 0.0690072 0.487307 -0.000946944 0.000266112 2.0301e-05 6.7536e-05 
845 0.0690058 0.487326 -0.000946998 0.000266048 2.02015e-05 6.7716e-05 
846 0.0690046 0.487344 -0.000947093 0.000266012 2.0108e-05 6.78912e-05 
847 0.0690032 0.487363 -0.000947147 0.00026595 2.00114e-05 6.80621e-05 
848 0.069002 0.487381 -0.000947242 0.000265915 1.99208e-05 6.82283e-05 
849 0.0690006 0.487401 -0.000947295 0.000265855 1.98271e-05 6.83904e-05 
850 0.0689994 0.487419 -0.00094739 0.000265822 1.97393e-05 6.85481e-05 
851 0.068998 0.487438 -0.000947443 0.000265763 1.96484e-05 6.87018e-05 
852 0.0689968 0.487456 -0.000947538 0.000265731 1.95634e-05 6.88514e-05 
853 0.0689954 0.487475 -0.000947591 0.000265674 1.94751e-05 6.89972e-05 
854 0.0689942 0.487493 -0.000947686 0.000265644 1.93928e-05 6.91391e-05 
855 0.0689929 0.487512 -0.000947739 0.000265588 1.93071e-05 6.92773e-05 
856 0.0689917 0.48753 -0.000947834 0.000265559 1.92274e-05 6.94118e-05 
857 0.0689904 0.487549 -0.000947887 0.000265504 1.91443e-05 6.95429e-05 
858 0.0689892 0.487567 -0.000947981 0.000265477 1.90671e-05 6.96704e-05 
859 0.0689879 0.487586 -0.000948034 0.000265424 1.89865e-05 6.97946e-05 
860 0.0689867 0.487604 -0.000948128 0.000265398 1.89117e-05 6.99154e-05 
861 0.0689854 0.487623 -0.000948181 0.000265346 1.88335e-05 7.00332e-05 
862 0.0689842 0.487641 -0.000948275 0.000265322 1.8761e-05 7.01477e-05 
863 0.0689829 0.487661 -0.000948328 0.000265271 1.86852e-05 7.02593e-05 
864 0.0689818 0.487679 -0.000948422 0.000265248 1.8615e-05 7.03677e-05 
865 0.0689804 0.487698 -0.000948474 0.000265199 1.85414e-05 7.04734e-05 
866 0.0689793 0.487716 -0.000948569 0.000265177 1.84735e-05 7.05761e-05 
867 0.068978 0.487735 -0.000948621 0.000265128 1.84021e-05 7.06763e-05 
868 0.0689769 0.487753 -0.000948715 0.000265108 1.83363e-05 7.07735e-05 
869 0.0689756 0.487772 -0.000948767 0.000265061 1.8267e-05 7.08683e-05 
870 0.0689745 0.48779 -0.000948861 0.000265041 1.82034e-05 7.09604e-05 
871 0.0689732 0.487809 -0.000948913 0.000264995 1.81362e-05 7.10502e-05 
872 0.0689721 0.487827 -0.000949007 0.000264977 1.80745e-05 7.11373e-05 
873 0.0689708 0.487846 -0.000949059 0.000264932 1.80093e-05 7.12223e-05 
874 0.0689697 0.487864 -0.000949153 0.000264914 1.79496e-05 7.13048e-05 
875 0.0689684 0.487883 -0.000949204 0.000264871 1.78863e-05 7.13852e-05 
876 0.0689673 0.487901 -0.000949298 0.000264854 1.78286e-05 7.14632e-05 
877 0.0689661 0.48792 -0.00094935 0.000264812 1.77672e-05 7.15393e-05 
878 0.068965 0.487938 -0.000949443 0.000264796 1.77113e-05 7.16131e-05 
879 0.0689637 0.487957 -0.000949495 0.000264755 1.76517e-05 7.1685e-05 
880 0.0689626 0.487975 -0.000949589 0.00026474 1.75976e-05 7.17548e-05 
881 0.0689614 0.487994 -0.00094964 0.0002647 1.75398e-05 7.18228e-05 
882 0.0689603 0.488012 -0.000949734 0.000264686 1.74874e-05 7.18888e-05 
883 0.0689591 0.488031 -0.000949785 0.000264646 1.74313e-05 7.19531e-05 
884 0.068958 0.488049 -0.000949878 0.000264634 1.73806e-05 7.20154e-05 
885 0.0689568 0.488068 -0.00094993 0.000264595 1.73261e-05 7.20762e-05 
886 0.0689557 0.488086 -0.000950023 0.000264584 1.72771e-05 7.21351e-05 
887 0.0689545 0.488105 -0.000950074 0.000264546 1.72243e-05 7.21925e-05 
888 0.0689534 0.488123 -0.000950168 0.000264535 1.71768e-05 7.22481e-05 
889 0.0689522 0.488142 -0.000950219 0.000264498 1.71255e-05 7.23023e-05 
890 0.0689511 0.48816 -0.000950312 0.000264488 1.70796e-05 7.23548e-05 
891 0.0689499 0.488179 -0.000950363 0.000264451 1.70298e-05 7.2406e-05 
892 0.0689489 0.488197 -0.000950456 0.000264442 1.69854e-05 7.24556e-05 
893 0.0689476 0.488216 -0.000950507 0.000264407 1.69371e-05 7.25039e-05 
894 0.0689466 0.488234 -0.0009506 0.000264398 1.68941e-05 7.25507e-05 
895 0.0689454 0.488253 -0.000950651 0.000264364 1.68472e-05 7.25963e-05 
896 0.0689443 0.488271 -0.000950744 0.000264356 1.68056e-05 7.26404e-05 
897 0.0689431 0.48829 -0.000950795 0.000264322 1.67601e-05 7.26834e-05 
898 0.0689421 0.488308 -0.000950888 0.000264315 1.67199e-05 7.2725e-05 
899 0.0689409 0.488327 -0.000950939 0.000264282 1.66757e-05 7.27656e-05 
900 0.0689399 0.488345 -0.000951032 0.000264276 1.66368e-05 7.28048e-05 
901 0.0689387 0.488364 -0.000951083 0.000264243 1.65939e-05 7.2843e-05 
902 0.0689377 0.488382 -0.000951176 0.000264238 1.65563e-05 7.28799e-05 
903 0.0689365 0.4884 -0.000951226 0.000264206 1.65147e-05 7.2916e-05 
904 0.0689355 0.488418 -0.000951319 0.000264201 1.64783e-05 7.29508e-05 
905 0.0689343 0.488437 -0.00095137 0.00026417 1.64379e-05 7.29847e-05 
906 0.0689333 0.488455 -0.000951462 0.000264166 1.64027e-05 7.30174e-05 
907 0.0689321 0.488474 -0.000951513 0.000264135 1.63635e-05 7.30494e-05 
908 0.0689311 0.488492 -0.000951606 0.000264132 1.63294e-05 7.30802e-05 
909 0.0689299 0.488511 -0.000951656 0.000264102 1.62914e-05 7.31102e-05 
910 0.0689289 0.488529 -0.000951749 0.000264099 1.62585e-05 7.31392e-05 
911 0.0689277 0.488548 -0.000951799 0.000264069 1.62215e-05 7.31675e-05 
912 0.0689267 0.488566 -0.000951892 0.000264067 1.61897e-05 7.31947e-05 
913 0.0689256 0.488585 -0.000951942 0.000264038 1.61539e-05 7.32213e-05 
914 0.0689246 0.488603 -0.000952035 0.000264036 1.61231e-05 7.32469e-05 
915 0.0689234 0.488622 -0.000952085 0.000264008 1.60883e-05 7.32719e-05 
916 0.0689224 0.48864 -0.000952178 0.000264007 1.60586e-05 7.32959e-05 
917 0.0689212 0.488659 -0.000952228 0.000263979 1.60248e-05 7.33194e-05 
918 0.0689203 0.488677 -0.00095232 0.000263978 1.59961e-05 7.3342e-05 
919 0.0689191 0.488696 -0.000952371 0.000263951 1.59633e-05 7.3364e-05 
920 0.0689181 0.488714 -0.000952463 0.000263951 1.59355e-05 7.33852e-05 
921 0.068917 0.488733 -0.000952513 0.000263924 1.59037e-05 7.34058e-05 
922 0.068916 0.488751 -0.000952606 0.000263925 1.58769e-05 7.34257e-05 
923 0.0689148 0.488769 -0.000952656 0.000263898 1.5846e-05 7.34451e-05 
924 0.0689139 0.488787 -0.000952748 0.000263899 1.58201e-05 7.34637e-05 
925 0.0689127 0.488806 -0.000952798 0.000263873 1.579e-05 7.34818e-05 
926 0.0689117 0.488824 -0.000952891 0.000263875 1.5765e-05 7.34992e-05 
927 0.0689106 0.488843 -0.000952941 0.000263849 1.57359e-05 7.35163e-05 
928 0.0689096 0.488861 -0.000953033 0.000263851 1.57117e-05 7.35326e-05 
929 0.0689085 0.48888 -0.000953083 0.000263826 1.56835e-05 7.35485e-05 
930 0.0689075 0.488898 -0.000953175 0.000263829 1.56601e-05 7.35637e-05 
931 0.0689064 0.488917 -0.000953225 0.000263804 1.56327e-05 7.35786e-05 
932 0.0689054 0.488935 -0.000953317 0.000263807 1.56102e-05 7.35929e-05 
933 0.0689043 0.488954 -0.000953367 0.000263783 1.55835e-05 7.36068e-05 
934 0.0689033 0.488972 -0.00095346 0.000263786 1.55618e-05 7.36201e-05 
935 0.0689022 0.488991 -0.00095351 0.000263762 1.55359e-05 7.36331e-05 
936 0.0689012 0.489009 -0.000953602 0.000263766 1.5515e-05 7.36455e-05 
937 0.0689001 0.489027 -0.000953652 0.000263742 1.54898e-05 7.36577e-05 
938 0.0688991 0.489045 -0.000953744 0.000263746 1.54696e-05 7.36692e-05 
939 0.068898 0.489064 -0.000953793 0.000263723 1.54452e-05 7.36805e-05 
940 0.068897 0.489082 -0.000953886 0.000263728 1.54257e-05 7.36913e-05 
941 0.0688959 0.489101 -0.000953935 0.000263705 1.5402e-05 7.37019e-05 
942 0.068895 0.489119 -0.000954027 0.00026371 1.53832e-05 7.37119e-05 
943 0.0688938 0.489138 -0.000954077 0.000263688 1.53602e-05 7.37217e-05 
944 0.0688929 0.489156 -0.000954169 0.000263692 1.53421e-05 7.3731e-05 
945 0.0688918 0.489175 -0.000954219 0.000263671 1.53198e-05 7.37402e-05 
946 0.0688908 0.489193 -0.000954311 0.000263676 1.53023e-05 7.37488e-05 
947 0.0688897 0.489212 -0.000954361 0.000263654 1.52807e-05 7.37573e-05 
948 0.0688888 0.48923 -0.000954453 0.00026366 1.52638e-05 7.37654e-05 
949 0.0688877 0.489248 -0.000954502 0.000263639 1.52428e-05 7.37732e-05 
950 0.0688867 0.489266 -0.000954594 0.000263645 1.52266e-05 7.37807e-05 
951 0.0688856 0.489285 -0.000954644 0.000263624 1.52062e-05 7.3788e-05 
952 0.0688847 0.489303 -0.000954736 0.00026363 1.51906e-05 7.37949e-05 
953 0.0688835 0.489322 -0.000954786 0.00026361 1.51707e-05 7.38016e-05 
954 0.0688826 0.48934 -0.000954877 0.000263616 1.51557e-05 7.3808e-05 
955 0.0688815 0.489359 -0.000954927 0.000263596 1.51365e-05 7.38143e-05 
956 0.0688806 0.489377 -0.000955019 0.000263603 1.51221e-05 7.38201e-05 
957 0.0688795 0.489396 -0.000955069 0.000263583 1.51033e-05 7.38259e-05 
958 0.0688785 0.489414 -0.00095516 0.00026359 1.50895e-05 7.38313e-05 
959 0.0688774 0.489433 -0.00095521 0.000263571 1.50713e-05 7.38366e-05 
960 0.0688765 0.489451 -0.000955302 0.000263578 1.5058e-05 7.38416e-05 
961 0.0688754 0.489469 -0.000955351 0.000263559 1.50403e-05 7.38465e-05 
962 0.0688744 0.489487 -0.000955443 0.000263566 1.50275e-05 7.38511e-05 
963 0.0688733 0.489506 -0.000955493 0.000263547 1.50104e-05 7.38556e-05 
964 0.0688724 0.489524 -0.000955584 0.000263555 1.49981e-05 7.38598e-05 
965 0.0688713 0.489543 -0.000955634 0.000263536 1.49815e-05 7.3864e-05 
966 0.0688704 0.489561 -0.000955726 0.000263545 1.49697e-05 7.38678e-05 
967 0.0688693 0.48958 -0.000955775 0.000263526 1.49536e-05 7.38716e-05 
968 0.0688684 0.489598 -0.000955867 0.000263534 1.49422e-05 7.38751e-05 
969 0.0688673 0.489617 -0.000955916 0.000263516 1.49266e-05 7.38786e-05 
970 0.0688663 0.489635 -0.000956008 0.000263525 1.49157e-05 7.38817e-05 
971 0.0688652 0.489653 -0.000956058 0.000263507 1.49005e-05 7.38849e-05 
972 0.0688643 0.489671 -0.000956149 0.000263515 1.48901e-05 7.38878e-05 
973 0.0688632 0.48969 -0.000956199 0.000263498 1.48753e-05 7.38907e-05 
974 0.0688623 0.489708 -0.000956291 0.000263507 1.48654e-05 7.38933e-05 
975 0.0688612 0.489727 -0.00095634 0.000263489 1.4851e-05 7.3896e-05 
976 0.0688603 0.489745 -0.000956432 0.000263498 1.48415e-05 7.38983e-05 
977 0.0688592 0.489764 -0.000956481 0.000263481 1.48276e-05 7.39007e-05 
978 0.0688583 0.489782 -0.000956573 0.00026349 1.48185e-05 7.39028e-05 
979 0.0688572 0.489801 -0.000956622 0.000263473 1.4805e-05 7.3905e-05 
980 0.0688563 0.489819 -0.000956714 0.000263483 1.47962e-05 7.39069e-05 
981 0.0688552 0.489837 -0.000956763 0.000263466 1.47831e-05 7.39088e-05 
982 0.0688543 0.489855 -0.000956855 0.000263476 1.47748e-05 7.39105e-05 
983 0.0688532 0.489874 -0.000956904 0.000263459 1.47621e-05 7.39122e-05 
984 0.0688523 0.489892 -0.000956996 0.000263469 1.47541e-05 7.39137e-05 
985 0.0688512 0.489911 -0.000957045 0.000263452 1.47418e-05 7.39153e-05 
986 0.0688503 0.489929 -0.000957137 0.000263463 1.47342e-05 7.39166e-05 
987 0.0688492 0.489948 -0.000957186 0.000263446 1.47223e-05 7.3918e-05 
988 0.0688483 0.489966 -0.000957278 0.000263457 1.4715e-05 7.39192e-05 
989 0.0688472 0.489985 -0.000957327 0.000263441 1.47034e-05 7.39204e-05 
990 0.0688463 0.490003 -0.000957419 0.000263451 1.46965e-05 7.39214e-05 
991 0.0688452 0.490021 -0.000957479 0.000263449 1.4688e-05 7.39224e-05 
992 0.0688442 0.49004 -0.000957537 0.000263432 1.46765e-05 7.39234e-05 
993 0.0688433 0.490058 -0.00095763 0.000263443 1.46701e-05 7.39242e-05 
994 0.0688422 0.490077 -0.000957679 0.000263427 1.46593e-05 7.39251e-05 
995 0.0688413 0.490095 -0.000957771 0.000263438 1.46532e-05 7.39258e-05 
996 0.0688402 0.490113 -0.00095782 0.000263422 1.46428e-05 7.39266e-05 
997 0.0688393 0.490131 -0.000957912 0.000263434 1.4637e-05 7.39271e-05 
998 0.0688382 0.49015 -0.000957961 0.000263418 1.46269e-05 7.39278e-05 
999 0.0688373 0.490168 -0.000958052 0.00026343 1.46215e-05 7.39283e-05 
1000 0.0688362 0.490187 -0.000958102 0.000263414 1.46116e-05 7.39288e-05 
1001 0.0688353 0.490205 -0.000958193 0.000263426 1.46065e-05 7.39292e-05 
1002 0.0688343 0.490224 -0.000958242 0.000263411 1.4597e-05 7.39296e-05 
1003 0.0688333 0.490242 -0.000958334 0.000263423 1.45922e-05 7.39299e-05 
1004 0.0688323 0.490261 -0.000958383 0.000263407 1.45829e-05 7.39303e-05 
1005 0.0688314 0.490278 -0.000958475 0.000263419 1.45784e-05 7.39305e-05 
1006 0.0688303 0.490297 -0.000958524 0.000263404 1.45694e-05 7.39308e-05 
1007 0.0688294 0.490315 -0.000958616 0.000263416 1.45651e-05 7.3931e-05 
1008 0.0688283 0.490334 -0.000958665 0.000263402 1.45564e-05 7.39312e-05 
1009 0.0688274 0.490352 -0.000958756 0.000263414 1.45524e-05 7.39313e-05 
1010 0.0688263 0.490371 -0.000958805 0.000263399 1.4544e-05 7.39315e-05 
1011 0.0688254 0.490389 -0.000958897 0.000263411 1.45403e-05 7.39315e-05 
1012 0.0688244 0.490408 -0.000958946 0.000263397 1.45321e-05 7.39316e-05 
1013 0.0688235 0.490426 -0.000959038 0.000263409 1.45286e-05 7.39316e-05 
1014 0.0688224 0.490444 -0.000959087 0.000263395 1.45207e-05 7.39316e-05 
1015 0.0688215 0.490462 -0.000959178 0.000263407 1.45174e-05 7.39316e-05 
1016 0.0688204 0.490481 -0.000959227 0.000263393 1.45097e-05 7.39316e-05 
1017 0.0688195 0.490499 -0.000959319 0.000263406 1.45067e-05 7.39315e-05 
1018 0.0688184 0.490518 -0.000959368 0.000263391 1.44993e-05 7.39315e-05 
1019 0.0688175 0.490536 -0.00095946 0.000263404 1.44965e-05 7.39313e-05 
1020 0.0688165 0.490555 -0.000959509 0.00026339 1.44893e-05 7.39313e-05 
1021 0.0688156 0.490573 -0.0009596 0.000263403 1.44867e-05 7.39311e-05 
1022 0.0688145 0.490592 -0.000959649 0.000263389 1.44797e-05 7.3931e-05 
1023 0.0688136 0.49061 -0.000959741 0.000263402 1.44774e-05 7.39308e-05 
1024 0.0688125 0.490628 -0.00095979 0.000263388 1.44706e-05 7.39308e-05 
1025 0.0688116 0.490646 -0.000959882 0.000263401 1.44685e-05 7.39305e-05 
1026 0.0688105 0.490665 -0.000959931 0.000263387 1.4462e-05 7.39304e-05 
1027 0.0688096 0.490683 -0.000960022 0.0002634 1.44601e-05 7.39302e-05 
1028 0.0688086 0.490702 -0.000960071 0.000263387 1.44537e-05 7.39301e-05 
1029 0.0688077 0.49072 -0.000960163 0.0002634 1.4452e-05 7.39298e-05 
1030 0.0688066 0.490739 -0.000960212 0.000263386 1.44458e-05 7.39297e-05 
1031 0.0688057 0.490757 -0.000960303 0.0002634 1.44443e-05 7.39294e-05 
1032 0.0688046 0.490776 -0.000960353 0.000263386 1.44384e-05 7.39293e-05 
1033 0.0688037 0.490793 -0.000960444 0.0002634 1.4437e-05 7.3929e-05 
1034 0.0688027 0.490812 -0.000960493 0.000263386 1.44313e-05 7.39289e-05 
1035 0.0688018 0.49083 -0.000960585 0.0002634 1.44301e-05 7.39286e-05 
1036 0.0688007 0.490849 -0.000960634 0.000263387 1.44245e-05 7.39285e-05 
1037 0.0687998 0.490867 -0.000960725 0.0002634 1.44236e-05 7.39282e-05 
1038 0.0687987 0.490886 -0.000960774 0.000263387 1.44182e-05 7.39281e-05 
1039 0.0687978 0.490904 -0.000960866 0.000263401 1.44174e-05 7.39278e-05 
1040 0.0687968 0.490923 -0.000960915 0.000263388 1.44122e-05 7.39277e-05 
1041 0.0687959 0.490941 -0.000961006 0.000263402 1.44116e-05 7.39274e-05 
1042 0.0687948 0.490959 -0.000961055 0.000263389 1.44065e-05 7.39273e-05 
1043 0.0687939 0.490977 -0.000961147 0.000263402 1.44061e-05 7.3927e-05 
1044 0.0687929 0.490996 -0.000961196 0.000263389 1.44012e-05 7.39269e-05 
1045 0.068792 0.491014 -0.000961288 0.000263403 1.44009e-05 7.39267e-05 
1046 0.0687909 0.491033 -0.000961337 0.000263391 1.43961e-05 7.39266e-05 
1047 0.06879 0.491051 -0.000961428 0.000263405 1.4396e-05 7.39263e-05 
1048 0.0687889 0.49107 -0.000961477 0.000263392 1.43914e-05 7.39263e-05 
1049 0.068788 0.491088 -0.000961569 0.000263406 1.43915e-05 7.3926e-05 
1050 0.068787 0.491107 -0.000961618 0.000263393 1.4387e-05 7.3926e-05 
1051 0.0687861 0.491124 -0.000961709 0.000263407 1.43872e-05 7.39257e-05 
1052 0.068785 0.491143 -0.000961758 0.000263395 1.43829e-05 7.39257e-05 
1053 0.0687841 0.491161 -0.00096185 0.000263409 1.43833e-05 7.39255e-05 
1054 0.068783 0.49118 -0.000961899 0.000263397 1.43791e-05 7.39255e-05 
1055 0.0687821 0.491198 -0.00096199 0.000263411 1.43796e-05 7.39253e-05 
1056 0.0687811 0.491217 -0.000962039 0.000263398 1.43756e-05 7.39253e-05 
1057 0.0687802 0.491235 -0.000962131 0.000263413 1.43762e-05 7.39251e-05 
1058 0.0687791 0.491254 -0.00096218 0.0002634 1.43723e-05 7.39251e-05 
1059 0.0687782 0.491272 -0.000962271 0.000263415 1.43731e-05 7.3925e-05 
1060 0.0687772 0.49129 -0.00096232 0.000263402 1.43694e-05 7.3925e-05 
1061 0.0687763 0.491308 -0.000962412 0.000263417 1.43702e-05 7.39249e-05 
1062 0.0687752 0.491327 -0.000962461 0.000263405 1.43666e-05 7.39249e-05 
1063 0.0687743 0.491345 -0.000962553 0.000263419 1.43676e-05 7.39248e-05 
1064 0.0687732 0.491364 -0.000962602 0.000263407 1.43641e-05 7.39249e-05 
1065 0.0687723 0.491382 -0.000962693 0.000263422 1.43653e-05 7.39248e-05 
1066 0.0687713 0.491401 -0.000962742 0.000263409 1.43619e-05 7.39249e-05 
1067 0.0687704 0.491419 -0.000962834 0.000263424 1.43632e-05 7.39249e-05 
1068 0.0687693 0.491438 -0.000962883 0.000263412 1.43599e-05 7.3925e-05 
1069 0.0687684 0.491455 -0.000962974 0.000263427 1.43613e-05 7.3925e-05 
1070 0.0687674 0.491474 -0.000963023 0.000263415 1.43582e-05 7.39251e-05 
1071 0.0687665 0.491492 -0.000963115 0.00026343 1.43596e-05 7.39252e-05 
1072 0.0687654 0.491511 -0.000963164 0.000263418 1.43566e-05 7.39253e-05 
1073 0.0687645 0.491529 -0.000963255 0.000263432 1.43582e-05 7.39254e-05 
1074 0.0687634 0.491548 -0.000963304 0.000263421 1.43553e-05 7.39256e-05 
1075 0.0687625 0.491566 -0.000963396 0.000263435 1.4357e-05 7.39256e-05 
1076 0.0687615 0.491585 -0.000963445 0.000263424 1.43542e-05 7.39258e-05 
1077 0.0687606 0.491603 -0.000963537 0.000263439 1.4356e-05 7.39259e-05 
1078 0.0687595 0.491621 -0.000963585 0.000263427 1.43533e-05 7.39262e-05 
1079 0.0687586 0.491639 -0.000963677 0.000263442 1.43552e-05 7.39263e-05 
1080 0.0687576 0.491658 -0.000963726 0.00026343 1.43526e-05 7.39266e-05 
1081 0.0687567 0.491676 -0.000963818 0.000263445 1.43546e-05 7.39267e-05 
1082 0.0687556 0.491695 -0.000963867 0.000263433 1.43521e-05 7.3927e-05 
1083 0.0687547 0.491713 -0.000963958 0.000263448 1.43542e-05 7.39272e-05 
1084 0.0687536 0.491732 -0.000964007 0.000263437 1.43518e-05 7.39275e-05 
1085 0.0687528 0.49175 -0.000964099 0.000263452 1.4354e-05 7.39277e-05 
1086 0.0687517 0.491769 -0.000964148 0.00026344 1.43517e-05 7.39281e-05 
1087 0.0687508 0.491786 -0.000964239 0.000263455 1.4354e-05 7.39283e-05 
1088 0.0687497 0.491805 -0.000964288 0.000263444 1.43518e-05 7.39287e-05 
1089 0.0687488 0.491823 -0.00096438 0.000263459 1.43542e-05 7.3929e-05 
1090 0.0687478 0.491842 -0.000964429 0.000263447 1.4352e-05 7.39294e-05 
1091 0.0687469 0.49186 -0.000964521 0.000263463 1.43545e-05 7.39297e-05 
1092 0.0687458 0.491879 -0.000964569 0.000263451 1.43525e-05 7.39301e-05 
1093 0.0687449 0.491897 -0.000964661 0.000263467 1.4355e-05 7.39305e-05 
1094 0.0687438 0.491916 -0.00096471 0.000263455 1.4353e-05 7.39309e-05 
1095 0.068743 0.491934 -0.000964802 0.00026347 1.43557e-05 7.39313e-05 
1096 0.0687419 0.491952 -0.000964851 0.000263459 1.43538e-05 7.39318e-05 
1097 0.068741 0.49197 -0.000964942 0.000263474 1.43565e-05 7.39322e-05 
1098 0.0687399 0.491989 -0.000964991 0.000263463 1.43547e-05 7.39327e-05 
1099 0.068739 0.492007 -0.000965083 0.000263478 1.43575e-05 7.39331e-05 
1100 0.068738 0.492026 -0.000965132 0.000263467 1.43558e-05 7.39337e-05 
1101 0.0687371 0.492044 -0.000965224 0.000263483 1.43586e-05 7.39341e-05 
1102 0.068736 0.492063 -0.000965272 0.000263471 1.4357e-05 7.39347e-05 
1103 0.0687351 0.492081 -0.000965364 0.000263487 1.43599e-05 7.39352e-05 
1104 0.068734 0.4921 -0.000965413 0.000263475 1.43584e-05 7.39358e-05 
1105 0.0687331 0.492118 -0.000965505 0.000263491 1.43614e-05 7.39363e-05 
1106 0.0687321 0.492136 -0.000965554 0.00026348 1.43599e-05 7.39369e-05 
1107 0.0687312 0.492154 -0.000965645 0.000263495 1.43629e-05 7.39374e-05 
1108 0.0687301 0.492173 -0.000965694 0.000263484 1.43615e-05 7.39381e-05 
1109 0.0687292 0.492191 -0.000965786 0.0002635 1.43647e-05 7.39387e-05 
1110 0.0687282 0.49221 -0.000965835 0.000263488 1.43633e-05 7.39394e-05 
1111 0.0687273 0.492228 -0.000965927 0.000263504 1.43665e-05 7.39399e-05 
1112 0.0687262 0.492247 -0.000965976 0.000263493 1.43652e-05 7.39407e-05 
1113 0.0687253 0.492265 -0.000966067 0.000263509 1.43685e-05 7.39413e-05 
1114 0.0687242 0.492284 -0.000966116 0.000263497 1.43672e-05 7.3942e-05 
1115 0.0687233 0.492301 -0.000966208 0.000263513 1.43706e-05 7.39427e-05 
1116 0.0687223 0.49232 -0.000966257 0.000263502 1.43694e-05 7.39435e-05 
1117 0.0687214 0.492338 -0.000966349 0.000263518 1.43728e-05 7.39441e-05 
1118 0.0687203 0.492357 -0.000966398 0.000263507 1.43717e-05 7.39449e-05 
1119 0.0687194 0.492375 -0.000966489 0.000263523 1.43752e-05 7.39456e-05 
1120 0.0687183 0.492394 -0.000966538 0.000263511 1.43741e-05 7.39465e-05 
1121 0.0687174 0.492412 -0.00096663 0.000263527 1.43776e-05 7.39472e-05 
1122 0.0687164 0.492431 -0.000966679 0.000263516 1.43766e-05 7.3948e-05 
1123 0.0687155 0.492449 -0.000966771 0.000263532 1.43802e-05 7.39488e-05 
1124 0.0687144 0.492468 -0.00096682 0.000263521 1.43793e-05 7.39497e-05 
1125 0.0687135 0.492485 -0.000966911 0.000263537 1.43829e-05 7.39504e-05 
1126 0.0687124 0.492504 -0.00096696 0.000263526 1.4382e-05 7.39513e-05 
1127 0.0687115 0.492522 -0.000967052 0.000263542 1.43857e-05 7.39521e-05 
1128 0.0687105 0.492541 -0.000967101 0.000263531 1.43849e-05 7.39531e-05 
1129 0.0687096 0.492559 -0.000967193 0.000263547 1.43886e-05 7.39539e-05 
1130 0.0687085 0.492578 -0.000967242 0.000263536 1.43878e-05 7.39549e-05 
1131 0.0687076 0.492596 -0.000967334 0.000263552 1.43916e-05 7.39557e-05 
1132 0.0687065 0.492615 -0.000967382 0.000263541 1.43909e-05 7.39567e-05 
1133 0.0687056 0.492633 -0.000967474 0.000263557 1.43947e-05 7.39576e-05 
1134 0.0687046 0.492651 -0.000967523 0.000263546 1.4394e-05 7.39586e-05 
1135 0.0687037 0.492669 -0.000967615 0.000263562 1.43979e-05 7.39595e-05 
1136 0.0687026 0.492688 -0.000967664 0.000263551 1.43973e-05 7.39605e-05 
1137 0.0687017 0.492706 -0.000967756 0.000263567 1.44012e-05 7.39614e-05 
1138 0.0687006 0.492725 -0.000967805 0.000263556 1.44006e-05 7.39625e-05 
1139 0.0686997 0.492743 -0.000967896 0.000263572 1.44046e-05 7.39634e-05 
1140 0.0686987 0.492762 -0.000967945 0.000263561 1.44041e-05 7.39645e-05 
1141 0.0686978 0.49278 -0.000968037 0.000263578 1.44081e-05 7.39655e-05 
1142 0.0686967 0.492799 -0.000968086 0.000263567 1.44076e-05 7.39666e-05 
1143 0.0686958 0.492817 -0.000968178 0.000263583 1.44117e-05 7.39676e-05 
1144 0.0686947 0.492835 -0.000968227 0.000263572 1.44112e-05 7.39687e-05 
1145 0.0686938 0.492853 -0.000968319 0.000263588 1.44153e-05 7.39697e-05 
1146 0.0686928 0.492872 -0.000968368 0.000263577 1.44149e-05 7.39709e-05 
1147 0.0686919 0.49289 -0.00096846 0.000263594 1.4419e-05 7.39719e-05 
1148 0.0686908 0.492909 -0.000968508 0.000263583 1.44187e-05 7.39731e-05 
1149 0.0686899 0.492927 -0.0009686 0.000263599 1.44229e-05 7.39741e-05 
1150 0.0686888 0.492946 -0.000968649 0.000263588 1.44225e-05 7.39753e-05 
1151 0.0686879 0.492964 -0.000968741 0.000263604 1.44267e-05 7.39764e-05 
1152 0.0686868 0.492983 -0.00096879 0.000263594 1.44264e-05 7.39776e-05 
1153 0.0686859 0.493001 -0.000968882 0.00026361 1.44307e-05 7.39787e-05 
1154 0.0686849 0.493019 -0.000968931 0.000263599 1.44304e-05 7.39799e-05 
1155 0.068684 0.493037 -0.000969023 0.000263615 1.44348e-05 7.39811e-05 
1156 0.0686829 0.493056 -0.000969072 0.000263605 1.44345e-05 7.39823e-05 
1157 0.068682 0.493074 -0.000969164 0.000263621 1.44389e-05 7.39835e-05 
1158 0.0686809 0.493093 -0.000969213 0.00026361 1.44387e-05 7.39847e-05 
1159 0.06868 0.493111 -0.000969304 0.000263626 1.44431e-05 7.39859e-05 
1160 0.068679 0.49313 -0.000969353 0.000263616 1.44429e-05 7.39872e-05 
1161 0.068678 0.493148 -0.000969445 0.000263632 1.44473e-05 7.39884e-05 
1162 0.068677 0.493167 -0.000969494 0.000263621 1.44472e-05 7.39897e-05 
1163 0.0686761 0.493185 -0.000969586 0.000263638 1.44516e-05 7.39909e-05 
1164 0.068675 0.493203 -0.000969635 0.000263627 1.44515e-05 7.39922e-05 
1165 0.0686741 0.493221 -0.000969727 0.000263643 1.4456e-05 7.39934e-05 
1166 0.068673 0.49324 -0.000969776 0.000263633 1.4456e-05 7.39948e-05 
1167 0.0686721 0.493258 -0.000969868 0.000263649 1.44605e-05 7.3996e-05 
1168 0.068671 0.493277 -0.000969917 0.000263638 1.44604e-05 7.39974e-05 
1169 0.0686701 0.493295 -0.000970009 0.000263655 1.4465e-05 7.39987e-05 
1170 0.0686691 0.493314 -0.000970058 0.000263644 1.4465e-05 7.40001e-05 
1171 0.0686682 0.493332 -0.00097015 0.000263661 1.44696e-05 7.40013e-05 
1172 0.0686671 0.493351 -0.000970199 0.00026365 1.44696e-05 7.40027e-05 
1173 0.0686662 0.493369 -0.000970291 0.000263666 1.44742e-05 7.4004e-05 
1174 0.0686651 0.493388 -0.00097034 0.000263656 1.44742e-05 7.40055e-05 
1175 0.0686642 0.493405 -0.000970432 0.000263672 1.44789e-05 7.40068e-05 
1176 0.0686631 0.493424 -0.000970481 0.000263662 1.4479e-05 7.40082e-05 
1177 0.0686622 0.493442 -0.000970573 0.000263678 1.44836e-05 7.40095e-05 
1178 0.0686611 0.493461 -0.000970621 0.000263667 1.44837e-05 7.4011e-05 
1179 0.0686602 0.493479 -0.000970714 0.000263684 1.44884e-05 7.40123e-05 
1180 0.0686592 0.493498 -0.000970762 0.000263673 1.44885e-05 7.40138e-05 
1181 0.0686583 0.493516 -0.000970854 0.00026369 1.44933e-05 7.40152e-05 
1182 0.0686572 0.493535 -0.000970903 0.000263679 1.44934e-05 7.40167e-05 
1183 0.0686563 0.493553 -0.000970995 0.000263696 1.44982e-05 7.4018e-05 
1184 0.0686552 0.493572 -0.000971044 0.000263685 1.44983e-05 7.40196e-05 
1185 0.0686543 0.493589 -0.000971136 0.000263702 1.45031e-05 7.40209e-05 
1186 0.0686532 0.493608 -0.000971185 0.000263691 1.45033e-05 7.40225e-05 
1187 0.0686523 0.493626 -0.000971277 0.000263708 1.45081e-05 7.40239e-05 
1188 0.0686512 0.493645 -0.000971326 0.000263697 1.45083e-05 7.40254e-05 
1189 0.0686503 0.493663 -0.000971418 0.000263714 1.45132e-05 7.40268e-05 
1190 0.0686492 0.493682 -0.000971467 0.000263703 1.45134e-05 7.40284e-05 
1191 0.0686483 0.4937 -0.000971559 0.00026372 1.45183e-05 7.40298e-05 
1192 0.0686473 0.493719 -0.000971608 0.000263709 1.45185e-05 7.40314e-05 
1193 0.0686464 0.493737 -0.0009717 0.000263726 1.45234e-05 7.40328e-05 
1194 0.0686453 0.493756 -0.000971749 0.000263715 1.45237e-05 7.40344e-05 
1195 0.0686444 0.493774 -0.000971841 0.000263732 1.45286e-05 7.40359e-05 
1196 0.0686433 0.493792 -0.00097189 0.000263721 1.45289e-05 7.40375e-05 
1197 0.0686424 0.49381 -0.000971983 0.000263738 1.45338e-05 7.4039e-05 
1198 0.0686413 0.493829 -0.000972043 0.000263741 1.45368e-05 7.40405e-05 
1199 0.0686403 0.493848 -0.000972101 0.00026373 1.45368e-05 7.40421e-05 
1200 0.0686394 0.493866 -0.000972194 0.000263746 1.45417e-05 7.40436e-05 
1201 0.0686383 0.493885 -0.000972243 0.000263736 1.4542e-05 7.40453e-05 
1202 0.0686374 0.493902 -0.000972335 0.000263752 1.4547e-05 7.40468e-05 
1203 0.0686363 0.493921 -0.000972384 0.000263742 1.45474e-05 7.40484e-05 
1204 0.0686354 0.493939 -0.000972476 0.000263759 1.45523e-05 7.40499e-05 
1205 0.0686343 0.493958 -0.000972525 0.000263748 1.45528e-05 7.40516e-05 
1206 0.0686334 0.493976 -0.000972617 0.000263765 1.45577e-05 7.40531e-05 
1207 0.0686323 0.493995 -0.000972666 0.000263755 1.45582e-05 7.40548e-05 
1208 0.0686314 0.494013 -0.000972759 0.000263771 1.45632e-05 7.40563e-05 
1209 0.0686304 0.494032 -0.000972807 0.000263761 1.45636e-05 7.4058e-05 
1210 0.0686294 0.49405 -0.0009729 0.000263777 1.45687e-05 7.40596e-05 
1211 0.0686284 0.494069 -0.000972949 0.000263767 1.45691e-05 7.40613e-05 
1212 0.0686274 0.494087 -0.000973041 0.000263784 1.45742e-05 7.40629e-05 
1213 0.0686264 0.494105 -0.00097309 0.000263773 1.45747e-05 7.40646e-05 
1214 0.0686254 0.494123 -0.000973182 0.00026379 1.45797e-05 7.40661e-05 
1215 0.0686244 0.494142 -0.000973231 0.00026378 1.45802e-05 7.40679e-05 
1216 0.0686235 0.49416 -0.000973323 0.000263796 1.45853e-05 7.40695e-05 
1217 0.0686224 0.494179 -0.000973372 0.000263786 1.45858e-05 7.40712e-05 
1218 0.0686215 0.494197 -0.000973464 0.000263802 1.45909e-05 7.40728e-05 
1219 0.0686204 0.494216 -0.000973513 0.000263792 1.45915e-05 7.40745e-05 
1220 0.0686195 0.494234 -0.000973605 0.000263809 1.45966e-05 7.40761e-05 
1221 0.0686184 0.494253 -0.000973654 0.000263798 1.45971e-05 7.40779e-05 
1222 0.0686175 0.494271 -0.000973747 0.000263815 1.46022e-05 7.40795e-05 
1223 0.0686164 0.49429 -0.000973796 0.000263805 1.46028e-05 7.40813e-05 
1224 0.0686155 0.494308 -0.000973888 0.000263821 1.4608e-05 7.40829e-05 
1225 0.0686144 0.494326 -0.000973937 0.000263811 1.46085e-05 7.40847e-05 
1226 0.0686135 0.494344 -0.000974029 0.000263828 1.46137e-05 7.40863e-05 
1227 0.0686124 0.494363 -0.000974078 0.000263817 1.46143e-05 7.40881e-05 
1228 0.0686115 0.494381 -0.00097417 0.000263834 1.46195e-05 7.40898e-05 
1229 0.0686104 0.4944 -0.000974219 0.000263824 1.46201e-05 7.40916e-05 
1230 0.0686095 0.494418 -0.000974312 0.00026384 1.46252e-05 7.40932e-05 
1231 0.0686084 0.494437 -0.000974361 0.00026383 1.46259e-05 7.40951e-05 
1232 0.0686075 0.494455 -0.000974453 0.000263847 1.46311e-05 7.40967e-05 
1233 0.0686064 0.494474 -0.000974502 0.000263836 1.46317e-05 7.40985e-05 
1234 0.0686055 0.494492 -0.000974594 0.000263853 1.46369e-05 7.41002e-05 
1235 0.0686044 0.494511 -0.000974643 0.000263843 1.46376e-05 7.4102e-05 
1236 0.0686035 0.494529 -0.000974735 0.000263859 1.46428e-05 7.41037e-05 
1237 0.0686024 0.494547 -0.000974784 0.000263849 1.46434e-05 7.41056e-05 
1238 0.0686015 0.494565 -0.000974877 0.000263866 1.46487e-05 7.41073e-05 
1239 0.0686004 0.494584 -0.000974926 0.000263855 1.46493e-05 7.41091e-05 
1240 0.0685994 0.494602 -0.000975018 0.000263872 1.46546e-05 7.41108e-05 
1241 0.0685984 0.494621 -0.000975067 0.000263862 1.46553e-05 7.41127e-05 
1242 0.0685974 0.494639 -0.000975159 0.000263879 1.46605e-05 7.41144e-05 
1243 0.0685964 0.494658 -0.000975208 0.000263868 1.46612e-05 7.41162e-05 
1244 0.0685954 0.494676 -0.000975301 0.000263885 1.46665e-05 7.4118e-05 
1245 0.0685943 0.494695 -0.00097535 0.000263875 1.46672e-05 7.41198e-05 
1246 0.0685934 0.494713 -0.000975442 0.000263891 1.46725e-05 7.41216e-05 
1247 0.0685923 0.494732 -0.000975491 0.000263881 1.46732e-05 7.41234e-05 
1248 0.0685914 0.49475 -0.000975583 0.000263898 1.46785e-05 7.41252e-05 
1249 0.0685903 0.494768 -0.000975632 0.000263888 1.46792e-05 7.41271e-05 
1250 0.0685894 0.494786 -0.000975725 0.000263904 1.46845e-05 7.41288e-05 
1251 0.0685883 0.494805 -0.000975774 0.000263894 1.46853e-05 7.41307e-05 
