# record data: step_count | acceleration (x y z) | gyro (x y z)
0 0.0854122 -0.00056638 -2.84983e-05 -0 -0 0 
1 0.0846361 -0.00164629 -0.000357377 0.000106396 -0.000116505 -0.00312178 
2 1.68649 -0.00536428 2.30697 0.000346187 0.087422 -0.00160571 
3 -1.60467 0.0044618 -2.70773 9.59987e-05 -0.00449427 -0.00305303 
4 -0.0146252 -5.68672e-05 0.0306678 7.03876e-05 -0.00954473 -0.0030103 
5 0.0933245 -0.000460775 0.0711398 6.68015e-05 -0.00884218 -0.00296816 
6 0.0991939 -0.000492038 0.0582251 6.51334e-05 -0.00786098 -0.0029266 
7 0.0981984 -0.000493329 0.0468717 6.37697e-05 -0.00696492 -0.00288563 
8 0.0968646 -0.000490965 0.0377148 6.25126e-05 -0.00616811 -0.00284522 
9 0.0956313 -0.000488873 0.030347 6.13755e-05 -0.00546163 -0.00280538 
10 0.0945195 -0.00048564 0.0244191 6.02952e-05 -0.00483591 -0.0027661 
11 0.0935219 -0.000483006 0.0196494 5.93022e-05 -0.00428219 -0.00272736 
12 0.0926291 -0.000479367 0.0158116 5.83401e-05 -0.00379255 -0.00268917 
13 0.0918319 -0.000476428 0.0127234 5.74445e-05 -0.00335986 -0.00265151 
14 0.0911216 -0.000472564 0.0102382 5.65631e-05 -0.00297772 -0.00261438 
15 0.0904898 -0.000469465 0.00823817 5.57348e-05 -0.00264043 -0.00257777 
16 0.0899289 -0.000465495 0.00662852 5.49101e-05 -0.00234286 -0.00254167 
17 0.0894317 -0.000462331 0.00533293 5.41298e-05 -0.00208045 -0.00250607 
18 0.0889915 -0.00045833 0.00429006 5.33463e-05 -0.00184914 -0.00247098 
19 0.0886025 -0.000455164 0.00345053 5.26019e-05 -0.00164533 -0.00243637 
20 0.0882592 -0.000451182 0.00277464 5.185e-05 -0.00146581 -0.00240225 
21 0.0879565 -0.000448052 0.00223043 5.11339e-05 -0.00130772 -0.00236861 
22 0.0876901 -0.000444119 0.00179221 5.04075e-05 -0.00116855 -0.00233544 
23 0.087456 -0.000441049 0.00143928 4.97149e-05 -0.00104607 -0.00230273 
24 0.0872504 -0.000437184 0.00115502 4.90104e-05 -0.000938302 -0.00227048 
25 0.0870702 -0.000434188 0.000926028 4.83384e-05 -0.000843494 -0.00223868 
26 0.0869125 -0.000430402 0.000741531 4.76536e-05 -0.000760106 -0.00220733 
27 0.0867746 -0.000427488 0.00059286 4.70004e-05 -0.000686776 -0.00217642 
28 0.0866544 -0.000423787 0.000473036 4.63338e-05 -0.0006223 -0.00214594 
29 0.0865498 -0.000420959 0.000376443 4.56985e-05 -0.000565619 -0.00211589 
30 0.0864589 -0.000417345 0.000298561 4.50493e-05 -0.000515795 -0.00208625 
31 0.0863802 -0.000414605 0.00023575 4.4431e-05 -0.000472006 -0.00205704 
32 0.0863122 -0.000411078 0.000185081 4.37987e-05 -0.000433524 -0.00202823 
33 0.0862536 -0.000408425 0.000144195 4.31971e-05 -0.000399709 -0.00199983 
34 0.0862034 -0.000404984 0.000111195 4.25812e-05 -0.000369998 -0.00197182 
35 0.0861605 -0.000402417 8.45494e-05 4.19958e-05 -0.000343896 -0.00194421 
36 0.0861241 -0.000399061 6.30281e-05 4.1396e-05 -0.000320966 -0.00191698 
37 0.0860934 -0.000396578 4.56386e-05 4.08266e-05 -0.000300823 -0.00189013 
38 0.0860677 -0.000393305 3.15819e-05 4.02426e-05 -0.00028313 -0.00186366 
39 0.0860465 -0.000390904 2.02139e-05 3.96889e-05 -0.000267591 -0.00183756 
40 0.0860291 -0.000387712 1.1016e-05 3.91204e-05 -0.000253943 -0.00181183 
41 0.0860151 -0.00038539 3.56968e-06 3.8582e-05 -0.000241956 -0.00178646 
42 0.0860042 -0.000382276 -2.46198e-06 3.80287e-05 -0.00023143 -0.00176144 
43 0.0859959 -0.000380031 -7.35093e-06 3.75053e-05 -0.000222187 -0.00173677 
44 0.0859899 -0.000376994 -1.13164e-05 3.69669e-05 -0.00021407 -0.00171245 
45 0.0859859 -0.000374824 -1.45352e-05 3.64582e-05 -0.000206943 -0.00168847 
46 0.0859838 -0.00037186 -1.71501e-05 3.59344e-05 -0.000200684 -0.00166483 
47 0.0859833 -0.000369763 -1.92764e-05 3.54401e-05 -0.000195189 -0.00164151 
48 0.0859841 -0.000366871 -2.10069e-05 3.49304e-05 -0.000190364 -0.00161852 
49 0.0859862 -0.000364845 -2.24169e-05 3.44501e-05 -0.000186128 -0.00159586 
50 0.0859893 -0.000362022 -2.3567e-05 3.39543e-05 -0.000182409 -0.00157351 
51 0.0859934 -0.000360064 -2.45064e-05 3.34877e-05 -0.000179144 -0.00155148 
52 0.0859982 -0.000357309 -2.52747e-05 3.30054e-05 -0.000176277 -0.00152975 
53 0.0860039 -0.000355418 -2.59041e-05 3.25521e-05 -0.00017376 -0.00150833 
54 0.0860101 -0.000352728 -2.64204e-05 3.20829e-05 -0.00017155 -0.00148721 
55 0.086017 -0.000350901 -2.68449e-05 3.16425e-05 -0.00016961 -0.00146638 
56 0.0860243 -0.000348275 -2.71944e-05 3.11862e-05 -0.000167907 -0.00144585 
57 0.086032 -0.000346511 -2.7483e-05 3.07584e-05 -0.000166412 -0.0014256 
58 0.0860402 -0.000343947 -2.77217e-05 3.03145e-05 -0.000165099 -0.00140564 
59 0.0860486 -0.000342243 -2.79198e-05 2.9899e-05 -0.000163946 -0.00138595 
60 0.0860574 -0.000339739 -2.80845e-05 2.94671e-05 -0.000162935 -0.00136655 
61 0.0860664 -0.000338095 -2.8222e-05 2.90636e-05 -0.000162047 -0.00134741 
62 0.0860757 -0.000335649 -2.83372e-05 2.86435e-05 -0.000161267 -0.00132854 
63 0.0860851 -0.000334063 -2.8434e-05 2.82515e-05 -0.000160582 -0.00130994 
64 0.0860947 -0.000331674 -2.85157e-05 2.78429e-05 -0.000159981 -0.0012916 
65 0.0861045 -0.000330143 -2.85851e-05 2.74622e-05 -0.000159454 -0.00127351 
66 0.0861144 -0.000327809 -2.86441e-05 2.70646e-05 -0.00015899 -0.00125568 
67 0.0861244 -0.000326333 -2.86947e-05 2.66949e-05 -0.000158584 -0.0012381 
68 0.0861345 -0.000324052 -2.87383e-05 2.63081e-05 -0.000158227 -0.00122076 
69 0.0861447 -0.000322629 -2.87761e-05 2.5949e-05 -0.000157913 -0.00120367 
70 0.086155 -0.0003204 -2.88091e-05 2.55727e-05 -0.000157638 -0.00118681 
71 0.0861654 -0.000319028 -2.88381e-05 2.5224e-05 -0.000157396 -0.0011702 
72 0.0861758 -0.00031685 -2.88637e-05 2.48579e-05 -0.000157184 -0.00115381 
73 0.0861799 0.0017561 0.000325679 8.84783e-05 -0.000157302 -0.00113764 
74 0.0862004 0.00600149 -5.14614e-05 0.00025818 -0.000156717 -0.00112166 
75 0.0862126 0.0102922 -5.45016e-05 0.000502314 -0.000155682 -0.00110586 
76 0.0862247 0.0144739 -5.01623e-05 0.000802597 -0.000154006 -0.00109023 
77 0.086237 0.0185529 -4.52109e-05 0.00114514 -0.000151454 -0.00107477 
78 0.0862496 0.0225522 -3.97266e-05 0.00151911 -0.000147762 -0.00105949 
79 0.0862627 0.0264943 -3.36391e-05 0.00191632 -0.000142626 -0.00104437 
80 0.0862761 0.0304066 -2.68566e-05 0.00233066 -0.0001357 -0.00102942 
81 0.0862901 0.0343151 -1.92652e-05 0.0027579 -0.000126583 -0.00101462 
82 0.0863045 0.0382493 -1.07267e-05 0.00319521 -0.000114811 -0.000999987 
83 0.0863194 0.0422374 -1.07437e-06 0.00364109 -9.98456e-05 -0.000985505 
84 0.0863347 0.0463112 9.89051e-06 0.00409498 -8.10605e-05 -0.000971175 
85 0.0863505 0.0504997 2.24029e-05 0.00455725 -5.77245e-05 -0.000956993 
86 0.0863668 0.0548372 3.67405e-05 0.00502892 -2.89842e-05 -0.000942957 
87 0.0863833 0.0593543 5.32284e-05 0.00551169 6.15687e-06 -0.000929063 
88 0.0864002 0.0640869 7.22486e-05 0.00600767 4.88632e-05 -0.000915309 
89 0.0864174 0.0690675 9.42458e-05 0.00651948 0.000100495 -0.000901691 
90 0.0864346 0.0743347 0.000119741 0.00705005 0.000162644 -0.000888206 
91 0.0864519 0.0799233 0.000149341 0.0076027 0.000237167 -0.000874854 
92 0.086469 0.0858747 0.000183751 0.00818099 0.000326235 -0.000861632 
93 0.0864859 0.0922273 0.000223796 0.00878881 0.000432386 -0.00084854 
94 0.0865022 0.0990263 0.000270434 0.00943028 0.000558581 -0.000835579 
95 0.0865178 0.106313 0.000324781 0.0101098 0.00070828 -0.000822751 
96 0.0865322 0.114139 0.000388136 0.010832 0.00088552 -0.000810061 
97 -40.1807 0.109467 1.18893 0.0122262 1.34406 -0.000822198 
98 -13.4145 0.535079 -0.36399 -0.0086551 0.276955 -0.000793915 
99 -2.97924 0.286235 -0.392552 -0.0157144 -0.197658 -0.000804503 
100 2.1243 0.178893 -0.265963 -0.0165059 -0.368 -0.000821881 
101 4.36493 0.141839 -0.170452 -0.0147468 -0.391109 -0.000840007 
102 28.4876 0.152435 -0.380163 -0.0128818 -1.16325 -0.000855009 
103 13.3733 0.133337 0.0439019 -0.00934356 -0.453805 -0.000875496 
104 6.71487 0.168636 0.170145 -0.00696765 -0.101133 -0.00086965 
105 3.15297 0.19557 0.0921574 -0.00520556 0.0605647 -0.000861274 
106 1.29928 0.219591 0.0425687 -0.00382955 0.123264 -0.000852538 
107 0.378836 0.243005 0.0168688 -0.00273049 0.137162 -0.000844401 
108 -0.0420706 0.266804 0.00472597 -0.00184697 0.129083 -0.000837384 
109 -0.20374 0.291454 -0.000198031 -0.00113675 0.112915 -0.000831883 
110 -0.237319 0.317233 -0.00143855 -0.000566284 0.0955057 -0.000828305 
111 -0.212863 0.344362 -0.000892635 -0.000107056 0.0799481 -0.000827135 
112 -0.166611 0.37306 0.000460265 0.000265315 0.0674064 -0.000828976 
113 -0.116374 0.403545 0.00214226 0.000571411 0.0581067 -0.000834594 
114 -0.0701364 0.436056 0.0039439 0.000828302 0.0518652 -0.000844954 
115 -0.030818 0.470822 0.00579596 0.00104968 0.0483604 -0.000861275 
116 0.00113816 0.508095 0.00770066 0.00124667 0.0472664 -0.000885096 
117 0.0263877 0.548126 0.00969525 0.00142811 0.0483122 -0.000918358 
118 0.045977 0.591181 0.0118339 0.00160089 0.0513047 -0.000963508 
119 0.0609998 0.637525 0.0141793 0.00177031 0.0561324 -0.00102363 
120 0.0724458 0.687448 0.0167994 0.00194069 0.0627628 -0.0011026 
121 0.0811497 0.741259 0.019767 0.00211587 0.0712373 -0.00120531 
122 0.0877861 0.799266 0.0231607 0.00229816 0.0816662 -0.00133792 
123 -23.9284 0.855389 0.146006 0.00271747 0.758865 -0.000630468 
124 -8.09139 0.940472 -0.243817 0.00227328 0.122731 -0.000601607 
125 -1.82356 1.00142 -0.187745 0.00248843 -0.158415 -0.00059976 
126 1.25007 2.75994 -0.0704083 0.0547332 -0.257205 -0.000612545 
127 18.5952 1.82552 0.202166 0.0170471 -0.579674 -0.00261183 
128 8.55458 1.53603 0.196585 0.000666495 -0.107798 -0.00318393 
129 4.22995 1.46318 0.107164 -0.00543646 0.130368 -0.0036798 
130 1.88911 1.49562 0.0445701 -0.00651094 0.247612 -0.00426071 
131 0.650741 1.58758 0.0126658 -0.00533229 0.303851 -0.00495763 
132 0.0145519 1.71451 -0.00098965 -0.00330638 0.332128 -0.00580667 
133 -0.300583 1.86367 -0.00456693 -0.00110886 0.350455 -0.00685091 
134 -0.451245 2.02886 -0.00272639 0.000965586 0.368563 -0.00814284 
135 -0.523677 2.20744 0.00199324 0.00281567 0.391715 -0.00974729 
136 -0.564753 2.39871 0.00826965 0.00443233 0.422858 -0.0117449 
137 -0.599605 2.60302 0.0154619 0.00584662 0.463828 -0.0142366 
138 -0.641595 2.82121 0.0232998 0.00710099 0.516015 -0.0173483 
139 -0.697932 3.05455 0.0317205 0.00824273 0.580743 -0.0212383 
140 -0.772812 3.30443 0.0407596 0.00931346 0.659482 -0.0261049 
141 -0.869173 3.57236 0.0505017 0.0103487 0.753977 -0.0321973 
142 -1.33834 3.86132 0.00665692 0.0111976 0.680334 -0.0337593 
143 -2.00382 4.16916 -0.0340939 0.0120163 0.483917 -0.0310771 
144 -2.52275 4.49863 -0.0427115 0.0129528 0.268063 -0.0269057 
145 -2.90613 4.85411 -0.0427962 0.013963 0.0379325 -0.0208415 
146 -3.24231 5.23694 -0.040807 0.0150257 -0.206143 -0.01236 
147 -3.58395 5.64899 -0.038503 0.0161361 -0.466705 -0.000785068 
148 -2.31051 6.0937 0.0384452 0.0175131 -0.63472 0.00645269 
149 -0.105444 6.57586 0.154863 0.0190917 -0.659373 0.00678705 
150 0.940162 7.09576 0.221483 0.0205942 -0.62683 0.00699864 
151 1.67641 18.6835 1.41277 0.365329 -0.579387 0.00128352 
152 1.55849 9.99899 -0.123345 0.0397383 -0.509721 0.00170568 
153 1.44575 5.66021 -0.209982 -0.138751 -0.445824 0.00254202 
154 1.3008 2.71578 -0.241836 -0.23153 -0.389414 0.00348881 
155 1.1471 -2.61148 0.0419842 -0.371176 -0.340963 0.0049774 
156 1.01229 -7.27886 0.367683 -0.470434 -0.299477 0.00636722 
157 0.902921 -8.86299 0.472647 -0.451933 -0.263598 0.00731583 
158 1.17608 -9.1441 0.521342 -0.387755 -0.207569 0.00382084 
159 2.18413 -8.81838 0.558935 -0.312447 -0.0842881 -0.0100366 
160 2.56684 -11.8366 0.709873 -0.395304 -0.0914224 -0.00972576 
161 1.50755 -9.29583 -0.23597 -0.22572 -0.0142536 -0.00915116 
162 0.784505 -7.67475 -0.239515 -0.12228 0.0238104 -0.00864521 
163 0.323187 -6.47879 -0.245344 -0.0635451 0.0369354 -0.00819857 
164 0.102432 -5.66886 -0.259032 -0.0300495 0.0380916 -0.00779053 
165 0.00875011 -5.08563 -0.259757 -0.0109499 0.0340549 -0.00740852 
166 -0.0194988 -4.64022 -0.252802 -0.000116947 0.0282842 -0.00704588 
167 -0.0157431 -4.28219 -0.242083 0.00593352 0.0224419 -0.00669922 
168 0.00230103 -3.98262 -0.229851 0.00919445 0.0172402 -0.00636685 
169 0.0255942 -3.72466 -0.217349 0.0108137 0.0129074 -0.00604789 
170 0.0498087 -3.49821 -0.20523 0.0114616 0.00944086 -0.00574178 
171 0.0731147 -3.29709 -0.193829 0.0115314 0.00674009 -0.00544802 
172 0.094957 -3.11753 -0.183317 0.011252 0.0046746 -0.00516612 
173 0.115396 -2.95676 -0.173719 0.0107695 0.00311602 -0.0048955 
174 -4.94763 58.3008 0.785472 2.53723 -0.0352411 -0.13577 
175 2.63532 14.4451 -9.6867 1.36609 0.145168 -0.432298 
176 -4.85766 -10.2229 -4.74612 1.27039 -0.267626 0.0115147 
177 -2.45993 -9.67847 0.600487 1.28531 -0.42429 0.0168676 
178 -0.62662 -8.17311 1.10907 1.27374 -0.472889 0.0167895 
179 2.25434 -29.6658 8.78616 -1.48598 -0.521914 -3.67653e-05 
180 2.5624 -16.6171 0.446981 -0.698846 -0.399099 -0.000605406 
181 1.81326 -13.7892 -0.395006 -0.0571649 -0.336227 0.0149171 
182 0.284443 -11.1424 -0.434383 0.44526 -0.376935 0.0515873 
183 -0.599279 -8.61856 -0.350727 0.81645 -0.470746 0.0891703 
184 -0.749227 -5.05015 0.401892 1.01405 -0.483249 0.115336 
185 -1.6703 -2.44471 -0.193258 1.27649 -0.468504 0.0959774 
186 -1.09158 -0.39125 -0.0903969 1.43466 -0.432748 0.0779673 
187 -0.725908 1.34909 0.0658082 1.50652 -0.380107 0.0612881 
188 -1.05531 2.33343 0.376233 1.53383 -0.347925 0.0455184 
189 -1.28026 1.98704 -0.0452181 1.5889 -0.329856 0.030484 
190 -0.313684 1.25645 0.315473 1.69568 -0.208169 -0.042311 
191 1.24781 1.61479 0.614278 1.79358 -0.00295636 -0.116619 
192 2.68663 2.26442 0.585827 1.86783 0.232581 -0.18009 
193 2.65461 4.50357 1.11723 1.83321 0.460642 -0.240706 
194 3.88507 5.20526 0.478962 1.77359 0.738671 -0.299268 
195 6.57235 5.75886 -0.658441 1.68266 0.869235 -0.258842 
196 5.48743 5.90208 -1.06359 1.5981 0.968655 -0.227306 
197 4.34741 6.04588 -1.1942 1.52015 1.02047 -0.198766 
198 3.28555 6.1901 -1.27339 1.44946 1.02797 -0.172665 
199 2.03326 6.42281 -1.29248 1.17975 -0.327673 0.123721 
200 0.213223 5.09378 -0.27673 0.626374 -0.28362 0.113796 
201 0.0787546 5.21999 -0.144267 0.0876611 -0.253842 0.103296 
202 0.0883278 5.28081 -0.16864 -0.440032 -0.235482 0.0938476 
203 0.233888 5.27773 -0.2112 -0.958251 -0.220891 0.0854089 
204 -1.32186 3.07815 -1.19595 -1.35032 0.242047 -0.03902 
205 -0.08461 3.25941 -0.00696079 -1.75407 0.123863 -0.0257542 
206 2.37317 3.91626 0.408391 -2.19653 0.13753 -0.0119914 
207 6.57126 -4.01134 3.82981 -2.20969 0.40895 -0.000942112 
208 5.13502 -4.63385 0.520433 -2.20388 0.613651 -0.000847054 
209 3.4652 -4.88951 0.366817 -2.19436 0.751539 -0.0060555 
210 2.55205 -5.54912 0.26142 -2.1616 0.859289 -0.0152859 
211 -3.12991 -10.8913 2.12984 -1.84996 0.60732 -0.015011 
212 -1.93835 -11.0991 -0.071908 -1.54679 0.301786 0.0113045 
213 -1.04231 -11.3001 -0.254587 -1.24857 0.0216597 0.0404888 
214 -0.271273 -11.3416 -0.22997 -0.965354 -0.243512 0.0717046 
215 0.46348 -11.2618 -0.161883 -0.70474 -0.422521 0.0895357 
216 1.28678 -11.0882 -0.0559975 -0.473257 -0.443818 0.0811561 
217 4.98141 -15.8356 1.59773 -0.894098 -0.647102 0.0749948 
218 4.64344 -13.6807 -0.0092843 -0.555726 -0.517011 0.0677995 
219 4.51371 -13.3149 -0.0666358 -0.269977 -0.411725 0.0608334 
220 4.38452 -12.9259 0.0216872 -0.0417201 -0.3333 0.0543387 
221 5.11414 -12.556 0.523359 0.131807 -0.162718 0.0272416 
222 7.69769 -12.4412 1.99737 0.268844 0.393754 -0.0695789 
223 10.3362 -12.3869 2.67176 0.360111 1.15541 -0.171971 
224 14.0306 12.7834 10.4617 -0.964092 2.34025 -0.702142 
225 15.6274 -15.5756 -0.262161 -0.792155 3.39864 -0.376052 
226 13.1805 -19.4236 0.340428 -0.5122 3.95164 -0.323959 
227 -1.22492 -13.6334 -6.03491 -0.650409 2.00361 0.0799203 
228 -16.3911 -8.76929 -4.43235 -0.944504 -0.451178 0.400638 
229 -14.6146 -0.560947 5.05806 -1.32101 -1.89543 1.77158 
230 -12.3502 -2.28227 4.53428 -1.59031 -2.47256 0.837819 
231 -15.536 -8.71169 -4.26024 -1.28226 -3.7854 2.02257 
232 -16.8004 -10.4044 -3.70097 -0.772426 -4.86713 2.39 
233 -12.5478 -0.578308 -1.8873 0.0955257 -5.47637 2.03489 
234 -8.84307 6.15475 -1.36834 0.654381 -5.82715 1.60255 
235 -6.193 10.2917 -0.911687 0.916441 -5.99595 1.13343 
236 -4.25871 12.861 -0.49613 0.985947 -6.03584 0.658541 
237 -2.49131 14.6069 -0.390561 0.907396 -5.95921 0.228494 
238 -0.178111 16.475 -0.858658 0.690695 -5.70711 -0.0343003 
239 1.31448 16.7069 -0.487182 0.40771 -5.35751 -0.379436 
240 12.4465 14.6393 1.77697 0.266158 -4.35017 -0.0740059 
241 17.5117 8.0124 0.970794 0.432109 -3.08863 0.172644 
242 19.4174 10.4842 2.15131 0.861608 -1.24709 0.273554 
243 17.4683 9.37679 -0.813738 0.801818 -0.136973 0.266753 
244 14.7521 9.13865 -0.892793 0.716686 0.787807 0.198032 
245 11.8746 8.04056 -0.878879 0.676463 1.98718 0.187063 
246 9.125 8.28856 -1.02766 0.592778 2.7125 0.138165 
247 4.9275 7.24908 -0.372142 0.530244 2.93608 0.00396237 
248 2.77975 6.9942 -0.242452 0.491444 3.03043 0.0277703 
249 0.823724 6.35246 -0.473661 0.471095 3.02125 0.0469974 
250 -0.820154 5.64799 -0.650984 0.473914 2.92556 0.0632281 
251 24.6265 -34.0939 2.49416 -4.3315 -0.116329 0.2475 
252 29.4284 -46.0062 -9.82784 -3.94848 3.09574 4.56839 
253 20.7461 -6.2966 -16.7593 -2.03655 4.08902 10.1485 
254 17.4688 0.632059 -6.71459 -1.07129 5.36962 10.3031 
255 16.4424 13.1243 -4.02929 -1.54296 3.98593 5.72032 
256 11.1594 34.7589 1.75433 2.5795 8.8972 0.0126659 
257 16.4735 30.1624 1.56329 2.51544 9.86571 -0.0120679 
258 -72.0041 36.0451 68.2092 0.751389 6.01618 0.00100149 
259 -36.4031 16.4015 -28.7378 0.0579042 4.16404 0.000146047 
260 -39.9447 16.8492 -13.2123 -0.682524 2.08455 -0.0114787 
261 -40.1784 14.024 -9.87021 -1.27964 0.0100939 -0.0118789 
262 -39.7935 11.8362 -9.76365 -1.76841 -2.06172 -0.0174298 
263 -2.7263 0.467792 10.5438 -1.65256 -2.11807 -0.00917818 
264 0.111467 4.8067 0.775275 -1.78913 -2.06802 -0.00756228 
265 0.776004 4.59241 0.181265 -1.91838 -1.99592 -0.00918025 
266 2.87603 4.12216 1.5918 -2.03809 -1.64106 0.0344596 
267 4.33021 4.23105 0.511987 -2.61715 -0.963694 0.143652 
268 4.81101 2.65471 0.867678 -2.97209 -0.47474 0.194005 
269 5.70757 0.810625 0.810547 -3.24208 0.0565488 0.242768 
270 6.56271 -1.50592 1.74689 -3.40497 0.641129 0.299709 
271 7.87101 -2.47733 2.00662 -3.53434 1.29804 0.35881 
272 8.89216 -2.56004 1.42737 -3.67799 2.01221 0.419376 
273 8.68374 -2.61522 0.416229 -3.8316 2.5444 0.439545 
274 10.3473 -2.58002 -0.347063 -4.00326 3.03059 0.426425 
275 7.99711 -2.77475 -0.498306 -4.18873 3.42253 0.42311 
276 12.9075 -13.7293 -9.23093 -8.91585 -2.70609 -0.36334 
277 2.27874 -1.34847 -1.37675 -8.1916 -2.05905 -0.348566 
278 0.316816 -1.88535 0.280657 -7.52866 -1.55222 -0.322734 
279 -1.098 -2.32312 0.419725 -6.9272 -1.17686 -0.296252 
280 -2.1024 -2.68024 0.334973 -6.38199 -0.906108 -0.270805 
281 -4.53082 -0.867085 0.157988 -5.82503 3.40134 0.459434 
282 1.52533 -2.16003 0.748933 -5.64232 3.41749 0.455215 
283 -71.2635 -92.2267 63.5656 -0.521376 1.2886 1.44896 
284 -6.94899 -20.5679 -51.9468 1.00883 -0.982192 1.22863 
285 1.95138 -18.1395 -16.4304 2.14203 -0.928409 0.601435 
286 1.94841 -19.5178 -2.70405 3.37765 -0.920839 0.479984 
287 6.13008 -15.9373 -2.25353 4.42573 -0.732187 0.360439 
288 9.29335 -13.3684 -1.9359 5.33509 -0.38942 0.172948 
289 11.4865 -11.5391 -1.67952 6.15833 0.0560506 -0.0348102 
290 13.0172 -10.1425 -1.60282 6.94034 0.562475 -0.174423 
291 17.0848 -5.5134 -2.53617 8.18949 0.84354 -0.429771 
292 16.7926 -6.76188 -1.6533 8.85326 1.48619 -0.546399 
293 16.8915 -6.45528 -1.79108 9.55127 2.10609 -0.641736 
294 17.0435 -6.05904 -2.16306 10.2852 2.701 -0.729974 
295 28.0128 43.1158 25.2488 8.75401 4.23072 1.48734 
296 0.723406 22.04 -0.36151 7.88332 3.45598 -0.199293 
297 -2.04286 22.8072 0.754103 7.21757 2.88301 -0.300674 
298 -33.9369 44.605 16.4997 5.40781 0.508346 -0.430925 
299 -14.3071 37.4691 -8.20526 4.04339 -0.55764 -0.454012 
300 -10.6041 39.1963 -2.37197 2.62381 -0.661105 -0.33943 
301 -4.10767 38.4262 -0.121909 1.29513 -0.230663 -0.1967 
302 4.68764 35.1668 2.41309 0.194164 0.74081 -0.0568682 
303 6.76002 31.4829 0.127024 -0.633464 1.20439 -0.0797348 
304 -5.08089 27.6109 -8.25189 -1.15052 -0.684254 -0.439959 
305 -21.8129 21.2693 -4.98816 -1.46567 -3.04332 -0.699263 
306 -20.593 21.4766 -2.68842 -2.0242 -4.26531 -0.708522 
307 -19.2337 18.1606 -1.93765 -2.60553 -5.31189 -0.641988 
308 -16.5618 14.1598 -1.7146 -3.14642 -6.14142 -0.522629 
309 -12.3144 10.6189 -1.45547 -3.64165 -6.69044 -0.367947 
310 -7.63 5.18256 -2.64376 -4.56123 -6.95551 -0.192685 
311 -2.55739 -44.9474 17.2981 -3.08389 -6.67521 0.721339 
312 -3.89244 -29.6582 -4.62642 -2.40642 -6.89051 0.688498 
313 0.274055 -28.8214 -1.12191 -1.70418 -6.72592 0.492239 
314 4.14216 -25.6859 1.11593 -1.70871 -5.56538 0.972447 
315 8.77245 -20.8766 -0.345575 -1.21625 -4.50404 1.40158 
316 9.61285 -20.0116 0.204731 -0.878481 -3.55215 0.597223 
317 9.69957 -17.8164 0.308279 -0.571737 -2.71112 0.247183 
318 9.08807 -15.5692 0.293189 -0.297785 -1.83521 0.212182 
319 8.37806 -13.7816 0.326852 -0.0852872 -1.0517 0.161355 
320 7.52213 -12.1932 0.326263 0.0728928 -0.36302 0.107276 
321 7.24901 -10.7115 0.129039 0.17578 0.0837198 0.0556059 
322 7.07713 -9.45561 -0.040929 0.234281 0.359852 0.000237208 
323 5.55236 -8.68723 0.0742409 0.282545 0.788268 -0.0299479 
324 3.79075 -8.60609 -0.379569 0.347972 1.09978 -0.0393618 
325 4.11243 -4.95909 0.567022 0.234957 1.40633 -0.0521313 
326 1.55923 -5.81025 -0.758501 0.190742 1.45309 -0.0591636 
327 0.361997 -6.44568 -0.610854 0.198518 1.43285 -0.066349 
328 44.9326 51.509 9.88938 3.99357 -0.995641 -0.037911 
329 30.7329 49.7975 -3.39263 5.05075 5.07 -0.836302 
330 21.8444 27.3665 -33.6233 2.65988 9.99275 -1.39076 
331 -31.9611 -23.2905 -6.53144 2.93964 9.79725 -3.65129 
332 -51.193 -37.1367 20.7204 -2.05257 2.95024 -1.94317 
333 -44.5328 -36.9636 -1.92036 -3.21404 -0.275175 -0.00470893 
334 -41.5716 -28.4605 -10.9283 -1.8849 -2.53138 -0.000527978 
335 2.33054 -43.4026 9.53485 0.249875 -2.38678 -0.0152288 
336 -4.80578 -30.8884 -6.34132 1.7064 -2.67654 -0.0220386 
337 14.7263 -12.0868 7.47524 2.15881 -1.90643 -0.0233116 
338 7.80612 -11.1226 -2.03198 2.59034 -1.54272 -0.0254901 
339 6.10447 -8.52952 0.350773 2.89506 -1.27668 -0.028299 
340 4.67895 -6.12514 0.491568 3.0847 -1.09579 -0.0310657 
341 3.7151 -3.95926 0.447987 3.17161 -0.974537 -0.0334996 
342 4.05318 -2.4998 1.38366 3.20094 -0.6616 -0.078194 
343 4.40296 -0.857575 0.44616 3.4452 -0.297875 -0.124499 
344 3.25526 -0.325141 0.363741 3.676 0.00879051 -0.170509 
345 5.12001 -0.292849 1.53439 3.92333 0.410139 -0.218602 
346 6.65527 -0.260401 1.56867 4.1872 0.895618 -0.267597 
347 7.65466 0.393712 1.74039 4.43586 1.44198 -0.319027 
348 8.02308 2.26711 2.32605 4.77483 2.23224 -0.428732 
349 10.3952 2.12533 1.20862 4.98249 2.93494 -0.482549 
350 11.6413 2.16712 -0.304126 5.20316 3.4342 -0.476153 
351 10.3121 2.32914 -0.800332 5.4417 3.83123 -0.464537 
352 14.964 15.3632 -11.0239 11.064 -0.526511 0.0774331 
353 5.21929 0.944128 -1.49384 10.3166 0.0176653 0.064059 
354 2.59337 1.46368 0.213501 9.64585 0.404963 0.0451832 
355 0.577671 2.00056 0.337111 9.04791 0.652303 0.0281846 
356 -0.94027 2.44569 0.227077 8.51693 0.789214 0.0143569 
357 -3.26682 -0.296542 1.00131 7.47815 3.9365 -0.506839 
358 -97.3463 130.94 143.921 2.34814 5.60153 -5.36416 
359 -17.7613 28.4182 -68.9864 0.0320572 2.10814 -3.41385 
360 -20.02 31.4786 -62.3916 -2.5524 -1.62443 -1.38859 
361 -25.2888 35.8259 -51.7294 -4.94235 -3.47395 -1.01332 
362 -33.0974 45.4122 -31.5166 -7.60334 -5.14039 -0.918189 
363 36.0862 4.09919 61.7198 -7.92187 -5.4846 -0.6532 
364 21.165 1.70169 -13.1085 -8.43739 -4.65174 -0.576124 
365 23.2397 2.15113 -2.01621 -8.80658 -3.6992 -0.546819 
366 23.5043 2.07115 -0.934044 -9.19962 -2.76562 -0.509424 
367 24.1019 0.494144 0.473177 -10.258 -2.26481 -0.531411 
368 23.8734 1.61765 -0.305781 -10.7043 -1.40059 -0.51997 
369 23.9774 1.31995 -0.989596 -11.1875 -0.568438 -0.48418 
370 30.646 -46.3078 34.4276 -9.00002 0.591794 0.291139 
371 22.3586 -28.3939 -12.0777 -7.98709 1.25457 0.346337 
372 23.8903 -30.5316 -5.98695 -6.89169 1.95508 0.397704 
373 24.3957 -31.6524 -5.1415 -5.78761 2.62609 0.447903 
374 24.7396 -32.2957 -4.9334 -4.69439 3.60916 0.444005 
375 25.2142 -32.9691 -2.47771 -3.5986 5.22125 0.310784 
376 25.6275 -32.8202 -1.21576 -2.55527 6.97231 0.158782 
377 25.9214 -32.2935 -0.548723 -1.58621 8.82476 0.0116419 
378 -40.576 -51.4931 31.8216 0.386379 7.14059 -0.0837844 
379 -13.633 -36.6994 -10.9291 1.47197 6.37814 -0.0604261 
380 -45.4938 -4.37918 5.95844 0.865588 2.56303 -0.908411 
381 -32.4057 -20.5409 -14.739 1.08486 -0.490963 -0.595663 
382 -34.0412 -20.3975 -0.675428 1.43583 -2.82669 0.568325 
383 -28.419 -23.6147 -5.63066 2.30721 -4.43885 0.528506 
384 -20.7836 -17.865 -1.40029 3.03564 -5.56372 0.422366 
385 -15.1208 -13.4438 -1.56053 3.66274 -6.32422 0.283834 
386 -8.7564 -6.749 -2.8628 4.61465 -6.70394 0.122105 
387 -17.3113 12.5752 5.13952 4.87548 -7.5122 -0.0491918 
388 -9.54779 8.41591 -1.2367 5.34127 -7.91266 -0.181456 
389 -8.35876 16.407 3.64051 6.06461 -8.28988 -0.288553 
390 18.9329 49.092 15.7749 4.10202 -6.64827 -0.944429 
391 18.0477 35.7223 -4.5957 2.65946 -4.98771 -2.83453 
392 16.6167 34.624 -2.46692 1.6397 -3.7158 -1.47501 
393 15.7095 30.1512 -1.9798 0.739313 -2.4922 -0.832982 
394 14.6489 27.2972 2.80944 0.443532 -0.683822 -0.00733872 
395 13.4834 22.1293 -0.988914 -0.153539 0.248465 0.326431 
396 12.2041 18.5209 -1.65863 -0.723189 0.929481 0.0854135 
397 9.99161 16.4175 -1.33268 -1.13084 1.55361 0.100008 
398 7.29438 14.5781 -1.75165 -1.46663 1.94855 0.108305 
399 2.11331 9.40631 0.12515 -1.5489 2.00911 0.0588183 
400 0.171094 7.11028 -0.630346 -1.53547 1.97936 0.0646523 
401 -0.753581 5.89024 -0.392063 -1.48055 1.89957 0.0730125 
402 -0.82813 5.55811 -0.105018 -1.43086 1.81498 0.0788366 
403 42.154 -27.4383 -0.22468 -6.58099 -1.04167 0.072258 
404 34.2323 -64.4904 9.15194 -6.87301 4.70764 0.497469 
405 20.9606 -31.6175 -37.0748 -4.30198 9.65531 0.943331 
406 20.7747 -26.9855 -42.484 -1.98896 12.9569 1.23366 
407 -67.312 26.7125 76.3879 -2.52008 2.91069 2.08579 
408 -46.2315 37.8934 -6.30963 2.37856 1.94033 1.19763 
409 -43.7507 32.0833 -4.99684 3.09506 -0.354816 0.0046801 
410 -41.1279 25.546 -11.0664 1.9242 -2.54253 -0.00553537 
411 -40.1664 22.9565 -11.5183 0.884609 -4.6993 -0.00203868 
412 11.512 40.2769 11.9784 -1.11375 -4.08419 0.022719 
413 18.744 13.3935 4.64039 -1.64075 -3.11432 0.0178239 
414 12.1509 10.3739 -2.27814 -2.03951 -2.52319 0.0206208 
415 9.43573 8.92466 -0.749489 -2.3737 -2.0881 0.0244867 
416 7.83276 6.97771 0.0241819 -2.61482 -1.74947 0.0285043 
417 6.7739 4.92644 0.296215 -2.75737 -1.47732 0.0322177 
418 6.87555 3.45653 1.28202 -2.83984 -1.02833 0.0793723 
419 6.87508 1.80417 0.340535 -3.136 -0.54774 0.130561 
420 5.27179 1.07311 0.215247 -3.40651 -0.1489 0.177515 
421 6.01815 -0.136663 1.30875 -3.78491 0.499335 0.282344 
422 9.23889 0.063241 1.66169 -4.0406 1.10154 0.332114 
423 9.61466 -2.06176 2.56908 -4.20185 1.74514 0.389574 
424 10.3204 -2.23134 1.36771 -4.37511 2.42476 0.445706 
425 10.6066 -2.27967 1.02097 -4.56888 3.13181 0.505032 
426 12.3221 -2.34709 -0.264872 -4.7727 3.65504 0.499109 
427 9.76394 -2.54987 -0.784867 -4.99043 4.01695 0.48931 
428 12.5416 -14.4045 -10.568 -10.1817 0.0445512 -0.0386807 
429 4.04995 -1.11707 -1.39146 -9.45467 0.469957 -0.0274942 
430 1.65924 -1.68156 0.179485 -8.79576 0.754748 -0.0120873 
431 -0.131152 -2.15815 0.309255 -8.20515 0.917193 0.000882322 
432 -1.43255 -2.55206 0.220945 -7.6774 0.985707 0.0106116 
433 -3.33952 -0.386067 0.495343 -6.88096 3.76364 0.496387 
434 0.213836 -2.51431 -0.109299 -7.01061 3.60404 0.460015 
435 -76.3952 -98.74 76.7364 -1.69657 1.9391 1.2291 
436 -21.1206 -30.16 -61.8947 0.378333 -0.805201 0.675308 
437 -1.12844 -20.723 -19.6925 1.71524 -2.12138 0.695569 
438 1.44741 -20.3616 -4.15244 2.94801 -2.21033 0.511279 
439 8.79144 -13.7694 -2.9008 4.31662 -2.22871 0.229584 
440 12.2156 -11.9108 -1.57789 5.09266 -1.81715 0.0614325 
441 16.1607 -11.5861 -0.499552 5.86932 -1.21652 -0.0708685 
442 16.2324 -8.39245 -1.93511 6.50246 -0.642213 -0.187691 
443 17.1315 -7.66081 -1.22707 7.12784 -0.046477 -0.291226 
444 17.7275 -7.02224 -1.30656 7.75756 0.549964 -0.385483 
445 18.1409 -6.47709 -1.57938 8.40348 1.13434 -0.471256 
446 18.4906 -5.95527 -1.91929 9.07182 1.70158 -0.548767 
447 22.6506 -2.13442 -4.3707 9.60608 2.45 -0.547989 
448 25.0208 -0.255239 -4.28976 10.1074 3.28016 -0.501334 
449 2.14543 32.5181 42.8034 8.92445 2.91091 -0.262529 
450 1.35961 22.658 -10.9416 8.28674 2.98285 -0.23749 
451 1.37666 24.9798 1.05725 7.56102 3.28917 -0.150877 
452 -28.1463 46.7696 19.5921 5.69735 2.13299 -0.0421182 
453 -6.21181 39.1779 -6.649 4.32419 2.2605 0.0800028 
454 -0.729362 41.0384 -0.585896 2.90049 2.75538 0.199221 
455 3.15836 38.951 -1.0928 1.67461 2.86368 0.160243 
456 -6.61138 36.3094 -9.58286 0.697756 0.751582 -0.216588 
457 -17.6667 32.6359 -6.43374 -0.197958 -1.45334 -0.483735 
458 -22.4859 29.4598 -2.58123 -1.17863 -2.8852 -0.525917 
459 -21.7049 24.3313 -2.05288 -2.0751 -4.16513 -0.487239 
460 -22.7804 22.4291 1.08542 -2.50421 -6.18339 -0.464419 
461 -15.8309 10.7028 -4.57266 -4.05675 -6.87066 -0.279211 
462 -8.38502 4.52826 -4.12126 -5.22561 -7.142 -0.0945251 
463 -6.20365 5.43461 -0.952434 -6.40427 -7.29618 0.0789953 
464 9.33528 -48.4491 19.9706 -4.63782 -6.59272 0.32884 
465 2.52918 -32.1998 -5.65939 -3.64926 -6.19224 1.12984 
466 3.17456 -33.4772 -0.0484142 -2.44698 -5.41677 2.20284 
467 7.93542 -29.687 -1.08397 -1.54483 -4.42675 2.1157 
468 8.72076 -27.0664 -0.518087 -0.916434 -3.55931 0.703623 
469 9.47529 -22.428 -0.323906 -0.371954 -2.72508 0.291552 
470 9.36703 -18.7 -0.0462799 0.0395026 -1.85305 0.188759 
471 8.79318 -15.5097 0.149498 0.348445 -1.0489 0.199511 
472 8.02252 -13.0303 0.272711 0.545785 -0.340946 0.1415 
473 7.11502 -10.9514 0.321004 0.661602 0.273328 0.0830805 
474 6.21565 -9.25639 0.306735 0.715192 0.786486 0.0274974 
475 6.04527 -7.80021 0.0704604 0.713185 1.04592 -0.0113459 
476 5.42456 -7.13374 -0.381339 0.696572 1.14064 -0.0327756 
477 3.53069 -7.0456 -0.363873 0.703513 1.3922 -0.0548816 
478 2.15514 -6.5982 -0.485746 0.708344 1.52235 -0.0731942 
479 3.5305 -2.50859 0.886549 0.510052 1.6557 -0.0753876 
480 45.1919 52.1404 10.4656 4.28883 -0.361403 -0.0438958 
481 31.2629 51.52 -2.80227 5.41218 5.72379 -0.823308 
482 23.5159 29.3978 -28.005 2.89367 10.9875 -1.5944 
483 20.2796 23.0965 -39.0414 0.74313 15.5813 -2.20299 
484 -72.9326 -55.8156 92.1977 -3.75729 4.12833 0.0259266 
485 -36.9811 -38.4589 -24.3742 -4.46001 2.19798 0.0172638 
486 -39.986 -32.7063 -14.8118 -2.91845 0.0966801 0.0144644 
487 -40.3591 -30.8566 -12.826 -1.47798 -2.0305 0.0147747 
488 -39.7843 -27.0872 -11.5014 -0.232954 -4.13803 0.00652991 
489 -37.5858 -23.2866 -10.8895 0.815671 -6.16444 0.0067937 
490 19.287 -42.627 15.5319 2.95354 -5.13071 -0.0669048 
491 5.34911 -27.243 -7.38015 4.24981 -4.9097 -0.0704252 
492 23.1444 -5.08659 16.8332 4.37009 -3.74128 -0.0650281 
493 16.7793 -5.47474 -4.18091 4.55128 -2.92699 -0.0630067 
494 12.5911 -3.36582 -1.01084 4.63767 -2.34928 -0.0646572 
495 9.55109 -1.89537 -0.421123 4.66477 -1.94398 -0.0642187 
496 6.90589 -0.561044 0.0786591 4.63837 -1.68447 -0.0594398 
497 7.06682 -0.320496 1.40033 4.62031 -1.42661 -0.0590987 
498 6.93556 -0.478249 1.31112 4.62918 -1.18212 -0.0603751 
499 7.44376 0.00307802 1.77404 4.72346 -0.774554 -0.0953675 
500 7.70681 1.95867 2.18785 4.84916 -0.329167 -0.135788 
501 9.6509 1.91995 1.08218 4.99587 0.205739 -0.171211 
502 10.1802 1.95279 0.864428 5.16148 0.76515 -0.208168 
503 9.46555 2.06423 0.727244 5.34248 1.13078 -0.224422 
504 8.57346 2.15452 0.572141 5.54191 1.45546 -0.241509 
505 24.0311 15.6655 -3.03368 11.6872 -0.252918 -0.207219 
506 19.3142 5.73775 -6.19834 12.9537 0.867434 -0.215753 
507 13.8732 1.50251 -0.160723 12.2728 1.68853 -0.247078 
508 10.4466 1.74063 0.349053 11.592 2.2967 -0.275165 
509 -6.80284 -7.70496 7.0904 7.08872 3.78139 -0.408662 
510 -2.99067 2.93111 -0.166738 7.50117 3.26312 -0.347679 
511 -3.29919 3.14828 -1.47603 7.94749 2.74239 -0.288177 
512 -4.30432 3.36631 -1.80408 8.42273 2.1849 -0.228753 
513 -5.3736 4.39388 -1.59393 8.88777 1.58357 -0.167935 
514 20.2694 58.2513 12.8571 6.46324 2.39481 0.0441407 
515 5.43547 40.6371 -8.73631 5.04982 2.39812 -0.13664 
516 0.870379 38.4603 -5.94542 3.75381 2.29638 -0.0615584 
517 -24.4933 61.1831 4.64498 1.05277 1.59546 -2.03158 
518 -9.98374 39.8349 -14.8683 -1.10255 0.574417 -1.50831 
519 -8.2453 31.4624 -6.91617 -2.72432 0.231235 -1.0634 
520 -5.73801 24.5285 -4.34802 -3.81626 0.0499035 0.017965 
521 -3.95065 16.6442 -2.86349 -4.65053 -0.0898395 0.024511 
522 -3.23701 11.9273 -1.41893 -5.23295 -0.201167 0.0216345 
523 -3.1513 8.9233 -0.44452 -5.6601 -0.318511 0.0176946 
524 -2.62757 6.33691 -0.0650015 -5.96094 -0.417 0.0110914 
525 -1.84423 4.1602 0.186611 -6.16164 -0.482727 0.00150431 
526 -0.563557 3.15744 0.609813 -6.33033 -0.488051 -0.0117233 
527 0.888028 3.02386 0.886012 -6.51647 -0.424334 -0.0277962 
528 1.93029 2.83975 0.823155 -6.72462 -0.310793 -0.0451078 
529 2.31991 2.62281 0.707646 -6.95625 -0.192505 -0.0531518 
530 1.32942 0.748529 0.483904 -7.94047 -0.160384 -0.0363846 
531 1.78332 1.97845 0.57359 -8.20721 -0.0767626 -0.0415037 
532 1.57257 1.51324 0.546503 -8.55649 -0.0791521 -0.0263904 
533 -0.589851 1.23123 0.392047 -8.81928 -0.203301 0.036478 
534 -0.964898 1.00559 1.65632 -8.97941 -0.0648903 0.0165302 
535 -0.31007 0.78417 2.21422 -9.06211 -0.025275 0.00070074 
536 0.134073 0.526978 1.86646 -9.08676 -0.0651494 0.000856238 
537 0.387447 0.243017 2.48778 -9.03461 -0.0922334 0.00067597 
538 0.724192 0.892752 0.392773 -8.55081 -0.101661 0.00102337 
539 20.3467 -33.5306 14.9681 -6.23764 0.964357 0.00806171 
540 7.306 -20.0124 -5.50225 -4.7439 1.30851 -0.00471599 
541 -10.3324 -29.5188 1.65443 -2.75721 0.697626 -0.0133748 
542 -3.70239 -21.0132 -5.10097 -1.27771 0.469021 -0.0166364 
543 -2.69979 -16.7052 -3.53647 -0.0525946 0.29002 -0.0192199 
544 -1.81943 -12.3159 -2.86577 0.915712 0.158938 -0.0211271 
545 -1.10158 -8.13422 -2.31593 1.64321 0.0666607 -0.0228465 
546 -1.31654 -4.96644 -1.55531 2.18919 -0.0383732 -0.0240938 
547 -2.21291 -2.82874 -0.901504 2.61185 -0.193358 -0.0234444 
548 -2.19967 -1.56052 -0.416612 2.96092 -0.348001 -0.0202809 
549 -1.16476 -1.74513 0.236001 3.31843 -0.448045 -0.0192579 
550 -0.254638 -1.90282 0.19537 3.68364 -0.501067 -0.0183352 
551 0.487029 -2.04221 0.0580121 4.05804 -0.516194 -0.0176245 
552 1.06224 -2.16607 -0.0782231 4.44325 -0.502319 -0.0172235 
553 1.48496 -2.27552 -0.201963 4.84095 -0.467503 -0.0172039 
554 19.168 37.5253 12.9644 3.10306 0.564787 -0.0589741 
555 6.38777 19.0956 -5.947 2.3462 0.857096 -0.0634339 
556 4.99924 2.71881 -9.74569 -2.71848 0.914025 -0.438274 
557 3.87422 17.5494 0.142136 -3.1866 1.09445 -0.160431 
558 2.10345 13.8796 -0.959755 -3.32144 1.18059 -0.0831693 
559 -0.453209 10.8382 -0.637033 -3.34311 1.14287 -0.069754 
560 -4.8823 12.4666 2.67581 0.392437 0.94342 -0.00627082 
561 -4.30292 7.75131 1.97133 0.155591 0.752515 -0.0348088 
562 -4.16211 6.76807 -0.00670384 -0.0390641 0.509887 -0.0298972 
563 -3.77488 6.04833 -0.181577 -0.200763 0.290136 -0.0254739 
564 -3.26395 5.3954 -0.163859 -0.333025 0.0988059 -0.0215725 
565 -2.69045 4.78104 -0.131413 -0.437984 -0.0614973 -0.0182352 
566 -2.09817 4.20095 -0.102525 -0.517474 -0.190321 -0.0154824 
567 -1.51894 3.65614 -0.0776337 -0.573334 -0.28879 -0.0132985 
568 -0.975065 3.1498 -0.0557327 -0.607501 -0.359113 -0.0116415 
569 -0.481214 2.68574 -0.036145 -0.622084 -0.404182 -0.0104532 
570 -0.046019 2.26776 -0.0185515 -0.619341 -0.427271 -0.0096676 
571 0.326578 1.89912 -0.00287677 -0.60163 -0.431788 -0.00921744 
572 0.636014 1.58166 0.0107857 -0.571419 -0.421116 -0.00903838 
573 0.884264 1.31604 0.022314 -0.531191 -0.398482 -0.00907172 
574 1.07675 1.10222 0.0316719 -0.483364 -0.367 -0.00912291 
575 1.21824 0.937888 0.0386863 -0.430274 -0.329322 -0.00910173 
576 1.3119 0.819439 0.0433114 -0.374036 -0.287592 -0.00914346 
577 2.24917 -1.1444 0.655333 -0.212949 -0.195117 -0.00761886 
578 1.9322 -0.249423 -0.0472457 -0.103922 -0.121184 -0.00893036 
579 1.64722 0.423421 -0.0966195 -0.0327927 -0.0627582 -0.00975156 
580 1.38002 0.909282 -0.0843245 0.0108904 -0.0187714 -0.0102397 
581 7.8108 -23.7964 -0.433062 -3.2665 0.271379 -0.0326687 
582 6.79235 -8.69788 -0.918515 -2.30248 0.612524 -0.0284774 
583 4.63359 -3.77397 -0.503118 -1.62886 0.851697 -0.0290057 
584 2.7604 -0.385319 -0.323025 -1.1829 0.991379 -0.0282693 
585 -1.19019 16.093 1.81011 1.45823 0.988949 -0.0214722 
586 -2.85377 8.51231 0.0589339 1.06486 0.821043 -0.0208303 
587 -3.18655 7.64144 -0.183155 0.717806 0.637696 -0.0190191 
588 -3.27171 6.80459 -0.176881 0.416843 0.451804 -0.0158924 
589 -3.15437 5.98668 -0.145297 0.159987 0.273012 -0.0146482 
590 -2.89658 5.19161 -0.114188 -0.0545677 0.10885 -0.0123252 
591 -3.19862 3.38243 0.336313 -0.17161 -0.0716336 -0.00695846 
592 -2.42251 3.00696 0.0130221 -0.26451 -0.211209 -0.0056429 
593 -0.219454 0.782114 0.478514 -0.244715 -0.231764 -0.00393239 
594 0.283425 0.624561 0.023835 -0.218409 -0.22681 -0.00368458 
595 0.585606 0.526379 -0.0234075 -0.187759 -0.206342 -0.00353578 
596 0.74529 0.490946 -0.0323456 -0.156089 -0.177948 -0.00357443 
597 0.806026 0.4988 -0.0342236 -0.125789 -0.146836 -0.00363139 
598 0.802282 0.539575 -0.0334466 -0.0980845 -0.11637 -0.00368122 
599 0.758417 0.595613 -0.030583 -0.074002 -0.0886099 -0.00371163 
600 0.69344 0.660478 -0.0270316 -0.0537159 -0.0646028 -0.00371687 
601 0.619669 0.723341 -0.0228889 -0.0373503 -0.0447481 -0.00369548 
602 0.546735 0.785443 -0.0192939 -0.0243653 -0.0289407 -0.00364891 
603 0.479063 0.839155 -0.0157262 -0.0145638 -0.0168509 -0.00357994 
604 0.419765 0.884131 -0.0126348 -0.00744289 -0.00799309 -0.00349248 
605 0.370572 0.923324 -0.0103563 -0.00236854 -0.00179673 -0.00339067 
606 0.330714 0.952682 -0.00827 0.00091104 0.00226309 -0.00327836 
607 0.299742 0.974068 -0.0066669 0.00283923 0.00466687 -0.00315894 
608 0.272459 0.960178 -0.00287944 0.00250084 0.00560856 -0.00303499 
609 0.256036 0.957753 -0.00274409 0.00229615 0.00568594 -0.00291277 
610 0.246663 0.957609 -0.00281447 0.00210506 0.00527715 -0.00279314 
611 0.241862 0.958183 -0.00287902 0.00188884 0.00462611 -0.00267683 
612 0.239974 0.958751 -0.00294731 0.00164734 0.00388704 -0.00256434 
613 0.239879 0.959042 -0.00302725 0.0013948 0.00315391 -0.00245598 
614 0.240825 0.959005 -0.00311813 0.00114806 0.0024803 -0.0023519 
615 0.242307 0.958699 -0.00321488 0.00092089 0.00189298 -0.00225212 
616 0.243997 0.958208 -0.00331193 0.000722486 0.00140134 -0.00215656 
617 0.245685 0.957625 -0.00340421 0.000557254 0.00100387 -0.00206511 
618 0.24725 0.957018 -0.00348828 0.000425956 0.000692762 -0.00197759 
619 0.248626 0.956444 -0.00356189 0.000326493 0.000456947 -0.00189382 
620 0.249787 0.955932 -0.00362428 0.00025524 0.000284215 -0.00181361 
621 0.250732 0.955502 -0.00367542 0.000207592 0.000162506 -0.00173676 
622 0.251477 0.955156 -0.00371617 0.000178902 8.07337e-05 -0.0016631 
623 0.252045 0.954894 -0.00374757 0.000164609 2.91786e-05 -0.00159244 
624 0.252464 0.954704 -0.00377109 0.0001608 -3.19899e-07 -0.00152464 
625 0.252759 0.954579 -0.00378798 0.000164036 -1.44023e-05 -0.00145954 
626 0.252959 0.954503 -0.0037997 0.000171686 -1.82689e-05 -0.00139702 
627 0.253084 0.954468 -0.00380732 0.000181597 -1.5881e-05 -0.00133694 
628 0.253156 0.954461 -0.00381197 0.000192326 -1.01225e-05 -0.0012792 
629 0.253188 0.954475 -0.0038144 0.000202751 -3.02689e-06 -0.00122369 
630 0.253196 0.954502 -0.00381541 0.000212286 4.07198e-06 -0.00117033 
631 0.253176 0.95447 -0.00381606 0.000221883 9.08178e-06 -0.00112895 
632 0.253159 0.954483 -0.003817 0.000231437 1.29438e-05 -0.0010892 
633 0.253144 0.954517 -0.00381671 0.000239857 1.57474e-05 -0.00105086 
634 0.253129 0.954559 -0.00381582 0.000246783 1.75344e-05 -0.00101388 
635 0.253115 0.954605 -0.00381461 0.000252051 1.83442e-05 -0.000978214 
636 0.253102 0.954647 -0.00381346 0.000255837 1.82649e-05 -0.000943814 
637 0.253092 0.954688 -0.00381236 0.000258258 1.7399e-05 -0.000910636 
638 0.253083 0.954724 -0.00381152 0.000259614 1.5884e-05 -0.000878636 
639 0.253077 0.954756 -0.00381082 0.000260053 1.3848e-05 -0.000847774 
640 0.253073 0.954784 -0.00381039 0.000259856 1.14308e-05 -0.00081801 
641 0.253072 0.95481 -0.00381006 0.000259124 8.74441e-06 -0.000789305 
642 0.253073 0.954832 -0.00380995 0.000258081 5.90084e-06 -0.000761623 
643 0.253075 0.954853 -0.00380989 0.000256769 2.97751e-06 -0.000734927 
644 0.253079 0.95487 -0.00380999 0.000255356 4.98645e-08 -0.000709184 
645 0.253083 0.954888 -0.00381011 0.00025385 -2.83734e-06 -0.000684358 
646 0.253088 0.954904 -0.00381028 0.000252313 -5.65009e-06 -0.000660419 
647 0.253094 0.954919 -0.00381053 0.000250829 -8.35751e-06 -0.000637334 
648 0.2531 0.954935 -0.00381073 0.000249345 -1.09546e-05 -0.000615073 
649 0.253107 0.954949 -0.00381101 0.000247951 -1.34277e-05 -0.000593608 
650 0.253113 0.954964 -0.00381122 0.000246578 -1.57845e-05 -0.000572908 
651 0.253119 0.954978 -0.0038115 0.000245306 -1.80206e-05 -0.000552948 
652 0.253126 0.954993 -0.0038117 0.000244058 -2.01499e-05 -0.000533701 
653 0.253132 0.955007 -0.00381196 0.000242908 -2.21713e-05 -0.000515141 
654 0.253138 0.955022 -0.00381215 0.000241775 -2.41007e-05 -0.000497244 
655 0.253144 0.955036 -0.0038124 0.000240733 -2.59375e-05 -0.000479986 
656 0.25315 0.955051 -0.00381257 0.000239701 -2.76969e-05 -0.000463344 
657 0.253156 0.955065 -0.0038128 0.000238751 -2.93774e-05 -0.000447296 
658 0.253161 0.955081 -0.00381296 0.000237803 -3.0993e-05 -0.000431822 
659 0.253167 0.955095 -0.00381318 0.000236931 -3.25406e-05 -0.0004169 
660 0.253173 0.95511 -0.00381333 0.000236056 -3.40327e-05 -0.00040251 
661 0.253178 0.955124 -0.00381354 0.000235251 -3.54651e-05 -0.000388635 
662 0.253184 0.95514 -0.00381368 0.000234439 -3.6849e-05 -0.000375255 
663 0.253189 0.955154 -0.00381389 0.000233693 -3.81792e-05 -0.000362353 
664 0.253195 0.95517 -0.00381402 0.000232937 -3.94661e-05 -0.000349911 
665 0.2532 0.955184 -0.00381423 0.000232245 -4.07036e-05 -0.000337914 
666 0.253205 0.955199 -0.00381436 0.00023154 -4.19019e-05 -0.000326345 
667 0.253211 0.955214 -0.00381455 0.000230897 -4.30543e-05 -0.000315189 
668 0.253216 0.955229 -0.00381468 0.000230239 -4.41704e-05 -0.000304432 
669 0.253222 0.955243 -0.00381488 0.000229642 -4.52437e-05 -0.000294059 
670 0.253227 0.955259 -0.003815 0.000229028 -4.62835e-05 -0.000284056 
671 0.253233 0.955273 -0.00381519 0.000228473 -4.72829e-05 -0.00027441 
672 0.253238 0.955289 -0.00381532 0.000227901 -4.82513e-05 -0.000265108 
673 0.253243 0.955303 -0.00381551 0.000227385 -4.91818e-05 -0.00025614 
674 0.253249 0.955319 -0.00381563 0.000226851 -5.00834e-05 -0.00024749 
675 0.253254 0.955333 -0.00381581 0.000226374 -5.09494e-05 -0.000239151 
676 0.253259 0.955348 -0.00381593 0.000225876 -5.17888e-05 -0.000231108 
677 0.253265 0.955363 -0.00381612 0.000225433 -5.25945e-05 -0.000223354 
678 0.25327 0.955378 -0.00381623 0.000224969 -5.33757e-05 -0.000215875 
679 0.253276 0.955392 -0.00381642 0.000224558 -5.41253e-05 -0.000208665 
680 0.253281 0.955408 -0.00381653 0.000224125 -5.48524e-05 -0.000201711 
681 0.253286 0.955422 -0.00381671 0.000223745 -5.55497e-05 -0.000195006 
682 0.253292 0.955438 -0.00381683 0.000223341 -5.62263e-05 -0.00018854 
683 0.253297 0.955452 -0.00381701 0.000222989 -5.6875e-05 -0.000182306 
684 0.253302 0.955468 -0.00381712 0.000222613 -5.75046e-05 -0.000176293 
685 0.253308 0.955482 -0.00381729 0.000222287 -5.8108e-05 -0.000170496 
686 0.253313 0.955497 -0.0038174 0.000221936 -5.86939e-05 -0.000164906 
687 0.253318 0.955512 -0.00381758 0.000221634 -5.92551e-05 -0.000159515 
688 0.253324 0.955527 -0.00381769 0.000221306 -5.98004e-05 -0.000154317 
689 0.253329 0.955542 -0.00381786 0.000221027 -6.03224e-05 -0.000149305 
690 0.253334 0.955557 -0.00381797 0.000220721 -6.08299e-05 -0.000144471 
691 0.25334 0.955571 -0.00381814 0.000220464 -6.13154e-05 -0.000139811 
692 0.253345 0.955587 -0.00381825 0.000220178 -6.17877e-05 -0.000135316 
693 0.25335 0.955601 -0.00381842 0.00021994 -6.22393e-05 -0.000130983 
694 0.253355 0.955617 -0.00381853 0.000219673 -6.26788e-05 -0.000126804 
695 0.253361 0.955631 -0.0038187 0.000219453 -6.30988e-05 -0.000122774 
696 0.253366 0.955647 -0.0038188 0.000219204 -6.35079e-05 -0.000118888 
697 0.253371 0.955661 -0.00381897 0.000219001 -6.38985e-05 -0.000115141 
698 0.243126 1.01227 -0.000899102 -0.00283296 -0.00062567 -0.00010382 
699 0.251699 0.954396 -0.0036673 -0.00278678 -0.000721205 -9.92604e-05 
700 0.2534 0.949922 -0.00404232 -0.0025093 -0.000727353 -9.62479e-05 
701 0.25375 0.949914 -0.0040606 -0.00223968 -0.000717381 -9.3488e-05 
702 0.253898 0.95026 -0.00404278 -0.00199606 -0.000702153 -9.08405e-05 
703 0.254007 0.950599 -0.00402284 -0.00177731 -0.000683722 -8.82875e-05 
704 0.254097 0.950907 -0.00400399 -0.00158102 -0.000662979 -8.5823e-05 
705 0.254174 0.951182 -0.0039866 -0.00140475 -0.000640559 -8.34437e-05 
706 0.254239 0.95143 -0.00397054 -0.00124646 -0.000616999 -8.11456e-05 
707 0.254295 0.951651 -0.00395585 -0.00110421 -0.000592728 -7.89258e-05 
708 0.254342 0.951851 -0.00394234 -0.00097635 -0.000568117 -7.6781e-05 
709 0.254382 0.95203 -0.00393005 -0.000861339 -0.000543456 -7.47087e-05 
710 0.254415 0.952192 -0.00391879 -0.000757888 -0.000518995 -7.27059e-05 
711 0.254443 0.952337 -0.00390857 -0.000664744 -0.000494919 -7.07704e-05 
712 0.254467 0.952469 -0.00389922 -0.000580894 -0.000471391 -6.88994e-05 
713 0.254486 0.952588 -0.00389078 -0.000505327 -0.000448524 -6.7091e-05 
714 0.254503 0.952696 -0.00388305 -0.000437246 -0.000426415 -6.53428e-05 
715 0.254516 0.952794 -0.00387609 -0.000375832 -0.000405125 -6.36531e-05 
716 0.254528 0.952883 -0.00386975 -0.000320444 -0.000384705 -6.20196e-05 
717 0.254537 0.952965 -0.00386399 -0.000270473 -0.000365186 -6.04404e-05 
718 0.254545 0.953039 -0.00385882 -0.00022533 -0.000346576 -5.89141e-05 
719 0.254551 0.953107 -0.00385408 -0.00018458 -0.000328888 -5.74385e-05 
720 0.254556 0.953169 -0.00384984 -0.000147732 -0.000312108 -5.60123e-05 
721 0.254561 0.953228 -0.00384596 -0.000114446 -0.000296232 -5.46336e-05 
722 0.254564 0.95328 -0.00384249 -8.4317e-05 -0.000281232 -5.33012e-05 
723 0.254567 0.95333 -0.00383931 -5.70832e-05 -0.000267093 -5.20133e-05 
724 0.25457 0.953375 -0.00383648 -3.2407e-05 -0.000253779 -5.07687e-05 
725 0.254572 0.953418 -0.00383388 -1.00885e-05 -0.000241269 -4.95657e-05 
726 0.254574 0.953457 -0.00383158 1.01549e-05 -0.000229521 -4.84034e-05 
727 0.254576 0.953495 -0.00382945 2.84742e-05 -0.000218513 -4.72801e-05 
728 0.254578 0.953529 -0.00382758 4.51078e-05 -0.0002082 -4.61949e-05 
729 0.25458 0.953563 -0.00382584 6.01673e-05 -0.000198558 -4.51462e-05 
730 0.254582 0.953593 -0.00382432 7.38562e-05 -0.000189545 -4.41331e-05 
731 0.254583 0.953623 -0.0038229 8.62542e-05 -0.000181134 -4.31542e-05 
732 0.254585 0.953651 -0.00382167 9.75366e-05 -0.000173285 -4.22088e-05 
733 0.254587 0.953678 -0.00382052 0.000107758 -0.000165975 -4.12953e-05 
734 0.254589 0.953703 -0.00381953 0.00011707 -0.000159163 -4.04131e-05 
735 0.254591 0.953728 -0.00381859 0.000125508 -0.000152829 -3.95609e-05 
736 0.254593 0.953751 -0.0038178 0.000133206 -0.000146935 -3.8738e-05 
737 0.254596 0.953774 -0.00381704 0.00014018 -0.000141462 -3.7943e-05 
738 0.254598 0.953795 -0.00381641 0.000146551 -0.000136375 -3.71756e-05 
739 0.254601 0.953817 -0.0038158 0.000152323 -0.000131657 -3.64342e-05 
740 0.254603 0.953837 -0.0038153 0.000157603 -0.000127277 -3.57186e-05 
741 0.254606 0.953858 -0.0038148 0.000162384 -0.00012322 -3.50274e-05 
742 0.254609 0.953877 -0.00381442 0.000166765 -0.000119457 -3.43602e-05 
743 0.254612 0.953897 -0.00381402 0.00017073 -0.000115976 -3.37158e-05 
744 0.254615 0.953915 -0.00381373 0.00017437 -0.000112749 -3.3094e-05 
745 0.254619 0.953934 -0.00381342 0.000177661 -0.000109767 -3.24934e-05 
746 0.254622 0.953951 -0.00381319 0.000180688 -0.000107005 -3.19139e-05 
747 0.254626 0.953969 -0.00381295 0.000183422 -0.000104455 -3.13543e-05 
748 0.254629 0.953986 -0.00381279 0.000185942 -0.000102095 -3.08143e-05 
749 0.254633 0.954004 -0.0038126 0.000188216 -9.99191e-05 -3.02928e-05 
750 0.254637 0.95402 -0.00381249 0.000190316 -9.79056e-05 -2.97898e-05 
751 0.254641 0.954038 -0.00381236 0.000192207 -9.60511e-05 -2.9304e-05 
752 0.254645 0.954054 -0.00381229 0.000193959 -9.43359e-05 -2.88354e-05 
753 0.254649 0.954071 -0.00381219 0.000195532 -9.27579e-05 -2.83829e-05 
754 0.254653 0.954087 -0.00381216 0.000196995 -9.1299e-05 -2.79465e-05 
755 0.254657 0.954103 -0.00381209 0.000198306 -8.99583e-05 -2.75251e-05 
756 0.254662 0.954119 -0.00381209 0.000199528 -8.87191e-05 -2.71186e-05 
757 0.254666 0.954135 -0.00381205 0.00020062 -8.75818e-05 -2.67262e-05 
758 0.25467 0.954151 -0.00381207 0.000201642 -8.65306e-05 -2.63477e-05 
759 0.254675 0.954167 -0.00381205 0.000202551 -8.55672e-05 -2.59823e-05 
760 0.254679 0.954182 -0.0038121 0.000203408 -8.46768e-05 -2.56299e-05 
761 0.254684 0.954198 -0.0038121 0.000204164 -8.38619e-05 -2.52897e-05 
762 0.254689 0.954213 -0.00381216 0.000204882 -8.31087e-05 -2.49617e-05 
763 0.254693 0.954229 -0.00381217 0.000205512 -8.24204e-05 -2.46449e-05 
764 0.254698 0.954244 -0.00381225 0.000206115 -8.17842e-05 -2.43395e-05 
765 0.254703 0.95426 -0.00381228 0.000206639 -8.12038e-05 -2.40447e-05 
766 0.254708 0.954275 -0.00381236 0.000207145 -8.06671e-05 -2.37604e-05 
767 0.254712 0.954291 -0.0038124 0.000207581 -8.01786e-05 -2.34859e-05 
768 0.254717 0.954305 -0.0038125 0.000208006 -7.97264e-05 -2.32213e-05 
769 0.254722 0.954321 -0.00381255 0.000208369 -7.93159e-05 -2.29659e-05 
770 0.254727 0.954336 -0.00381265 0.000208726 -7.89356e-05 -2.27196e-05 
771 0.254732 0.954351 -0.00381271 0.000209027 -7.85912e-05 -2.24818e-05 
772 0.254737 0.954366 -0.00381282 0.000209329 -7.82719e-05 -2.22526e-05 
773 0.254742 0.954382 -0.00381288 0.000209578 -7.79836e-05 -2.20313e-05 
774 0.254747 0.954396 -0.003813 0.000209833 -7.77159e-05 -2.1818e-05 
775 0.254752 0.954412 -0.00381307 0.000210039 -7.7475e-05 -2.1612e-05 
776 0.254757 0.954426 -0.00381319 0.000210254 -7.7251e-05 -2.14135e-05 
777 0.254762 0.954442 -0.00381326 0.000210425 -7.70503e-05 -2.12218e-05 
778 0.254767 0.954456 -0.00381339 0.000210607 -7.68631e-05 -2.10371e-05 
779 0.254772 0.954472 -0.00381346 0.000210747 -7.66963e-05 -2.08587e-05 
780 0.254777 0.954486 -0.00381359 0.000210902 -7.65402e-05 -2.06868e-05 
781 0.254782 0.954502 -0.00381367 0.000211017 -7.6402e-05 -2.05208e-05 
782 0.254787 0.954516 -0.0038138 0.000211149 -7.62721e-05 -2.03608e-05 
783 0.254792 0.954532 -0.00381389 0.000211243 -7.61579e-05 -2.02063e-05 
784 0.254798 0.954546 -0.00381402 0.000211355 -7.60501e-05 -2.00575e-05 
785 0.254803 0.954561 -0.0038141 0.000211432 -7.59562e-05 -1.99137e-05 
786 0.254808 0.954576 -0.00381424 0.000211528 -7.58669e-05 -1.97751e-05 
787 0.254813 0.954591 -0.00381433 0.00021159 -7.57899e-05 -1.96413e-05 
788 0.254818 0.954606 -0.00381447 0.000211673 -7.57161e-05 -1.95124e-05 
789 0.254823 0.954621 -0.00381455 0.000211722 -7.56534e-05 -1.93879e-05 
790 0.254829 0.954635 -0.00381469 0.000211794 -7.55926e-05 -1.92679e-05 
791 0.254834 0.954651 -0.00381478 0.000211833 -7.55417e-05 -1.9152e-05 
792 0.254839 0.954665 -0.00381492 0.000211895 -7.54918e-05 -1.90403e-05 
793 0.254844 0.954681 -0.00381501 0.000211926 -7.54508e-05 -1.89324e-05 
794 0.254849 0.954695 -0.00381516 0.00021198 -7.541e-05 -1.88285e-05 
795 0.254855 0.95471 -0.00381525 0.000212004 -7.53773e-05 -1.87281e-05 
796 0.25486 0.954725 -0.00381539 0.000212051 -7.53439e-05 -1.86314e-05 
797 0.254865 0.95474 -0.00381549 0.000212083 -7.53156e-05 -1.85381e-05 
798 0.25487 0.954755 -0.0038156 0.000212097 -7.5293e-05 -1.84479e-05 
799 0.254875 0.954769 -0.00381574 0.000212137 -7.52686e-05 -1.8361e-05 
800 0.254881 0.954785 -0.00381583 0.000212148 -7.52509e-05 -1.82771e-05 
801 0.254886 0.954799 -0.00381598 0.000212183 -7.52311e-05 -1.81962e-05 
802 0.254891 0.954814 -0.00381607 0.00021219 -7.52176e-05 -1.81181e-05 
803 0.254896 0.954829 -0.00381622 0.000212223 -7.52017e-05 -1.80428e-05 
804 0.254902 0.954844 -0.00381631 0.000212226 -7.51916e-05 -1.79701e-05 
805 0.254907 0.954858 -0.00381646 0.000212256 -7.51788e-05 -1.79e-05 
806 0.254912 0.954874 -0.00381655 0.000212257 -7.51715e-05 -1.78323e-05 
807 0.254917 0.954888 -0.0038167 0.000212284 -7.51613e-05 -1.77671e-05 
808 0.254922 0.954903 -0.00381679 0.000212283 -7.51563e-05 -1.77039e-05 
809 0.254928 0.954918 -0.00381694 0.000212308 -7.51481e-05 -1.76432e-05 
810 0.254933 0.954933 -0.00381703 0.000212306 -7.51449e-05 -1.75844e-05 
811 0.254938 0.954947 -0.00381718 0.000212329 -7.51383e-05 -1.75279e-05 
812 0.254943 0.954963 -0.00381727 0.000212325 -7.51366e-05 -1.74731e-05 
813 0.254949 0.954977 -0.00381742 0.000212348 -7.51313e-05 -1.74205e-05 
814 0.254954 0.954993 -0.00381751 0.000212342 -7.51308e-05 -1.73695e-05 
815 0.254959 0.955007 -0.00381766 0.000212363 -7.51265e-05 -1.73204e-05 
816 0.254964 0.955022 -0.00381775 0.000212357 -7.51268e-05 -1.72729e-05 
817 0.25497 0.955037 -0.0038179 0.000212378 -7.51234e-05 -1.72272e-05 
818 0.254975 0.955052 -0.00381799 0.00021237 -7.51243e-05 -1.71829e-05 
819 0.25498 0.955066 -0.00381814 0.00021239 -7.51214e-05 -1.71403e-05 
820 0.254985 0.955082 -0.00381824 0.000212382 -7.51229e-05 -1.70991e-05 
821 0.254991 0.955096 -0.00381838 0.000212402 -7.51205e-05 -1.70594e-05 
822 0.254996 0.955111 -0.00381848 0.000212393 -7.51223e-05 -1.70209e-05 
823 0.255001 0.955126 -0.00381862 0.000212412 -7.51201e-05 -1.69839e-05 
824 0.255006 0.955141 -0.00381872 0.000212403 -7.51222e-05 -1.6948e-05 
825 0.255012 0.955155 -0.00381887 0.000212422 -7.51202e-05 -1.69135e-05 
826 0.255017 0.955171 -0.00381896 0.000212413 -7.51224e-05 -1.68801e-05 
827 0.255022 0.955185 -0.00381911 0.000212431 -7.51205e-05 -1.68479e-05 
828 0.255027 0.9552 -0.0038192 0.000212422 -7.51228e-05 -1.68167e-05 
829 0.255033 0.955215 -0.00381935 0.000212439 -7.51209e-05 -1.67867e-05 
