# record data: step_count | acceleration (x y z) | gyro (x y z)
0 0.0854122 -0.00056638 -2.84983e-05 -0 -0 0 
1 0.0846361 -0.00164629 -0.000357377 0.000106396 -0.000116505 -0.00312178 
2 1.68649 -0.00536428 2.30697 0.000346187 0.087422 -0.00160571 
3 -1.60467 0.0044618 -2.70773 9.59987e-05 -0.00449427 -0.00305303 
4 -0.0146252 -5.68672e-05 0.0306678 7.03876e-05 -0.00954473 -0.0030103 
5 0.0933245 -0.000460775 0.0711398 6.68015e-05 -0.00884218 -0.00296816 
6 0.0991939 -0.000492038 0.0582251 6.51334e-05 -0.00786098 -0.0029266 
7 0.0981984 -0.000493329 0.0468717 6.37697e-05 -0.00696492 -0.00288563 
8 0.0968646 -0.000490965 0.0377148 6.25126e-05 -0.00616811 -0.00284522 
9 0.0956313 -0.000488873 0.030347 6.13755e-05 -0.00546163 -0.00280538 
10 0.0945195 -0.00048564 0.0244191 6.02952e-05 -0.00483591 -0.0027661 
11 0.0935219 -0.000483006 0.0196494 5.93022e-05 -0.00428219 -0.00272736 
12 0.0926291 -0.000479367 0.0158116 5.83401e-05 -0.00379255 -0.00268917 
13 0.0918319 -0.000476428 0.0127234 5.74445e-05 -0.00335986 -0.00265151 
14 0.0911216 -0.000472564 0.0102382 5.65631e-05 -0.00297772 -0.00261438 
15 0.0904898 -0.000469465 0.00823817 5.57348e-05 -0.00264043 -0.00257777 
16 0.0899289 -0.000465495 0.00662852 5.49101e-05 -0.00234286 -0.00254167 
17 0.0894317 -0.000462331 0.00533293 5.41298e-05 -0.00208045 -0.00250607 
18 0.0889915 -0.00045833 0.00429006 5.33463e-05 -0.00184914 -0.00247098 
19 0.0886025 -0.000455164 0.00345053 5.26019e-05 -0.00164533 -0.00243637 
20 0.0882592 -0.000451182 0.00277464 5.185e-05 -0.00146581 -0.00240225 
21 0.0879565 -0.000448052 0.00223043 5.11339e-05 -0.00130772 -0.00236861 
22 0.0876901 -0.000444119 0.00179221 5.04075e-05 -0.00116855 -0.00233544 
23 0.087456 -0.000441049 0.00143928 4.97149e-05 -0.00104607 -0.00230273 
24 0.0872504 -0.000437184 0.00115502 4.90104e-05 -0.000938302 -0.00227048 
25 0.0870702 -0.000434188 0.000926028 4.83384e-05 -0.000843494 -0.00223868 
26 0.0869125 -0.000430402 0.000741531 4.76536e-05 -0.000760106 -0.00220733 
27 0.0867746 -0.000427488 0.00059286 4.70004e-05 -0.000686776 -0.00217642 
28 0.0866544 -0.000423787 0.000473036 4.63338e-05 -0.0006223 -0.00214594 
29 0.0865498 -0.000420959 0.000376443 4.56985e-05 -0.000565619 -0.00211589 
30 0.0864589 -0.000417345 0.000298561 4.50493e-05 -0.000515795 -0.00208625 
31 0.0863802 -0.000414605 0.00023575 4.4431e-05 -0.000472006 -0.00205704 
32 0.0863122 -0.000411078 0.000185081 4.37987e-05 -0.000433524 -0.00202823 
33 0.0862536 -0.000408425 0.000144195 4.31971e-05 -0.000399709 -0.00199983 
34 0.0862034 -0.000404984 0.000111195 4.25812e-05 -0.000369998 -0.00197182 
35 0.0861605 -0.000402417 8.45494e-05 4.19958e-05 -0.000343896 -0.00194421 
36 0.0861241 -0.000399061 6.30281e-05 4.1396e-05 -0.000320966 -0.00191698 
37 0.0860934 -0.000396578 4.56386e-05 4.08266e-05 -0.000300823 -0.00189013 
38 0.0860677 -0.000393305 3.15819e-05 4.02426e-05 -0.00028313 -0.00186366 
39 0.0860465 -0.000390904 2.02139e-05 3.96889e-05 -0.000267591 -0.00183756 
40 0.0860291 -0.000387712 1.1016e-05 3.91204e-05 -0.000253943 -0.00181183 
41 0.0860151 -0.00038539 3.56968e-06 3.8582e-05 -0.000241956 -0.00178646 
42 0.0860042 -0.000382276 -2.46198e-06 3.80287e-05 -0.00023143 -0.00176144 
43 0.0859959 -0.000380031 -7.35093e-06 3.75053e-05 -0.000222187 -0.00173677 
44 0.0859899 -0.000376994 -1.13164e-05 3.69669e-05 -0.00021407 -0.00171245 
45 0.0859859 -0.000374824 -1.45352e-05 3.64582e-05 -0.000206943 -0.00168847 
46 0.0859838 -0.00037186 -1.71501e-05 3.59344e-05 -0.000200684 -0.00166483 
47 0.0859833 -0.000369763 -1.92764e-05 3.54401e-05 -0.000195189 -0.00164151 
48 0.0859841 -0.000366871 -2.10069e-05 3.49304e-05 -0.000190364 -0.00161852 
49 0.0859862 -0.000364845 -2.24169e-05 3.44501e-05 -0.000186128 -0.00159586 
50 0.0859893 -0.000362022 -2.3567e-05 3.39543e-05 -0.000182409 -0.00157351 
51 0.0859934 -0.000360064 -2.45064e-05 3.34877e-05 -0.000179144 -0.00155148 
52 0.0859982 -0.000357309 -2.52747e-05 3.30054e-05 -0.000176277 -0.00152975 
53 0.0860039 -0.000355418 -2.59041e-05 3.25521e-05 -0.00017376 -0.00150833 
54 0.0860101 -0.000352728 -2.64204e-05 3.20829e-05 -0.00017155 -0.00148721 
55 0.086017 -0.000350901 -2.68449e-05 3.16425e-05 -0.00016961 -0.00146638 
56 0.0860243 -0.000348275 -2.71944e-05 3.11862e-05 -0.000167907 -0.00144585 
57 0.086032 -0.000346511 -2.7483e-05 3.07584e-05 -0.000166412 -0.0014256 
58 0.0860402 -0.000343947 -2.77217e-05 3.03145e-05 -0.000165099 -0.00140564 
59 0.0860486 -0.000342243 -2.79198e-05 2.9899e-05 -0.000163946 -0.00138595 
60 0.0860574 -0.000339739 -2.80845e-05 2.94671e-05 -0.000162935 -0.00136655 
61 0.0860664 -0.000338095 -2.8222e-05 2.90636e-05 -0.000162047 -0.00134741 
62 0.0860757 -0.000335649 -2.83372e-05 2.86435e-05 -0.000161267 -0.00132854 
63 0.0860851 -0.000334063 -2.8434e-05 2.82515e-05 -0.000160582 -0.00130994 
64 0.0860947 -0.000331674 -2.85157e-05 2.78429e-05 -0.000159981 -0.0012916 
65 0.0861045 -0.000330143 -2.85851e-05 2.74622e-05 -0.000159454 -0.00127351 
66 0.0861144 -0.000327809 -2.86441e-05 2.70646e-05 -0.00015899 -0.00125568 
67 0.0861244 -0.000326333 -2.86947e-05 2.66949e-05 -0.000158584 -0.0012381 
68 0.0861345 -0.000324052 -2.87383e-05 2.63081e-05 -0.000158227 -0.00122076 
69 0.0861447 -0.000322629 -2.87761e-05 2.5949e-05 -0.000157913 -0.00120367 
70 0.086155 -0.0003204 -2.88091e-05 2.55727e-05 -0.000157638 -0.00118681 
71 0.0861654 -0.000319028 -2.88381e-05 2.5224e-05 -0.000157396 -0.0011702 
72 0.0861758 -0.00031685 -2.88637e-05 2.48579e-05 -0.000157184 -0.00115381 
73 0.0861863 -0.000315528 -2.88866e-05 2.45191e-05 -0.000156998 -0.00113765 
74 0.0861968 -0.0003134 -2.89071e-05 2.41629e-05 -0.000156834 -0.00112172 
75 0.0862008 0.0017595 0.000333838 8.77936e-05 -0.000157004 -0.00110601 
76 0.0862216 0.00600485 -5.21392e-05 0.000257505 -0.000156455 -0.00109047 
77 0.0862339 0.0102955 -5.5268e-05 0.000501648 -0.000155451 -0.0010751 
78 0.086246 0.0144772 -5.08611e-05 0.000801941 -0.000153802 -0.0010599 
79 0.0862584 0.0185561 -4.5845e-05 0.0011445 -0.000151276 -0.00104487 
80 0.086271 0.0225554 -4.03016e-05 0.00151847 -0.000147606 -0.00103001 
81 0.0862841 0.0264975 -3.41604e-05 0.00191569 -0.000142489 -0.0010153 
82 0.0862976 0.0304097 -2.73292e-05 0.00233004 -0.000135581 -0.00100075 
83 0.0863116 0.0343181 -1.96935e-05 0.00275729 -0.000126479 -0.000986361 
84 0.086326 0.0382523 -1.11149e-05 0.00319461 -0.000114722 -0.00097212 
85 0.0863409 0.0422403 -1.42611e-06 0.0036405 -9.97695e-05 -0.000958028 
86 0.0863563 0.0463141 9.57169e-06 0.00409439 -8.09961e-05 -0.000944082 
87 0.0863721 0.0505026 2.21139e-05 0.00455667 -5.76706e-05 -0.000930279 
88 0.0863883 0.05484 3.64784e-05 0.00502835 -2.89398e-05 -0.000916616 
89 0.0864049 0.0593571 5.29906e-05 0.00551113 6.19255e-06 -0.000903091 
90 0.0864218 0.0640896 7.20327e-05 0.00600711 4.8891e-05 -0.000889699 
91 0.086439 0.0690702 9.40498e-05 0.00651893 0.000100516 -0.000876439 
92 0.0864562 0.0743373 0.000119563 0.00704951 0.000162658 -0.000863307 
93 0.0864735 0.0799259 0.000149179 0.00760217 0.000237174 -0.000850303 
94 0.0867334 0.209056 0.000455394 0.0119761 0.000430661 -0.000836503 
95 0.086522 0.108024 0.000270011 0.0116131 0.000555477 -0.000823397 
96 0.0865635 0.10614 0.000323158 0.0118371 0.000705186 -0.000810662 
97 0.0865806 0.113062 0.000386553 0.0122035 0.000882574 -0.000798093 
98 -40.1805 0.108111 1.18912 0.013301 1.34411 -0.000810175 
99 -13.4144 0.545324 -0.363995 -0.0084581 0.277009 -0.000782514 
100 -2.97909 0.503156 -0.392221 -0.00925073 -0.197602 -0.000789825 
101 2.12422 0.260989 -0.266015 -0.0150204 -0.367954 -0.000808604 
102 29.0965 0.17792 -0.145957 -0.0155429 -1.36296 -0.00081566 
103 15.1705 0.136049 -0.457168 -0.0131001 -0.555573 -0.000848272 
104 7.68019 0.153141 0.174252 -0.0107465 -0.150968 -0.000846847 
105 3.66647 0.172993 0.11412 -0.00854778 0.0383374 -0.0008404 
106 1.56365 0.195697 0.0593849 -0.00659288 0.115243 -0.000832525 
107 0.5076 0.220461 0.0292118 -0.00492212 0.136065 -0.000824836 
108 0.0144698 0.246662 0.0139044 -0.00353605 0.131041 -0.000818122 
109 -0.184407 0.273955 0.00673637 -0.00241049 0.115946 -0.000812879 
110 -0.236154 0.302246 0.00387233 -0.00150957 0.0986471 -0.000809547 
111 -0.219748 0.331605 0.00321896 -0.000794076 0.0827809 -0.000808619 
112 -0.176351 0.362215 0.00366972 -0.000226639 0.069788 -0.000810701 
113 -0.126446 0.39431 0.00466304 0.000225792 0.0600278 -0.000816555 
114 -0.079436 0.428164 0.00593293 0.000591124 0.0533741 -0.000827147 
115 -0.0389646 0.464046 0.00737083 0.000891974 0.0495242 -0.000843696 
116 -0.00582482 0.502248 0.00895091 0.00114657 0.0481525 -0.000867739 
117 0.0204874 0.543055 0.0106899 0.00136927 0.0489808 -0.000901219 
118 0.0409684 0.586762 0.0126266 0.0015712 0.0518057 -0.000946581 
119 0.0567101 0.633657 0.0148121 0.00176088 0.056506 -0.00100691 
120 0.0687214 0.684048 0.0173054 0.001945 0.0630403 -0.00108608 
121 0.0778626 0.73826 0.0201724 0.00212922 0.0714429 -0.00118899 
122 0.084834 0.796612 0.0234863 0.00231716 0.0818183 -0.0013218 
123 -26.5736 0.852738 0.245144 0.00277911 0.847171 -0.000618194 
124 -8.97956 0.939863 -0.265791 0.00225338 0.141004 -0.000587854 
125 -2.0269 0.999594 -0.215524 0.00246506 -0.171291 -0.000587332 
126 1.38033 1.07516 -0.11441 0.00284861 -0.281313 -0.000590289 
127 2.88164 1.16013 -0.0506432 0.00323282 -0.293511 -0.000594881 
128 19.3731 1.25825 0.234818 0.00356292 -0.578014 -0.00270341 
129 8.86129 3.45941 0.24394 0.0692018 -0.0671081 -0.00350634 
130 4.32374 2.28633 0.10943 0.0217217 0.178767 -0.0041253 
131 1.86695 1.93381 0.0430657 0.000670939 0.298242 -0.00485362 
132 0.576811 1.83432 0.0109753 -0.00701149 0.354786 -0.00572388 
133 -0.0788834 1.87298 -0.00207708 -0.00827399 0.383277 -0.00678064 
134 -0.412804 5.30929 0.103726 0.0957266 0.463675 -0.00935143 
135 -0.555497 3.44738 -0.010642 0.0232477 0.49146 -0.011484 
136 -0.666235 2.89906 -0.00557359 -0.00743115 0.525379 -0.0140611 
137 -0.733434 2.75675 0.00592289 -0.0173419 0.569532 -0.0172229 
138 -0.790277 2.83346 0.0175836 -0.0175515 0.626524 -0.0211377 
139 -0.855004 3.02998 0.029229 -0.0137011 0.698357 -0.0260114 
140 -0.937756 3.29447 0.0410442 -0.00855536 0.786925 -0.0320982 
141 -1.31631 3.60186 0.0107914 -0.00351717 0.749373 -0.0351182 
142 -1.9924 3.93744 -0.0384017 0.000925324 0.54837 -0.0327187 
143 -2.54533 4.29477 -0.0486274 0.00484691 0.326757 -0.0287709 
144 -2.94359 4.67647 -0.0484205 0.00821179 0.0906784 -0.0228878 
145 -3.28483 5.08268 -0.0458755 0.0110779 -0.159067 -0.0145578 
146 -3.62678 5.51504 -0.0429549 0.0135393 -0.424824 -0.00311452 
147 -2.70852 5.97683 0.0181847 0.0158604 -0.621979 0.00584815 
148 -0.287813 6.47341 0.145736 0.0181843 -0.658147 0.00631607 
149 0.872797 7.00626 0.216455 0.0202087 -0.630765 0.00663261 
150 1.64492 7.5301 0.263852 0.0243499 -0.585966 0.00351521 
151 1.58741 7.29621 0.230552 0.0001352 -0.515893 0.00355583 
152 1.47762 5.93939 0.0956347 -0.056811 -0.451272 0.00378348 
153 1.33358 4.28535 -0.0146627 -0.115249 -0.393977 0.00415887 
154 1.18637 2.65071 -0.0983411 -0.162801 -0.34421 0.00456863 
155 1.05007 1.17386 -0.158884 -0.196193 -0.301404 0.0049176 
156 0.916293 -4.69564 0.27982 -0.355169 -0.265416 0.00600769 
157 0.818384 -7.61532 0.475196 -0.403651 -0.234387 0.00669786 
158 0.737945 -8.53055 0.532278 -0.372528 -0.207432 0.00710803 
159 1.42251 -8.53327 0.567365 -0.312686 -0.132767 -0.00137665 
160 2.24955 -8.12437 0.572294 -0.248324 -0.00611619 -0.0166368 
161 2.2714 -7.5519 0.411426 -0.191187 0.100279 -0.0275751 
162 0.844795 -7.02462 -0.276767 -0.144102 0.0266658 -0.0109064 
163 0.274121 -6.4701 -0.277043 -0.105524 0.0325016 -0.00926076 
164 0.087051 -5.95048 -0.261693 -0.0752509 0.0328441 -0.00880917 
165 0.0600266 -8.39567 -0.487137 -0.141651 0.0265288 -0.00811613 
166 0.0277363 -6.06718 -0.136263 -0.0550385 0.0229691 -0.00765944 
167 0.0195103 -4.99324 -0.164889 -0.0114604 0.0186875 -0.00727318 
168 0.0294742 -4.31853 -0.183856 0.00922288 0.0145988 -0.00692161 
169 0.0469 -3.86817 -0.188852 0.0179836 0.0110546 -0.00659429 
170 0.066894 -3.5467 -0.186143 0.0207205 0.00814373 -0.00628546 
171 0.0871971 -3.3016 -0.17969 0.0205616 0.00583328 -0.00599185 
172 0.106919 -3.10415 -0.171719 0.019129 0.00404148 -0.00571148 
173 0.125872 -2.93827 -0.163397 0.0172484 0.00267474 -0.0054423 
174 -4.54023 54.4284 0.191773 2.25186 -0.0444876 -0.138985 
175 2.31049 11.8843 -8.57498 1.26498 0.109869 -0.398146 
176 -4.59854 -10.7749 -4.46938 1.24232 -0.276674 0.0122532 
177 -2.25694 -9.7716 0.565448 1.30171 -0.418636 0.0167228 
178 -0.519434 -8.11709 1.02342 1.3216 -0.459667 0.016512 
179 2.1444 -27.7666 8.02591 -1.21228 -0.497347 7.13541e-06 
180 2.43871 -15.511 0.444853 -0.484207 -0.381299 -0.00054585 
181 1.7112 -12.7577 -0.327118 0.102494 -0.323961 0.0151981 
182 0.206551 -10.2014 -0.368741 0.555244 -0.368899 0.0523773 
183 -0.650943 -7.78458 -0.293696 0.882796 -0.465587 0.0904736 
184 -1.08952 -5.37482 -0.144973 1.08558 -0.591183 0.129218 
185 -1.40093 -2.30458 0.329934 1.24951 -0.580369 0.115052 
186 -0.894536 -0.0299959 -0.00463668 1.38854 -0.533583 0.0959484 
187 -0.691173 1.54436 0.0828457 1.44961 -0.479614 0.0783785 
188 -0.962765 2.47853 0.36329 1.46789 -0.443748 0.0617932 
189 -0.959893 3.66406 0.366863 1.54425 -0.301393 0.0277495 
190 -0.214157 1.35688 -0.0691064 1.64681 -0.172324 -0.0491845 
191 1.37224 1.70529 0.575054 1.74023 0.0372901 -0.12389 
192 2.59636 2.57271 0.675287 1.79794 0.267119 -0.187993 
193 2.66728 4.68598 1.0926 1.75335 0.493076 -0.248826 
194 4.44223 5.3217 0.237743 1.68528 0.766978 -0.296589 
195 6.27473 5.91552 -0.791915 1.58486 0.885783 -0.257512 
196 5.18122 6.0508 -1.09422 1.49091 0.969878 -0.225869 
197 4.10587 6.19149 -1.20442 1.40331 1.00929 -0.197151 
198 3.10681 6.33292 -1.28127 1.32263 1.0075 -0.170862 
199 1.90443 6.07426 -0.785314 0.816671 -0.294283 0.116952 
200 0.211831 5.25355 -0.242392 0.274572 -0.255865 0.107437 
201 0.101919 5.35705 -0.183099 -0.255057 -0.230126 0.0974099 
202 0.110918 5.41333 -0.211883 -0.776962 -0.215257 0.0883749 
203 0.273194 5.3895 -0.263659 -1.29158 -0.202935 0.0803695 
204 -1.24947 3.16024 -1.25885 -1.68157 0.223865 -0.0369772 
205 -0.259314 3.26452 -0.0883673 -2.0819 0.0969115 -0.0242844 
206 7.23654 -4.15216 4.371 -2.0785 0.377102 -0.00497131 
207 5.58733 -4.47365 0.547726 -2.07148 0.591087 -0.000947108 
208 4.19463 -5.12283 0.0841876 -2.03781 0.746769 -0.000363679 
209 2.70702 -5.38042 0.256878 -2.00064 0.844646 -0.00494606 
210 -3.46014 -10.1776 2.21482 -1.7122 0.625776 -0.0147418 
211 -0.354713 -13.4323 0.626894 -1.82364 0.19574 0.0101015 
212 -0.0740724 -12.3512 -0.294773 -1.44232 -0.0232179 0.0395174 
213 0.317014 -12.2368 -0.330083 -1.08687 -0.247871 0.0708698 
214 0.803085 -11.9978 -0.252287 -0.765353 -0.368427 0.0821436 
215 1.42371 -11.6735 -0.153067 -0.483641 -0.378284 0.074332 
216 2.06964 -11.2512 -0.0534493 -0.249027 -0.370005 0.0670009 
217 2.56866 -10.9178 0.0034084 -0.0577147 -0.352202 0.0602505 
218 3.11989 -10.7555 0.042188 0.0971627 -0.323397 0.0543249 
219 3.50619 -10.5973 0.133743 0.21384 -0.291191 0.0487914 
220 3.76723 -10.4677 0.239826 0.290906 -0.262757 0.043563 
221 4.21786 -10.3748 0.364391 0.328086 -0.230688 0.0391221 
222 6.9924 -10.6381 2.06843 0.354313 0.254834 -0.0525909 
223 6.93335 20.8463 12.1628 -1.43096 1.5692 -3.17514 
224 13.7554 -10.1172 -1.31707 -1.45724 1.88898 -0.283642 
225 16.5474 -19.096 2.57751 -1.13085 3.10703 -0.368265 
226 14.2032 -21.553 0.714992 -0.754183 3.71173 -0.321717 
227 -0.296125 -15.0707 -5.91604 -0.825667 1.80878 0.0760902 
228 -14.1252 -10.4706 -4.0112 -1.04087 -0.412098 0.364834 
229 -12.6121 -1.17879 5.29763 -1.39772 -1.82262 1.96619 
230 -11.3474 -2.71485 4.3606 -1.6595 -2.36326 0.964587 
231 -14.6874 -9.28189 -4.22358 -1.33618 -3.6352 2.19339 
232 -16.0162 -11.0856 -3.61444 -0.806899 -4.67754 2.52202 
233 -12.0906 -1.76938 -1.8818 0.0598624 -5.27049 2.15452 
234 -8.43842 5.24805 -1.401 0.660942 -5.60582 1.71007 
235 -5.82806 9.59643 -0.951838 0.960913 -5.75908 1.23179 
236 -3.05138 16.5236 1.7083 1.50682 -5.71155 -0.428197 
237 -0.917353 18.2034 -1.48539 1.19191 -5.2921 -0.27127 
238 0.64043 18.5935 -1.23372 0.81918 -4.78605 -0.101902 
239 2.10116 18.4645 -0.829795 0.44397 -4.32705 0.124979 
240 13.3138 14.0469 2.4831 0.274482 -3.33131 0.0596436 
241 17.6299 6.83629 1.06284 0.439349 -2.10051 0.170806 
242 15.9181 7.21859 -0.545251 0.525719 -1.01407 0.173609 
243 13.7925 7.42595 -0.580005 0.561883 -0.0794381 0.130559 
244 11.2666 7.22365 -0.391776 0.58347 0.701782 0.103991 
245 8.98551 7.00037 -0.317658 0.593925 1.37994 0.0922894 
246 7.25824 6.0378 -0.397846 0.632807 2.33403 0.0811981 
247 4.29607 6.85072 -0.69179 0.598055 2.73676 0.0107231 
248 2.71045 6.88928 -0.281117 0.559423 2.84267 0.0351701 
249 1.86933 7.46697 -0.189639 0.500085 2.78727 0.384533 
250 -0.120803 6.14425 -0.660746 0.470465 2.75233 0.370375 
251 23.4005 -34.2438 2.14886 -4.31725 -0.391106 0.441323 
252 29.1044 -46.7724 -10.0858 -4.18351 2.83233 4.82047 
253 20.7621 -7.85266 -16.8552 -2.22238 3.41864 10.5857 
254 17.4272 -1.62747 -5.99148 -1.0661 4.83138 11.0026 
255 16.1876 12.9493 -3.92055 -1.44645 3.29655 6.74635 
256 10.2324 33.4949 1.94396 2.62649 8.70571 0.0321516 
257 16.184 30.6788 2.45105 2.75935 9.6612 -0.0086868 
258 -71.9295 36.7514 66.2604 0.953355 5.8248 0.00679965 
259 -30.9624 0.698148 -44.6711 1.11885 4.26608 0.00942613 
260 -46.9577 22.4263 5.40442 0.0603638 1.8099 -0.000197933 
261 -32 18.1723 -11.0778 -0.754173 0.187525 -0.00417105 
262 -16.978 12.4253 0.115118 -1.26672 -0.634819 -0.00625936 
263 -9.5669 9.21287 -0.359326 -1.61787 -1.07681 -0.00871692 
264 -4.49752 6.50467 -0.0738045 -1.83293 -1.25784 -0.0111665 
265 -1.83714 4.78086 0.414195 -1.96498 -1.30743 -0.013135 
266 0.159021 4.24399 1.7349 -2.08529 -1.07959 0.0293428 
267 1.61534 3.2775 0.712931 -2.45384 -0.742865 0.0819529 
268 1.1205 2.9532 0.490826 -2.81683 -0.430489 0.134695 
269 2.45166 1.30785 0.827856 -3.10335 -0.0530558 0.18165 
270 3.69297 -0.12328 0.939879 -3.3285 0.390814 0.232297 
271 5.23896 -1.47219 2.20487 -3.4994 0.927211 0.288958 
272 6.5684 -2.39052 1.94583 -3.63877 1.53665 0.347363 
273 7.59159 -2.47388 1.32237 -3.79277 2.20436 0.407135 
274 7.20472 -2.5355 0.0593191 -3.95456 2.62432 0.413468 
275 9.78797 -2.80856 -1.21916 -4.30265 3.06869 0.404255 
276 14.8946 -14.26 -9.41919 -9.30768 -3.32631 -0.39149 
277 3.69737 -1.15491 -1.3789 -8.55807 -2.56169 -0.378131 
278 1.55903 -1.72361 0.378072 -7.87199 -1.94993 -0.351605 
279 -0.0516364 -2.19986 0.51811 -7.2493 -1.48438 -0.323299 
280 -2.35519 0.992053 1.06455 -5.83799 3.53093 0.432157 
281 1.37846 -2.64233 -0.182663 -6.18371 3.57175 0.444112 
282 0.62858 -1.71883 0.53753 -5.7913 3.57478 0.442646 
283 -57.985 -85.7788 52.107 -0.907002 0.946816 1.60409 
284 -10.3657 -24.3946 -40.196 0.987674 -0.239442 2.80579 
285 -5.79709 -24.9063 -11.3616 2.76653 -0.700873 3.94552 
286 0.0579272 -20.6366 -5.52392 4.26897 -0.876566 4.88195 
287 4.9391 -16.5195 -3.76731 5.52229 -0.79948 5.62439 
288 8.75023 -13.2014 -2.91618 6.5871 -0.529231 6.21202 
289 11.6377 -10.637 -2.42585 7.52014 -0.118528 6.68124 
290 13.7831 -8.68093 -2.16852 8.36777 0.390698 7.06178 
291 15.3655 -7.17803 -2.09324 9.16646 0.965906 7.37658 
292 16.8173 -5.67102 -2.35488 9.92743 1.59712 7.64499 
293 17.9812 -4.47208 -2.53933 10.6744 2.26603 7.86009 
294 21.3061 42.0965 25.127 9.39321 5.8162 10.9631 
295 -2.57388 11.8597 1.92982 7.63764 2.93672 -0.0793546 
296 0.250472 17.8677 -0.992456 7.22219 2.57681 -0.188525 
297 -42.8982 21.3061 24.6135 5.76321 0.0388176 0.52313 
298 -12.0724 29.4876 -12.0038 5.64821 -1.1653 0.328281 
299 -5.93703 36.326 -4.76036 4.56473 -2.06166 -0.459125 
300 -1.9007 39.6676 -2.11565 3.16795 -2.24572 -0.435468 
301 10.4875 46.7253 10.3253 2.89185 -0.904496 -0.853499 
302 11.7751 41.1976 -1.11473 1.4895 -0.111333 -0.963037 
303 4.11625 40.142 -9.96976 0.461125 -1.27507 -0.507845 
304 -8.67104 39.7228 -11.0334 -0.841775 -3.02511 -0.878447 
305 -20.7753 31.3036 -2.20816 -1.98315 -4.12726 -0.867447 
306 -22.5164 28.113 -4.85566 -3.10655 -5.27976 -0.77467 
307 -21.3043 26.8282 -7.04841 -4.34486 -6.3265 -0.704118 
308 -15.1973 10.4104 7.16163 -4.76092 -7.0101 -0.436681 
309 -8.24669 4.92259 -8.26124 -5.99902 -7.256 -0.230769 
310 -6.50139 5.03963 -1.74013 -7.21355 -7.40289 -0.0321861 
311 -23.3252 -25.4968 10.5732 -6.7574 -8.43368 0.14758 
312 -9.79552 -15.4222 -3.00875 -6.77866 -8.78197 0.289811 
313 -4.88403 -16.0265 -0.719786 -6.74147 -8.79027 0.404462 
314 -0.986563 -17.4573 1.77969 -6.74963 -8.29925 -0.172833 
315 0.718021 -15.3704 3.34757 -6.67048 -7.77343 -0.0534807 
316 23.2326 -51.9929 22.4294 -4.35071 -6.01667 1.8817 
317 19.8031 -30.3174 -10.1586 -3.10905 -4.37527 3.75047 
318 21.598 -32.4997 -3.17473 -2.14768 -2.96292 2.83868 
319 18.6451 -27.4931 -3.5808 -1.28023 -1.77202 1.93187 
320 16.3138 -25.5243 -1.77375 -0.699173 -0.755523 1.10588 
321 13.9181 -22.7598 -1.36041 -0.20322 0.0935239 0.448966 
322 11.7906 -19.5355 -1.14089 0.219115 0.768533 0.00961214 
323 9.96261 -16.1997 -0.958799 0.55889 1.29364 -0.207659 
324 7.87998 -14.2624 -1.4032 0.813645 1.57453 -0.201452 
325 5.81908 -12.8233 -1.41859 1.01383 1.74154 -0.185612 
326 4.16832 -11.3822 -1.22262 1.15932 1.8204 -0.171548 
327 39.7605 28.2065 1.74795 6.88977 -0.0602553 5.47734 
328 28.103 16.6762 -16.1409 8.43255 4.93669 1.88235 
329 25.271 6.41362 -21.9525 6.40302 9.66253 -1.70838 
330 -12.1369 -3.44757 7.93361 5.83795 6.97936 -2.61971 
331 -15.5082 -20.689 -14.189 6.79319 5.97175 -5.49672 
332 -45.7269 -57.1697 8.99776 3.69172 4.04327 -7.59149 
333 -45.5933 -17.7006 23.3215 1.34885 -0.316704 -0.0179351 
334 -20.9838 -23.0803 -8.57484 2.39376 -1.50373 -0.0252439 
335 2.83771 -7.62586 6.53124 2.61258 -1.42209 -0.0326056 
336 1.55821 -7.37247 -1.79282 2.84804 -1.44465 -0.0363532 
337 2.53658 -4.30372 1.45271 2.93228 -1.41117 -0.0421189 
338 2.53368 -2.97685 0.610547 2.96143 -1.39387 -0.0456619 
339 3.15074 -1.59998 0.705505 2.93064 -1.35349 -0.0481308 
340 3.65589 -0.400254 0.561877 2.84786 -1.29542 -0.0479645 
341 4.11003 0.648212 0.437312 2.72049 -1.22153 -0.0450938 
342 5.48687 1.13644 1.36205 2.58583 -0.901766 -0.0883666 
343 6.90001 1.23625 0.684626 2.74768 -0.475002 -0.138433 
344 6.52586 0.254791 0.679044 2.97549 -0.0646932 -0.193239 
345 8.01238 0.283201 1.1923 3.21542 0.419812 -0.247089 
346 9.13822 0.31208 1.1791 3.46946 0.966892 -0.302449 
347 9.6173 1.61106 1.70639 3.67077 1.5499 -0.36098 
348 10.0553 2.50789 1.36301 3.8423 2.16097 -0.42003 
349 10.4477 2.59163 0.763612 4.02926 2.79955 -0.480218 
350 12.285 2.939 0.984586 4.40256 3.75606 -0.601455 
351 14.6174 2.85012 0.870407 4.63156 4.6425 -0.670311 
352 16.533 12.7708 -8.31705 9.02045 1.22125 -0.12896 
353 7.55448 1.44261 -1.5069 8.32587 1.67758 -0.140132 
354 4.32505 1.99785 -0.293898 7.68772 1.96031 -0.152367 
355 1.63061 -1.41883 1.44292 6.22534 5.36558 -0.704865 
356 2.67097 2.91694 -1.16426 6.66114 5.22665 -0.662312 
357 -69.4198 121.045 122.326 -0.118967 -1.70098 2.31316 
358 -15.6194 24.1473 -74.1112 -1.68442 -1.15771 1.05545 
359 -21.8234 34.5657 -52.2521 -3.82154 -0.929522 -0.200789 
360 -25.3524 40.9872 -39.3341 -6.29369 -1.42504 -0.926221 
361 25.4906 5.33519 24.0568 -6.92708 -1.84943 -0.766507 
362 19.1089 4.76677 -4.71504 -7.51431 -1.17035 -0.731726 
363 21.2282 3.28346 -1.63248 -8.03215 -0.374337 -0.745985 
364 22.4566 2.16097 -1.07566 -8.51513 0.472407 -0.765806 
365 22.8203 1.7715 -1.00656 -9.00932 1.32393 -0.786994 
366 22.8751 1.5873 -1.35091 -9.53187 2.16338 -0.806507 
367 28.2702 -41.3964 28.8897 -7.88139 3.71418 -1.79814 
368 16.652 -20.3364 -8.7904 -7.4379 4.34108 -2.51746 
369 9.47754 -15.7187 -1.59147 -7.56715 4.96707 -5.04729 
370 -30.6841 3.8621 24.9164 -8.69094 4.54104 -7.05901 
371 -12.1517 -5.22983 -5.81503 -8.8684 4.11638 -6.10241 
372 -3.33743 -12.8263 -4.52606 -8.71816 3.3236 -5.05531 
373 4.06254 -16.0006 -3.46573 -6.59639 1.86324 -4.40402 
374 -14.2561 -43.9626 14.6111 -6.13998 -0.730184 -1.10675 
375 1.93183 -38.8048 -3.92021 -5.16655 -0.504698 0.109601 
376 5.61455 -40.9812 -0.678621 -3.8272 0.264901 -0.0265238 
377 9.45947 -41.8499 0.151791 -2.48417 1.33549 -0.167386 
378 10.3554 -41.6499 -2.44811 -1.23545 1.84021 -0.132106 
379 3.12546 -39.7237 -10.408 -0.200027 0.254324 0.273407 
380 -5.28065 -40.7056 -9.36897 1.01806 -1.11797 0.531433 
381 -11.0769 -41.6666 -7.16477 2.54291 -1.95107 0.594788 
382 -14.1321 -41.4608 -8.429 4.25665 -2.83367 0.563166 
383 -15.5661 -40.8913 -10.1215 6.11906 -3.70443 0.459103 
384 -35.4057 -13.2618 5.26415 6.68547 -5.29438 -0.513305 
385 -25.084 -13.3669 -9.90836 7.75772 -6.52892 -0.803068 
386 -29.2122 -3.87733 -7.33065 8.88823 -7.14511 -0.779267 
387 -17.0838 37.0987 39.4449 7.7038 -9.09371 -0.822042 
388 -5.19639 19.9633 -14.7582 7.45955 -9.29958 -0.810396 
389 0.201563 17.3709 1.35215 7.32205 -9.19074 -0.818975 
390 0.427951 16.6197 0.719949 7.19408 -9.03822 -0.799255 
391 1.88637 15.1522 3.05545 7.12576 -8.51486 -0.736105 
392 3.33773 13.7006 3.30594 7.1123 -7.9627 -0.667451 
393 4.25051 12.6267 2.86742 7.13678 -7.43948 -0.597455 
394 5.24682 11.4152 1.93098 7.20881 -6.93489 -0.537368 
395 6.13332 10.3554 1.13259 7.32597 -6.45225 -0.482048 
396 6.5632 9.73267 0.680655 7.47056 -6.01365 -0.42606 
397 6.65959 9.38188 0.296151 7.63157 -5.63296 -0.370942 
398 5.86877 10.4854 1.23002 8.08894 -5.1572 -0.0492216 
399 5.65593 9.60551 -1.71634 8.22184 -5.16538 -0.0666387 
400 5.07482 9.79988 -2.2836 8.35398 -5.23209 -0.0888513 
401 26.7948 40.4788 11.6758 7.07317 -4.11617 0.366697 
402 20.6027 28.4685 -10.121 6.15881 -3.36949 0.314492 
403 27.497 16.2776 8.43873 -2.21444 -1.51261 -5.55345 
404 22.9507 14.6201 -12.2274 -5.01802 -1.02031 -6.72092 
405 20.8854 35.0335 -14.5844 -3.94684 2.34517 4.16259 
406 17.771 43.0992 -17.5317 -4.00519 3.99226 9.8124 
407 19.5064 41.0556 -9.84344 -4.9695 4.48305 10.5799 
408 20.1131 52.0801 -12.2211 -0.45978 3.77625 11.0186 
409 20.9296 43.2271 -3.74732 -1.37784 4.52588 11.1037 
410 20.5204 39.564 -6.56176 -2.99531 5.31451 11.2642 
411 20.0635 38.4209 -7.3197 -4.5014 6.21769 11.8664 
412 21.9342 36.5163 -8.38088 -6.20724 6.86729 10.8286 
413 -23.9011 34.9627 20.3502 -9.59311 2.91662 0.969951 
414 -3.76139 32.3842 -13.9784 -10.8629 2.28871 0.342544 
415 -3.86591 33.7518 -9.19099 -12.4178 1.80603 0.434972 
416 -3.31736 33.6331 -8.83301 -14.0238 1.35316 0.527852 
417 30.7484 -2.33621 36.7886 -13.5945 2.84692 0.646412 
418 20.6586 -2.74727 -10.0412 -13.6253 3.93542 0.67743 
419 -28.9594 -1.52862 28.5 -13.7876 2.19731 0.695604 
420 -7.592 -1.01827 -6.07461 -14.0044 1.75991 0.740259 
421 -3.53172 -1.18949 -0.885049 -14.2733 1.51785 0.77494 
422 0.119579 -2.46161 0.346521 -14.5333 1.48136 0.80372 
423 3.52587 -3.43798 0.0599855 -14.8005 1.63225 0.827931 
424 6.60158 -3.54952 -0.671486 -15.1225 1.9528 0.851694 
425 9.02485 -3.62323 -0.947313 -15.5045 2.41435 0.879242 
426 13.572 -3.78841 -1.02026 -15.9445 3.12006 0.912978 
427 14.0917 -4.04881 -1.13794 -16.4401 3.88447 0.958672 
428 23.3585 -14.2836 -2.83254 -21.2276 2.3657 0.687164 
429 15.7993 -2.81131 -2.88702 -20.9169 3.02239 0.716601 
430 11.6726 -3.34293 -3.13989 -20.7098 3.47227 0.746302 
431 -107.484 -171.574 216.781 -12.3932 7.44667 0.848213 
432 -56.2344 -74.9599 30.4086 -9.37256 9.66831 4.05971 
433 -30.6274 -37.7866 -51.7971 -7.18977 9.6215 3.92038 
434 -20.5725 -32.1687 -62.6306 -4.96134 5.90152 1.80816 
435 -20.4963 -31.6253 -63.5581 -2.78168 2.15958 -0.3296 
436 -21.2157 -32.297 -62.0572 -0.590187 -1.63943 -2.49847 
437 -22.7158 -34.2754 -58.0419 1.7077 -5.70993 -4.86214 
438 22.4254 -73.4113 18.5028 3.40615 -6.00332 -5.38419 
439 14.0432 -48.0071 -28.9645 5.71147 -5.26867 -5.21408 
440 15.2357 -52.5624 -19.1962 8.2417 -4.47658 -5.03166 
441 15.2251 -53.3004 -17.4827 10.8065 -3.58966 -5.08476 
442 14.9157 -52.7947 -17.9652 13.3938 -2.68339 -5.21023 
443 14.3078 -49.6376 -20.5057 16.5844 -1.68316 -5.09401 
444 13.3261 -50.3163 -20.2733 19.2907 -1.11587 -4.50835 
445 12.1036 -49.1663 -21.1944 22.0808 -0.728658 -3.61306 
446 11.0609 -47.785 -22.7438 24.9456 -0.459996 -2.52279 
447 58.1308 -0.0154007 123.535 25.2837 -7.36983 -1.66389 
448 22.683 0.38579 -12.6354 25.4724 -5.05094 -1.7577 
449 27.2163 0.9912 -1.48286 25.8265 -4.21748 -1.88255 
450 26.5321 1.28599 -5.36593 26.2498 -3.09641 -2.23719 
451 50.2264 70.2056 81.158 24.0577 -5.64922 0.351613 
452 24.0651 40.528 4.58963 21.7263 0.102018 -2.12924 
453 28.0892 42.7371 0.869962 20.216 1.5936 -2.22904 
454 27.9145 42.9093 0.126757 18.7873 3.21073 -2.44201 
455 27.8955 42.7569 -3.10596 17.5805 4.31749 -2.43852 
456 26.935 40.1947 -15.607 16.8862 3.94989 -1.74087 
457 26.7645 41.1294 -11.9679 15.9145 4.69779 -1.62999 
458 26.6917 41.1074 -12.656 14.7751 5.60957 -1.56962 
459 26.6248 41.1816 -13.3202 13.5009 6.66569 -1.45986 
460 26.8729 41.2855 -14.3095 12.0628 7.79999 -1.5565 
461 26.777 41.4046 -15.2329 10.5337 9.05734 -1.59645 
462 -51.6351 73.5663 73.4454 7.0231 6.34749 -0.690242 
463 -25.403 36.0744 -27.3741 4.77585 5.07381 -0.36295 
464 -26.1118 37.8478 -19.2966 1.75499 3.3255 -0.00305205 
465 -27.3102 40.8119 -17.7713 -0.460898 2.32765 0.183018 
466 -26.9202 41.0015 -18.3441 -2.61146 1.54139 0.231384 
467 -26.4623 41.3264 -18.5957 -4.75561 0.754117 0.286169 
468 -26.1105 41.6405 -18.8905 -6.91332 -0.031672 0.397992 
469 -25.7648 41.8706 -19.2878 -9.09084 -0.824031 0.559282 
470 -25.3584 41.977 -19.801 -11.2863 -1.6397 0.721659 
471 -24.9522 41.9881 -20.4728 -13.5076 -2.48258 0.884821 
472 -24.5422 41.901 -21.3142 -15.7629 -3.35594 1.04849 
473 -24.1238 41.712 -22.3382 -18.0599 -4.26246 1.21224 
474 -23.692 41.4169 -23.5601 -20.4066 -5.20434 1.37555 
475 38.7584 55.7994 11.4147 -23.4476 -3.19133 0.799299 
476 22.9 39.4174 -30.0414 -25.8228 -2.00923 0.653757 
477 21.568 40.2728 -28.0633 -28.356 -0.895715 0.544718 
478 27.686 23.712 134.633 -30.2523 -0.246742 0.532597 
479 -24.5565 -110.236 183.812 -24.9247 -1.90813 0.625468 
480 0.25327 8.92354 -112.128 -19.3668 -3.86471 2.6498 
481 17.2575 -40.7702 0.353138 -13.7751 -2.26587 0.439208 
482 13.956 -39.5688 -24.1737 -13.0803 -1.24193 -0.503827 
483 16.1193 -42.0653 -13.3979 -12.1963 -0.250695 -1.03484 
484 14.9272 -57.7964 1.29534 -16.2981 2.17407 -1.21737 
485 19.0455 -49.5764 2.3038 -16.5487 3.0437 -1.0599 
486 -17.7642 -46.9644 14.4364 -14.6064 1.60116 0.323149 
487 -5.23117 -40.0367 -11.6094 -13.1801 1.26266 0.293294 
488 -5.01552 -38.961 -8.70268 -11.8599 0.932503 0.250645 
489 -3.22205 -37.3821 -7.46728 -10.6657 0.689194 0.217766 
490 -2.75025 -37.186 -7.3811 -9.51308 0.4716 0.183253 
491 -2.10919 -37.0073 -6.97284 -8.39972 0.286333 0.149798 
492 -1.44964 -36.8604 -6.60218 -7.32018 0.133645 0.118344 
493 -0.803566 -36.7398 -6.28609 -6.26924 0.0123875 0.0894538 
494 -0.195944 -36.6457 -6.02363 -5.24182 -0.0797436 0.0634026 
495 0.138076 -37.9252 -6.48915 -4.15723 -0.158004 0.038581 
496 -0.652938 -39.7225 -6.88854 -2.98504 -0.276341 0.00408462 
497 0.147471 -39.8594 -6.26875 -1.81621 -0.359218 -0.0240475 
498 0.592242 -40.1925 -6.2821 -0.631547 -0.422459 -0.0496861 
499 1.73805 -39.4925 -5.70455 0.609979 -0.283786 -0.120791 
500 2.35901 -35.8903 -4.76135 1.77689 -0.0872751 -0.197062 
501 5.53452 -35.6841 -5.63166 2.95123 0.258337 -0.24064 
502 7.27769 -35.6052 -5.69924 4.13912 0.689122 -0.271304 
503 7.22084 -35.3389 -5.71189 5.33435 0.960655 -0.276128 
504 20.5869 -15.2423 -27.8369 12.0732 -0.995785 -0.607343 
505 17.145 -26.4909 -21.3642 14.2759 0.0148757 -0.438359 
506 15.3528 -35.3695 -6.12537 14.6214 0.91594 -0.315333 
507 10.9164 -35.9113 -1.83162 15.1075 1.57227 -0.228962 
508 7.2044 -35.3463 -1.76768 15.6945 2.02721 -0.171724 
509 -7.18447 -50.5555 14.918 13.4275 3.20563 -0.147523 
510 -2.02993 -35.7915 -5.04942 15.0498 2.75665 -0.102081 
511 -2.31174 -34.2892 -8.98762 16.6936 2.30865 -0.0630757 
512 -3.3787 -33.6886 -10.2166 18.3943 1.81788 -0.0328911 
513 -4.63176 -32.1413 -10.5625 20.1064 1.27118 -0.0111048 
514 -4.88604 -30.9362 -11.3142 21.8568 0.711354 0.0110788 
515 -4.57666 -30.4735 -12.3167 23.6959 0.38381 -0.00804238 
516 35.8699 8.15979 69.476 23.0145 0.162306 0.626633 
517 -30.402 5.11985 24.251 22.5153 1.02277 -0.213867 
518 -9.17621 4.41498 -6.82967 21.9587 0.608349 -0.229852 
519 -6.91947 4.77441 -3.11995 21.4906 0.281051 -0.231433 
520 -4.67647 4.93102 -2.75365 21.1131 0.0666459 -0.226195 
521 -2.69306 5.02628 -2.96241 20.8227 -0.0485417 -0.217675 
522 -1.02792 5.08686 -3.26249 20.6175 -0.0817996 -0.208361 
523 -10.8076 136.867 142.836 13.7555 -1.02268 0.14609 
524 2.53306 41.3756 -44.9621 11.6063 -0.222696 -0.0660507 
525 2.31977 51.1384 -25.1399 8.96024 -0.14857 -0.0569703 
526 2.0384 52.7905 -21.1932 6.28375 -0.0946006 -0.0483591 
527 1.96658 53.042 -19.9678 3.61795 0.175899 -0.0806625 
528 2.31512 53.0083 -19.2674 0.959321 0.877515 -0.186276 
529 2.89698 52.7359 -18.926 -1.69669 1.55875 -0.278848 
530 3.24362 52.3025 -18.826 -4.35871 2.20592 -0.361046 
531 3.56399 48.6253 -21.4005 -7.77383 3.12308 -0.489077 
532 3.36014 49.8581 -21.9498 -10.3547 3.17867 -0.465633 
533 2.30403 49.6879 -21.3311 -12.8678 3.17679 -0.44463 
534 1.43001 49.4558 -20.8578 -15.3379 3.13273 -0.427153 
535 0.532439 49.1335 -20.6514 -17.7865 3.04919 -0.413098 
536 -0.268713 48.6722 -20.6842 -20.2302 2.93253 -0.403833 
537 -70.183 0.590569 100.124 -19.2916 -2.89485 -0.542874 
538 -30.4097 0.196776 -31.2748 -18.7333 -4.50086 -0.481422 
539 -37.6274 -0.282733 -7.76647 -18.2026 -6.55892 -0.451943 
540 32.0165 -1.33123 46.7781 -17.8418 -4.82121 0.109284 
541 35.1563 -60.2875 57.6598 -14.4638 -4.08808 -0.853049 
542 18.2994 -33.4989 -21.7288 -12.2069 -1.97949 -0.382217 
543 21.6273 -38.2717 -9.20822 -9.93421 -0.823751 -0.570283 
544 20.8606 -37.1777 -12.9129 -7.7816 0.282144 -0.746774 
545 -2.57576 -41.7412 4.00722 -5.28677 -0.135189 -0.00630976 
546 3.91401 -37.8192 -10.5191 -3.15533 0.019728 -0.00983533 
547 3.11851 -38.3067 -9.1981 -1.01923 0.125815 -0.0147604 
548 2.48685 -38.3561 -9.19223 1.1057 0.198765 -0.020371 
549 1.95893 -38.3017 -9.45764 3.22482 0.244525 -0.0268884 
550 1.5242 -38.1989 -9.82655 5.34593 0.268271 -0.0343517 
551 1.17816 -38.0544 -10.2802 7.47699 0.274815 -0.0426769 
552 22.5324 -7.50575 12.1816 7.9667 1.45955 -0.0851524 
553 13.0904 -7.66884 -5.71702 8.50316 2.11206 -0.0709307 
554 -22.1189 -2.64954 19.8678 8.79026 0.839338 -0.0427254 
555 -3.8056 -12.5019 -10.2549 4.25694 0.596908 -0.114734 
556 -2.04453 -2.36913 -0.930706 4.97464 0.44313 -0.0951829 
557 -1.43562 -3.02119 0.712842 5.58976 0.331062 -0.0811689 
558 19.1775 43.7572 16.4968 3.77985 1.37058 -0.0878286 
559 12.4724 51.5559 5.86101 5.53476 2.02638 -0.0592546 
560 4.75904 35.035 -2.21333 3.83633 2.26691 -0.0806664 
561 -1.10057 29.4566 -3.03052 2.43794 2.19236 -0.0769366 
562 -5.7105 25.2584 -2.79978 1.26604 1.87832 -0.0651098 
563 -8.25661 21.3248 -1.88651 0.304197 1.43383 -0.0507021 
564 -9.14199 17.5294 -1.06956 -0.457601 0.945662 -0.0396781 
565 -9.14478 14.1899 -0.687895 -1.04685 0.459799 -0.0286789 
566 -8.50621 11.2788 -0.434997 -1.48822 0.00888739 -0.0187248 
567 -7.43281 8.75184 -0.254423 -1.80342 -0.386589 -0.00951972 
568 -6.1053 6.56083 -0.124602 -2.01114 -0.713785 -0.0015144 
569 -4.67408 4.66201 -0.0306071 -2.12732 -0.966285 0.00411683 
570 -3.24208 3.02938 0.0396068 -2.16621 -1.145 0.00763727 
571 -1.88502 1.64118 0.0934516 -2.14071 -1.25459 0.00941482 
572 -0.654471 0.479401 0.135725 -2.06255 -1.30225 0.00984552 
573 0.417659 -0.471482 0.1693 -1.94245 -1.29662 0.00930477 
574 1.315 -1.22634 0.195665 -1.79028 -1.24703 0.00811803 
575 8.70318 -15.8374 4.75714 -0.845589 -0.795955 0.00234718 
576 4.89565 -5.53092 -1.6579 -0.474612 -0.559913 -0.00147071 
577 4.24777 -3.32389 -0.367738 -0.220834 -0.358879 -0.00384107 
578 3.50374 -1.69326 -0.206951 -0.0565578 -0.198773 -0.00548031 
579 2.79166 -0.514695 -0.155364 0.0430703 -0.0773737 -0.00654496 
580 7.41728 -30.2597 -1.27471 -3.02877 0.294344 -0.0342717 
581 2.66214 -14.9506 0.562169 -1.71694 0.406789 -0.0333115 
582 3.22182 -5.94432 -0.694739 -0.936651 0.563042 -0.031092 
583 2.60819 -0.533869 -0.49251 -0.487863 0.68545 -0.0289161 
584 2.73895 21.901 1.41708 1.91178 0.811635 -0.0167924 
585 -0.271928 12.7929 -0.282912 1.27759 0.780651 -0.0130608 
586 -1.88303 10.4962 -0.269241 0.767201 0.66494 -0.0109795 
587 -3.23291 7.89616 0.0931206 0.398168 0.478048 -0.00894887 
588 -3.63663 6.1323 0.0794452 0.123769 0.270719 -0.00694823 
589 -3.05651 4.36799 0.189964 -0.0559292 0.0955015 -0.005355 
590 -2.10816 2.86891 0.2113 -0.155945 -0.0284154 -0.00424895 
591 -1.27391 1.8737 0.137404 -0.203623 -0.107689 -0.00353445 
592 -0.601621 1.22236 0.0786301 -0.217472 -0.151247 -0.00310073 
593 -0.096708 0.809613 0.0381181 -0.210374 -0.168195 -0.00285988 
594 0.25724 0.564783 0.0113961 -0.191146 -0.166677 -0.00274338 
595 0.48548 0.43621 -0.0052506 -0.165876 -0.15343 -0.00270025 
596 0.615198 0.385096 -0.0146338 -0.138707 -0.133693 -0.0026944 
597 0.671977 0.382828 -0.018957 -0.112317 -0.111318 -0.00270163 
598 0.678929 0.414988 -0.02049 -0.0880222 -0.0889073 -0.00270605 
599 0.653136 0.462445 -0.01969 -0.0668604 -0.0681498 -0.00269869 
600 0.608998 0.518542 -0.0179665 -0.049004 -0.0499658 -0.00267504 
601 0.561677 0.611468 -0.0189852 -0.0328451 -0.0344673 -0.00263127 
602 0.502348 0.642773 -0.012309 -0.0224515 -0.0222592 -0.00257904 
603 0.454282 0.715135 -0.0131936 -0.0127961 -0.0126914 -0.00252882 
604 0.403931 0.730992 -0.00759605 -0.00760535 -0.00585991 -0.00247047 
605 0.363987 0.752238 -0.00603566 -0.00378723 -0.00118929 -0.00240323 
606 0.328764 0.741546 -0.0023154 -0.00242927 0.00157598 -0.00233335 
607 0.305244 0.743807 -0.00212831 -0.00120324 0.0030847 -0.00226038 
608 0.289647 0.748721 -0.00207807 -0.000244829 0.00376597 -0.00218578 
609 0.279526 0.754094 -0.00199955 0.000424579 0.00391536 -0.0021108 
610 0.273221 0.758892 -0.00192965 0.000837983 0.0037378 -0.00203639 
611 0.26957 0.762715 -0.00189081 0.00104897 0.0033751 -0.00196325 
612 0.267746 0.765511 -0.00188777 0.00111331 0.00292415 -0.00189185 
613 0.26715 0.767385 -0.00191632 0.00108059 0.00244945 -0.00182254 
614 0.267347 0.768516 -0.00196829 0.000990595 0.0019921 -0.00175551 
615 0.268021 0.769086 -0.00203519 0.000873169 0.00157635 -0.00169087 
616 0.268948 0.769263 -0.00210919 0.000748965 0.00121449 -0.00162865 
617 0.269971 0.769185 -0.0021843 0.000631353 0.000910635 -0.00156882 
618 0.270987 0.76896 -0.00225594 0.000527826 0.000663475 -0.00151133 
619 0.27193 0.768664 -0.00232137 0.000441882 0.000468404 -0.0014561 
620 0.272764 0.768353 -0.00237887 0.000374044 0.000319018 -0.00140304 
621 0.273474 0.76806 -0.00242795 0.000323217 0.000208221 -0.00135205 
622 0.274058 0.767805 -0.00246859 0.000287169 0.000128931 -0.00130303 
623 0.274524 0.767595 -0.00250151 0.000263403 7.45709e-05 -0.00125587 
624 0.274883 0.767434 -0.0025274 0.000249223 3.92979e-05 -0.0012105 
625 0.275152 0.767317 -0.00254739 0.000242278 1.81548e-05 -0.00116682 
626 0.275345 0.76724 -0.00256233 0.000240382 7.0528e-06 -0.00112476 
627 0.275478 0.767193 -0.00257331 0.000241869 2.75502e-06 -0.00108423 
628 0.275565 0.767174 -0.00258105 0.000245293 2.75718e-06 -0.00104518 
629 0.275617 0.767173 -0.00258643 0.000249701 5.21354e-06 -0.00100754 
630 0.275643 0.767188 -0.00258992 0.000254284 8.79418e-06 -0.00097126 
631 0.275653 0.76721 -0.00259218 0.000258632 1.26106e-05 -0.000936278 
632 0.275652 0.76724 -0.00259347 0.000262373 1.60872e-05 -0.000902547 
633 0.275645 0.767271 -0.00259422 0.000265436 1.89103e-05 -0.000870021 
634 0.275634 0.767304 -0.00259452 0.000267699 2.09259e-05 -0.000838655 
635 0.275623 0.767336 -0.00259467 0.000269265 2.21163e-05 -0.00080841 
636 0.275612 0.767368 -0.00259466 0.000270127 2.25241e-05 -0.000779243 
637 0.275603 0.767397 -0.00259467 0.000270454 2.22521e-05 -0.000751119 
638 0.275596 0.767426 -0.00259464 0.000270272 2.14069e-05 -0.000723998 
639 0.275591 0.767451 -0.0025947 0.000269756 2.01155e-05 -0.000697848 
640 0.275588 0.767476 -0.00259475 0.00026892 1.84825e-05 -0.000672632 
641 0.275587 0.767498 -0.0025949 0.000267922 1.66161e-05 -0.000648319 
642 0.275588 0.76752 -0.00259503 0.000266752 1.45932e-05 -0.000624876 
643 0.27559 0.76754 -0.00259526 0.000265541 1.24911e-05 -0.000602274 
644 0.275593 0.76756 -0.00259545 0.000264255 1.03557e-05 -0.000580482 
645 0.275596 0.767579 -0.00259573 0.000263001 8.23525e-06 -0.000559471 
646 0.2756 0.767598 -0.00259594 0.000261727 6.1505e-06 -0.000539214 
647 0.275605 0.767615 -0.00259623 0.000260522 4.12863e-06 -0.000519684 
648 0.27561 0.767634 -0.00259645 0.000259321 2.17329e-06 -0.000500854 
649 0.275615 0.76765 -0.00259673 0.000258205 2.98393e-07 -0.000482701 
650 0.27562 0.767669 -0.00259694 0.000257099 -1.50225e-06 -0.0004652 
651 0.275625 0.767686 -0.00259721 0.000256079 -3.22173e-06 -0.000448327 
652 0.27563 0.767704 -0.0025974 0.000255068 -4.87098e-06 -0.00043206 
653 0.275634 0.767721 -0.00259765 0.000254139 -6.44599e-06 -0.000416377 
654 0.275639 0.767739 -0.00259783 0.000253213 -7.95924e-06 -0.000401258 
655 0.275644 0.767756 -0.00259807 0.000252363 -9.40733e-06 -0.000386682 
656 0.275648 0.767774 -0.00259823 0.00025151 -1.08027e-05 -0.00037263 
657 0.275653 0.767791 -0.00259845 0.000250726 -1.21413e-05 -0.000359082 
658 0.275657 0.767809 -0.0025986 0.000249935 -1.3435e-05 -0.000346022 
659 0.275662 0.767826 -0.00259881 0.000249209 -1.46789e-05 -0.000333431 
660 0.275666 0.767844 -0.00259895 0.00024847 -1.58839e-05 -0.000321293 
661 0.275671 0.767861 -0.00259916 0.000247794 -1.70445e-05 -0.000309591 
662 0.275675 0.767879 -0.00259929 0.000247102 -1.81707e-05 -0.00029831 
663 0.275679 0.767895 -0.00259949 0.00024647 -1.92563e-05 -0.000287435 
664 0.275683 0.767914 -0.00259962 0.000245821 -2.03111e-05 -0.000276951 
665 0.275688 0.76793 -0.00259982 0.000245229 -2.13283e-05 -0.000266844 
666 0.275692 0.767948 -0.00259994 0.000244619 -2.23173e-05 -0.000257101 
667 0.275696 0.767965 -0.00260013 0.000244064 -2.32711e-05 -0.000247708 
668 0.2757 0.767983 -0.00260025 0.000243489 -2.41988e-05 -0.000238654 
669 0.275704 0.768 -0.00260044 0.00024297 -2.50934e-05 -0.000229925 
670 0.275709 0.768017 -0.00260058 0.000242443 -2.59613e-05 -0.000221511 
671 0.275713 0.768035 -0.00260071 0.00024192 -2.68051e-05 -0.0002134 
672 0.275717 0.768051 -0.0026009 0.00024145 -2.7618e-05 -0.000205581 
673 0.275721 0.768069 -0.00260101 0.000240957 -2.84089e-05 -0.000198043 
674 0.275725 0.768086 -0.00260119 0.000240516 -2.9171e-05 -0.000190778 
675 0.275729 0.768103 -0.00260131 0.000240051 -2.99129e-05 -0.000183773 
676 0.275733 0.76812 -0.00260149 0.000239637 -3.06276e-05 -0.000177022 
677 0.275737 0.768138 -0.0026016 0.000239199 -3.13237e-05 -0.000170514 
678 0.275741 0.768154 -0.00260177 0.000238812 -3.19941e-05 -0.000164241 
679 0.275745 0.768172 -0.00260188 0.0002384 -3.26473e-05 -0.000158193 
680 0.275749 0.768188 -0.00260206 0.000238037 -3.32761e-05 -0.000152364 
681 0.275753 0.768206 -0.00260216 0.000237649 -3.38891e-05 -0.000146745 
682 0.275757 0.768222 -0.00260234 0.000237309 -3.4479e-05 -0.00014133 
683 0.275761 0.768239 -0.00260244 0.000236943 -3.50544e-05 -0.000136109 
684 0.275765 0.768256 -0.00260261 0.000236625 -3.56079e-05 -0.000131077 
685 0.275769 0.768273 -0.00260272 0.00023628 -3.6148e-05 -0.000126227 
686 0.275773 0.768289 -0.00260288 0.000235983 -3.66674e-05 -0.000121552 
687 0.275777 0.768307 -0.00260299 0.000235657 -3.71746e-05 -0.000117045 
688 0.275781 0.768323 -0.00260315 0.000235379 -3.76622e-05 -0.000112702 
689 0.275785 0.768341 -0.00260325 0.000235071 -3.81385e-05 -0.000108516 
690 0.275789 0.768357 -0.00260342 0.000234811 -3.85962e-05 -0.000104481 
691 0.275793 0.768374 -0.00260352 0.000234521 -3.90436e-05 -0.000100591 
692 0.275797 0.76839 -0.00260368 0.000234277 -3.94733e-05 -9.68432e-05 
693 0.275801 0.768408 -0.00260378 0.000234003 -3.98938e-05 -9.32301e-05 
694 0.275805 0.768424 -0.00260394 0.000233775 -4.02973e-05 -8.97482e-05 
695 0.275809 0.768441 -0.00260404 0.000233516 -4.06924e-05 -8.63919e-05 
696 0.275813 0.768457 -0.0026042 0.000233302 -4.10715e-05 -8.31575e-05 
697 0.265316 0.824692 0.000276873 -0.0027977 -0.000616071 -7.20753e-05 
698 0.27417 0.767218 -0.00245415 -0.00275257 -0.000709915 -6.81472e-05 
699 0.275879 0.762772 -0.00282513 -0.00247751 -0.000713968 -6.57145e-05 
700 0.276223 0.762764 -0.00284353 -0.00221017 -0.000702182 -6.34954e-05 
701 0.276365 0.763107 -0.00282619 -0.00196858 -0.000685405 -6.13576e-05 
702 0.276468 0.763445 -0.00280674 -0.00175165 -0.000665657 -5.92866e-05 
703 0.276554 0.763752 -0.00278833 -0.00155697 -0.000643795 -5.7279e-05 
704 0.276626 0.764026 -0.00277135 -0.00138215 -0.000620428 -5.53332e-05 
705 0.276688 0.764273 -0.00275566 -0.00122514 -0.000596069 -5.34475e-05 
706 0.276739 0.764494 -0.0027413 -0.00108403 -0.000571129 -5.16205e-05 
707 0.276783 0.764693 -0.0027281 -0.000957203 -0.000545961 -4.98505e-05 
708 0.276819 0.764872 -0.00271608 -0.000843109 -0.000520838 -4.81361e-05 
709 0.27685 0.765034 -0.00270507 -0.000740476 -0.000495996 -4.64757e-05 
710 0.276875 0.765179 -0.00269507 -0.000648065 -0.000471611 -4.48681e-05 
711 0.276896 0.765312 -0.00268593 -0.00056487 -0.000447835 -4.33116e-05 
712 0.276913 0.765431 -0.00267767 -0.000489891 -0.000424771 -4.18051e-05 
713 0.276927 0.76554 -0.00267011 -0.000422334 -0.00040251 -4.03469e-05 
714 0.276939 0.765638 -0.0026633 -0.000361391 -0.000381105 -3.89361e-05 
715 0.276948 0.765728 -0.00265708 -0.000306438 -0.000360604 -3.75709e-05 
716 0.276955 0.76581 -0.00265148 -0.000256815 -0.000341025 -3.62505e-05 
717 0.276961 0.765885 -0.00264637 -0.000212036 -0.000322386 -3.49732e-05 
718 0.276966 0.765954 -0.00264178 -0.000171562 -0.00030468 -3.37381e-05 
719 0.276969 0.766017 -0.00263758 -0.00013501 -0.000287907 -3.25438e-05 
720 0.276972 0.766075 -0.00263382 -0.000101939 -0.000272042 -3.13893e-05 
721 0.276974 0.76613 -0.00263038 -7.20529e-05 -0.000257073 -3.02731e-05 
722 0.276975 0.766179 -0.00262731 -4.49845e-05 -0.000242965 -2.91946e-05 
723 0.276976 0.766226 -0.00262449 -2.05071e-05 -0.000229697 -2.81521e-05 
724 0.276977 0.766269 -0.00262199 1.68579e-06 -0.000217231 -2.7145e-05 
725 0.276977 0.76631 -0.00261968 2.17663e-05 -0.000205541 -2.61718e-05 
726 0.276977 0.766348 -0.00261764 3.99922e-05 -0.000194584 -2.52319e-05 
727 0.276978 0.766384 -0.00261575 5.6492e-05 -0.000184335 -2.43239e-05 
728 0.276978 0.766418 -0.00261409 7.14845e-05 -0.00017475 -2.34472e-05 
729 0.276978 0.76645 -0.00261255 8.50634e-05 -0.000165802 -2.26004e-05 
730 0.276978 0.76648 -0.0026112 9.74159e-05 -0.00015745 -2.17829e-05 
731 0.276979 0.76651 -0.00260994 0.000108608 -0.000149669 -2.09936e-05 
732 0.276979 0.766537 -0.00260886 0.000118801 -0.000142417 -2.02318e-05 
733 0.276979 0.766564 -0.00260783 0.000128039 -0.000135672 -1.94963e-05 
734 0.27698 0.766589 -0.00260695 0.000136463 -0.000129395 -1.87866e-05 
735 0.276981 0.766614 -0.00260612 0.000144099 -0.000123566 -1.81016e-05 
736 0.276982 0.766637 -0.00260542 0.000151072 -0.000118149 -1.74407e-05 
737 0.276982 0.76666 -0.00260474 0.000157392 -0.000113125 -1.68029e-05 
738 0.276984 0.766682 -0.00260418 0.000163171 -0.000108461 -1.61878e-05 
739 0.276985 0.766704 -0.00260363 0.000168409 -0.000104141 -1.55942e-05 
740 0.276986 0.766725 -0.00260319 0.000173206 -0.000100135 -1.50218e-05 
741 0.276988 0.766746 -0.00260275 0.000177552 -9.64301e-05 -1.44696e-05 
742 0.276989 0.766765 -0.0026024 0.000181539 -9.2997e-05 -1.39372e-05 
743 0.276991 0.766785 -0.00260205 0.000185149 -8.98253e-05 -1.34235e-05 
744 0.276993 0.766804 -0.00260179 0.000188468 -8.68889e-05 -1.29284e-05 
745 0.276995 0.766824 -0.00260151 0.000191469 -8.41795e-05 -1.24508e-05 
746 0.276997 0.766842 -0.00260131 0.000194235 -8.16729e-05 -1.19906e-05 
747 0.276999 0.766861 -0.00260109 0.000196734 -7.93628e-05 -1.15467e-05 
748 0.277001 0.766879 -0.00260095 0.000199042 -7.7227e-05 -1.11189e-05 
749 0.277004 0.766897 -0.00260078 0.000201124 -7.52611e-05 -1.07064e-05 
750 0.277006 0.766914 -0.00260068 0.000203052 -7.34447e-05 -1.0309e-05 
751 0.277009 0.766932 -0.00260055 0.000204788 -7.17747e-05 -9.92582e-06 
752 0.277011 0.766949 -0.00260049 0.000206401 -7.02326e-05 -9.5567e-06 
753 0.277014 0.766967 -0.0026004 0.00020785 -6.88168e-05 -9.20079e-06 
754 0.277017 0.766984 -0.00260037 0.000209201 -6.75099e-05 -8.85802e-06 
755 0.27702 0.767001 -0.0026003 0.000210411 -6.63118e-05 -8.52756e-06 
756 0.277023 0.767018 -0.0026003 0.000211544 -6.52064e-05 -8.20934e-06 
757 0.277026 0.767035 -0.00260026 0.000212555 -6.41945e-05 -7.90257e-06 
758 0.277029 0.767051 -0.00260028 0.000213507 -6.32611e-05 -7.60722e-06 
759 0.277032 0.767068 -0.00260026 0.000214353 -6.24083e-05 -7.3225e-06 
760 0.277035 0.767084 -0.00260029 0.000215153 -6.16218e-05 -7.04843e-06 
761 0.277038 0.767101 -0.00260029 0.00021586 -6.09046e-05 -6.78425e-06 
762 0.277041 0.767117 -0.00260034 0.000216534 -6.02433e-05 -6.52999e-06 
763 0.277044 0.767134 -0.00260035 0.000217126 -5.96415e-05 -6.28491e-06 
764 0.277048 0.76715 -0.00260042 0.000217694 -5.90867e-05 -6.04908e-06 
765 0.277051 0.767167 -0.00260044 0.00021819 -5.85832e-05 -5.82177e-06 
766 0.277055 0.767183 -0.00260051 0.00021867 -5.81189e-05 -5.60307e-06 
767 0.277058 0.767199 -0.00260054 0.000219085 -5.76987e-05 -5.39229e-06 
768 0.277061 0.767215 -0.00260062 0.000219491 -5.73111e-05 -5.18953e-06 
769 0.277065 0.767231 -0.00260068 0.000219852 -5.69592e-05 -4.99422e-06 
770 0.277068 0.767248 -0.00260073 0.000220169 -5.66412e-05 -4.80606e-06 
771 0.277072 0.767263 -0.00260082 0.000220487 -5.63474e-05 -4.62512e-06 
772 0.277075 0.76728 -0.00260087 0.000220753 -5.60842e-05 -4.45074e-06 
773 0.277079 0.767295 -0.00260097 0.000221023 -5.5841e-05 -4.28306e-06 
774 0.277082 0.767312 -0.00260102 0.000221246 -5.56242e-05 -4.12147e-06 
775 0.277086 0.767327 -0.00260113 0.000221476 -5.54237e-05 -3.96612e-06 
776 0.27709 0.767344 -0.00260118 0.000221663 -5.52461e-05 -3.8164e-06 
777 0.277093 0.767359 -0.00260129 0.00022186 -5.50817e-05 -3.6725e-06 
778 0.277097 0.767375 -0.00260135 0.000222016 -5.49371e-05 -3.53382e-06 
779 0.277101 0.767391 -0.00260146 0.000222185 -5.48029e-05 -3.40055e-06 
780 0.277104 0.767407 -0.00260153 0.000222315 -5.46861e-05 -3.27211e-06 
781 0.277108 0.767423 -0.00260164 0.000222461 -5.45774e-05 -3.14871e-06 
782 0.277111 0.767439 -0.00260171 0.000222569 -5.44839e-05 -3.02977e-06 
783 0.277115 0.767454 -0.00260183 0.000222695 -5.43964e-05 -2.91553e-06 
784 0.277119 0.767471 -0.00260189 0.000222786 -5.43224e-05 -2.80542e-06 
785 0.277123 0.767486 -0.00260201 0.000222895 -5.42528e-05 -2.69968e-06 
786 0.277126 0.767502 -0.00260208 0.00022297 -5.41951e-05 -2.59776e-06 
787 0.27713 0.767518 -0.0026022 0.000223066 -5.41403e-05 -2.49991e-06 
788 0.277134 0.767534 -0.00260227 0.000223128 -5.40961e-05 -2.40558e-06 
789 0.277138 0.767549 -0.00260239 0.000223212 -5.40537e-05 -2.31504e-06 
790 0.277141 0.767566 -0.00260247 0.000223263 -5.40208e-05 -2.22776e-06 
791 0.277145 0.767581 -0.00260259 0.000223337 -5.39887e-05 -2.14401e-06 
792 0.277149 0.767597 -0.00260266 0.00022338 -5.39651e-05 -2.06326e-06 
793 0.277153 0.767612 -0.00260279 0.000223445 -5.39414e-05 -1.9858e-06 
794 0.277156 0.767629 -0.00260286 0.00022348 -5.39254e-05 -1.91112e-06 
795 0.27716 0.767644 -0.00260298 0.000223539 -5.39087e-05 -1.83949e-06 
796 0.277164 0.76766 -0.00260306 0.000223567 -5.3899e-05 -1.77041e-06 
797 0.277168 0.767675 -0.00260318 0.00022362 -5.3888e-05 -1.70419e-06 
798 0.277171 0.767692 -0.00260326 0.000223643 -5.38835e-05 -1.64032e-06 
799 0.277175 0.767707 -0.00260339 0.000223691 -5.3877e-05 -1.57911e-06 
800 0.277179 0.767723 -0.00260346 0.000223709 -5.38767e-05 -1.52006e-06 
801 0.277183 0.767739 -0.00260359 0.000223753 -5.3874e-05 -1.46349e-06 
802 0.277186 0.767755 -0.00260366 0.000223767 -5.3877e-05 -1.40892e-06 
803 0.27719 0.76777 -0.00260379 0.000223807 -5.38772e-05 -1.35664e-06 
804 0.277194 0.767786 -0.00260387 0.000223819 -5.38829e-05 -1.30621e-06 
805 0.277198 0.767802 -0.00260399 0.000223856 -5.38855e-05 -1.25792e-06 
806 0.277202 0.767818 -0.00260407 0.000223864 -5.38932e-05 -1.21131e-06 
807 0.277205 0.767833 -0.0026042 0.000223899 -5.38976e-05 -1.16671e-06 
808 0.277209 0.767849 -0.00260427 0.000223905 -5.39069e-05 -1.12365e-06 
809 0.277213 0.767864 -0.0026044 0.000223937 -5.39128e-05 -1.08247e-06 
810 0.277217 0.767881 -0.00260448 0.000223941 -5.39233e-05 -1.04269e-06 
811 0.277221 0.767896 -0.00260461 0.000223972 -5.39302e-05 -1.00466e-06 
812 0.277224 0.767912 -0.00260468 0.000223975 -5.39415e-05 -9.67929e-07 
813 0.277228 0.767927 -0.00260481 0.000224004 -5.39491e-05 -9.32825e-07 
814 0.277232 0.767944 -0.00260489 0.000224005 -5.39611e-05 -8.98905e-07 
815 0.277236 0.767959 -0.00260502 0.000224032 -5.39692e-05 -8.66505e-07 
816 0.277239 0.767975 -0.00260509 0.000224032 -5.39816e-05 -8.35185e-07 
817 0.277243 0.76799 -0.00260522 0.000224059 -5.399e-05 -8.05288e-07 
818 0.277247 0.768006 -0.0026053 0.000224058 -5.40026e-05 -7.76374e-07 
819 0.277251 0.768022 -0.00260543 0.000224084 -5.40111e-05 -7.4879e-07 
820 0.277255 0.768038 -0.0026055 0.000224082 -5.40237e-05 -7.22101e-07 
821 0.277259 0.768053 -0.00260563 0.000224107 -5.40322e-05 -6.96657e-07 
822 0.277262 0.768069 -0.00260571 0.000224104 -5.40448e-05 -6.72022e-07 
823 0.277266 0.768085 -0.00260584 0.000224128 -5.40531e-05 -6.48554e-07 
824 0.27727 0.768101 -0.00260592 0.000224125 -5.40655e-05 -6.25821e-07 
825 0.277274 0.768116 -0.00260604 0.000224149 -5.40737e-05 -6.04179e-07 
826 0.277278 0.768132 -0.00260612 0.000224145 -5.40859e-05 -5.832e-07 
827 0.277281 0.768147 -0.00260625 0.000224168 -5.40938e-05 -5.63246e-07 
828 0.277285 0.768164 -0.00260633 0.000224164 -5.41056e-05 -5.43888e-07 
829 0.277289 0.768179 -0.00260646 0.000224186 -5.41132e-05 -5.2549e-07 
830 0.277293 0.768195 -0.00260653 0.000224182 -5.41247e-05 -5.0763e-07 
831 0.277297 0.76821 -0.00260666 0.000224204 -5.41319e-05 -4.90673e-07 
832 0.2773 0.768226 -0.00260674 0.000224199 -5.41431e-05 -4.74193e-07 
833 0.277304 0.768242 -0.00260687 0.000224221 -5.41499e-05 -4.58561e-07 
834 0.277308 0.768258 -0.00260695 0.000224216 -5.41606e-05 -4.43356e-07 
835 0.277312 0.768273 -0.00260707 0.000224237 -5.4167e-05 -4.28948e-07 
836 0.277316 0.768289 -0.00260715 0.000224232 -5.41773e-05 -4.14919e-07 
837 0.27732 0.768304 -0.00260728 0.000224253 -5.41833e-05 -4.01641e-07 
838 0.277323 0.768321 -0.00260736 0.000224247 -5.41932e-05 -3.88696e-07 
839 0.277327 0.768336 -0.00260749 0.000224268 -5.41987e-05 -3.76457e-07 
840 0.277331 0.768352 -0.00260756 0.000224262 -5.42082e-05 -3.64511e-07 
841 0.277335 0.768367 -0.00260769 0.000224283 -5.42133e-05 -3.53232e-07 
842 0.277338 0.768383 -0.00260777 0.000224277 -5.42223e-05 -3.42209e-07 
843 0.277342 0.768399 -0.0026079 0.000224298 -5.4227e-05 -3.31811e-07 
844 0.277346 0.768415 -0.00260797 0.000224292 -5.42356e-05 -3.21634e-07 
845 0.27735 0.76843 -0.0026081 0.000224312 -5.42398e-05 -3.12052e-07 
846 0.277354 0.768446 -0.00260818 0.000224306 -5.4248e-05 -3.02655e-07 
847 0.277358 0.768462 -0.00260831 0.000224326 -5.42518e-05 -2.93821e-07 
848 0.277361 0.768478 -0.00260839 0.000224319 -5.42596e-05 -2.85141e-07 
849 0.277365 0.768493 -0.00260851 0.00022434 -5.4263e-05 -2.76996e-07 
850 0.277369 0.768509 -0.00260859 0.000224333 -5.42703e-05 -2.68977e-07 
851 0.277373 0.768524 -0.00260872 0.000224353 -5.42733e-05 -2.61465e-07 
852 0.277377 0.768541 -0.0026088 0.000224346 -5.42802e-05 -2.54052e-07 
853 0.27738 0.768556 -0.00260893 0.000224367 -5.42828e-05 -2.47122e-07 
854 0.277384 0.768572 -0.002609 0.00022436 -5.42894e-05 -2.40267e-07 
855 0.277388 0.768587 -0.00260913 0.00022438 -5.42916e-05 -2.3387e-07 
856 0.277392 0.768603 -0.00260921 0.000224372 -5.42978e-05 -2.27528e-07 
857 0.277396 0.768618 -0.00260934 0.000224392 -5.42996e-05 -2.21622e-07 
858 0.277399 0.768635 -0.00260941 0.000224385 -5.43054e-05 -2.1575e-07 
859 0.277403 0.76865 -0.00260954 0.000224405 -5.43069e-05 -2.10293e-07 
860 0.277407 0.768666 -0.00260962 0.000224398 -5.43123e-05 -2.0485e-07 
861 0.277411 0.768681 -0.00260975 0.000224418 -5.43135e-05 -1.99807e-07 
862 0.277415 0.768697 -0.00260983 0.00022441 -5.43186e-05 -1.9476e-07 
863 0.277419 0.768713 -0.00260995 0.00022443 -5.43194e-05 -1.90093e-07 
864 0.277422 0.768729 -0.00261003 0.000224422 -5.43242e-05 -1.85407e-07 
865 0.277426 0.768744 -0.00261016 0.000224442 -5.43247e-05 -1.81086e-07 
866 0.27743 0.76876 -0.00261024 0.000224435 -5.43291e-05 -1.76731e-07 
867 0.277434 0.768775 -0.00261037 0.000224454 -5.43293e-05 -1.72727e-07 
868 0.277438 0.768792 -0.00261044 0.000224446 -5.43335e-05 -1.68673e-07 
869 0.277441 0.768807 -0.00261057 0.000224466 -5.43333e-05 -1.64957e-07 
870 0.277445 0.768823 -0.00261065 0.000224458 -5.43372e-05 -1.61181e-07 
871 0.277449 0.768838 -0.00261078 0.000224478 -5.43368e-05 -1.5773e-07 
872 0.277453 0.768854 -0.00261085 0.00022447 -5.43404e-05 -1.54205e-07 
873 0.277457 0.76887 -0.00261098 0.000224489 -5.43397e-05 -1.50993e-07 
874 0.27746 0.768886 -0.00261106 0.000224482 -5.43431e-05 -1.47697e-07 
875 0.277464 0.768901 -0.00261119 0.000224501 -5.43421e-05 -1.44705e-07 
876 0.277468 0.768917 -0.00261128 0.000224507 -5.43428e-05 -1.41721e-07 
877 0.277472 0.768933 -0.00261137 0.000224498 -5.43461e-05 -1.38727e-07 
878 0.277476 0.768948 -0.0026115 0.000224517 -5.43448e-05 -1.36027e-07 
879 0.277479 0.768964 -0.00261157 0.000224509 -5.43475e-05 -1.33219e-07 
880 0.277483 0.768979 -0.0026117 0.000224528 -5.4346e-05 -1.30693e-07 
881 0.277487 0.768996 -0.00261178 0.00022452 -5.43485e-05 -1.2805e-07 
882 0.277491 0.769011 -0.00261191 0.00022454 -5.43467e-05 -1.25679e-07 
883 0.277495 0.769027 -0.00261198 0.000224532 -5.4349e-05 -1.23186e-07 
884 0.277498 0.769042 -0.00261211 0.000224551 -5.4347e-05 -1.20957e-07 
885 0.277502 0.769058 -0.00261219 0.000224543 -5.43491e-05 -1.18599e-07 
886 0.277506 0.769074 -0.00261232 0.000224562 -5.43469e-05 -1.16499e-07 
887 0.27751 0.76909 -0.00261239 0.000224554 -5.43487e-05 -1.14262e-07 
888 0.277514 0.769105 -0.00261252 0.000224573 -5.43464e-05 -1.12278e-07 
889 0.277517 0.769121 -0.0026126 0.000224564 -5.4348e-05 -1.10151e-07 
890 0.277521 0.769136 -0.00261273 0.000224583 -5.43455e-05 -1.08273e-07 
891 0.277525 0.769153 -0.00261281 0.000224575 -5.43469e-05 -1.06244e-07 
892 0.277529 0.769168 -0.00261293 0.000224594 -5.43442e-05 -1.04458e-07 
893 0.277533 0.769184 -0.00261301 0.000224586 -5.43455e-05 -1.02519e-07 
894 0.277537 0.769199 -0.00261314 0.000224604 -5.43426e-05 -1.00818e-07 
895 0.27754 0.769215 -0.00261322 0.000224596 -5.43437e-05 -9.89592e-08 
896 0.277544 0.769231 -0.00261334 0.000224615 -5.43406e-05 -9.73324e-08 
897 0.277548 0.769247 -0.00261342 0.000224606 -5.43416e-05 -9.55438e-08 
898 0.277552 0.769262 -0.00261355 0.000224625 -5.43383e-05 -9.39854e-08 
899 0.277555 0.769278 -0.00261363 0.000224617 -5.43392e-05 -9.22595e-08 
900 0.277559 0.769293 -0.00261376 0.000224635 -5.43358e-05 -9.07596e-08 
901 0.277563 0.76931 -0.00261383 0.000224627 -5.43364e-05 -8.90902e-08 
902 0.277567 0.769325 -0.00261396 0.000224646 -5.43329e-05 -8.76435e-08 
903 0.277571 0.769341 -0.00261404 0.000224637 -5.43334e-05 -8.60247e-08 
904 0.277575 0.769356 -0.00261417 0.000224656 -5.43298e-05 -8.46239e-08 
905 0.277578 0.769372 -0.00261424 0.000224647 -5.43302e-05 -8.30476e-08 
906 0.277582 0.769388 -0.00261437 0.000224666 -5.43264e-05 -8.16883e-08 
907 0.277586 0.769404 -0.00261445 0.000224657 -5.43266e-05 -8.01504e-08 
908 0.27759 0.769419 -0.00261458 0.000224676 -5.43227e-05 -7.88273e-08 
909 0.277593 0.769435 -0.00261465 0.000224667 -5.43229e-05 -7.73215e-08 
910 0.277597 0.76945 -0.00261478 0.000224686 -5.43188e-05 -7.60292e-08 
911 0.277601 0.769467 -0.00261486 0.000224677 -5.43189e-05 -7.45528e-08 
912 0.277605 0.769482 -0.00261499 0.000224695 -5.43147e-05 -7.32859e-08 
913 0.277609 0.769498 -0.00261507 0.000224687 -5.43146e-05 -7.1836e-08 
914 0.277613 0.769513 -0.00261519 0.000224705 -5.43104e-05 -7.05899e-08 
915 0.277616 0.769529 -0.00261527 0.000224696 -5.43102e-05 -6.91604e-08 
916 0.27762 0.769545 -0.0026154 0.000224715 -5.43058e-05 -6.7935e-08 
917 0.277624 0.769561 -0.00261548 0.000224706 -5.43055e-05 -6.6522e-08 
918 0.277628 0.769576 -0.0026156 0.000224724 -5.4301e-05 -6.53129e-08 
919 0.277631 0.769592 -0.00261568 0.000224716 -5.43006e-05 -6.39127e-08 
920 0.277635 0.769607 -0.00261581 0.000224734 -5.42961e-05 -6.2717e-08 
921 0.277639 0.769624 -0.00261589 0.000224725 -5.42956e-05 -6.13287e-08 
922 0.277643 0.769639 -0.00261602 0.000224743 -5.42909e-05 -6.01414e-08 
923 0.277647 0.769655 -0.00261609 0.000224734 -5.42904e-05 -5.87625e-08 
924 0.27765 0.76967 -0.00261622 0.000224753 -5.42856e-05 -5.75844e-08 
925 0.277654 0.769686 -0.0026163 0.000224744 -5.4285e-05 -5.62107e-08 
926 0.277658 0.769702 -0.00261643 0.000224762 -5.42801e-05 -5.50382e-08 
927 0.277662 0.769718 -0.0026165 0.000224753 -5.42794e-05 -5.36681e-08 
928 0.277666 0.769733 -0.00261663 0.000224771 -5.42745e-05 -5.2499e-08 
929 0.277669 0.769749 -0.00261671 0.000224762 -5.42737e-05 -5.11347e-08 
930 0.277673 0.769764 -0.00261684 0.000224781 -5.42687e-05 -4.99645e-08 
931 0.277677 0.769781 -0.00261691 0.000224772 -5.42678e-05 -4.86003e-08 
932 0.277681 0.769796 -0.00261704 0.00022479 -5.42627e-05 -4.74315e-08 
933 0.277685 0.769812 -0.00261712 0.000224781 -5.42618e-05 -4.6066e-08 
934 0.277688 0.769827 -0.00261725 0.000224799 -5.42566e-05 -4.4897e-08 
935 0.277692 0.769843 -0.00261732 0.00022479 -5.42556e-05 -4.35284e-08 
936 0.277696 0.769859 -0.00261745 0.000224808 -5.42504e-05 -4.23567e-08 
937 0.2777 0.769875 -0.00261753 0.000224799 -5.42493e-05 -4.09872e-08 
938 0.277704 0.76989 -0.00261766 0.000224817 -5.42441e-05 -3.98114e-08 
939 0.277707 0.769906 -0.00261774 0.000224808 -5.42429e-05 -3.84367e-08 
940 0.277711 0.769921 -0.00261786 0.000224826 -5.42376e-05 -3.72561e-08 
941 0.277715 0.769938 -0.00261794 0.000224817 -5.42363e-05 -3.58754e-08 
942 0.277719 0.769953 -0.00261807 0.000224835 -5.4231e-05 -3.46895e-08 
943 0.277722 0.769969 -0.00261815 0.000224826 -5.42297e-05 -3.33039e-08 
944 0.277726 0.769984 -0.00261828 0.000224844 -5.42243e-05 -3.21118e-08 
945 0.27773 0.77 -0.00261835 0.000224835 -5.42229e-05 -3.07192e-08 
946 0.277734 0.770016 -0.00261848 0.000224853 -5.42174e-05 -2.95199e-08 
947 0.277738 0.770032 -0.00261856 0.000224844 -5.4216e-05 -2.8119e-08 
948 0.277741 0.770047 -0.00261869 0.000224862 -5.42105e-05 -2.6912e-08 
949 0.277745 0.770063 -0.00261876 0.000224853 -5.42091e-05 -2.55043e-08 
950 0.277749 0.770078 -0.00261889 0.000224871 -5.42035e-05 -2.429e-08 
951 0.277753 0.770095 -0.00261897 0.000224862 -5.4202e-05 -2.28742e-08 
952 0.277757 0.77011 -0.0026191 0.000224879 -5.41963e-05 -2.16506e-08 
953 0.27776 0.770126 -0.00261917 0.00022487 -5.41948e-05 -2.02263e-08 
954 0.277764 0.770141 -0.0026193 0.000224888 -5.41891e-05 -1.89938e-08 
955 0.277768 0.770157 -0.00261938 0.000224879 -5.41875e-05 -1.75597e-08 
956 0.277772 0.770173 -0.00261951 0.000224897 -5.41818e-05 -1.63188e-08 
957 0.277775 0.770189 -0.00261959 0.000224888 -5.41802e-05 -1.48756e-08 
958 0.277779 0.770204 -0.00261971 0.000224906 -5.41744e-05 -1.36254e-08 
959 0.277783 0.77022 -0.00261979 0.000224896 -5.41727e-05 -1.21727e-08 
960 0.277787 0.770235 -0.00261992 0.000224914 -5.41669e-05 -1.09127e-08 
961 0.277791 0.770252 -0.00262 0.000224905 -5.41652e-05 -9.44993e-09 
962 0.277794 0.770267 -0.00262012 0.000224923 -5.41594e-05 -8.18068e-09 
963 0.277798 0.770283 -0.0026202 0.000224914 -5.41576e-05 -6.70923e-09 
964 0.277802 0.770298 -0.00262033 0.000224932 -5.41518e-05 -5.42911e-09 
965 0.277806 0.770314 -0.00262041 0.000224922 -5.415e-05 -3.94738e-09 
966 0.27781 0.77033 -0.00262054 0.00022494 -5.4144e-05 -2.65737e-09 
967 0.277813 0.770346 -0.00262061 0.000224931 -5.41422e-05 -1.16597e-09 
968 0.277817 0.770361 -0.00262074 0.000224949 -5.41363e-05 1.34037e-10 
969 0.277821 0.770377 -0.00262082 0.000224939 -5.41344e-05 1.63516e-09 
970 0.277825 0.770392 -0.00262095 0.000224957 -5.41285e-05 2.94438e-09 
971 0.277828 0.770409 -0.00262102 0.000224948 -5.41266e-05 4.4563e-09 
972 0.277832 0.770424 -0.00262115 0.000224966 -5.41206e-05 5.77552e-09 
973 0.277836 0.77044 -0.00262123 0.000224956 -5.41186e-05 7.29563e-09 
974 0.27784 0.770455 -0.00262136 0.000224974 -5.41126e-05 8.62497e-09 
975 0.277844 0.770472 -0.00262143 0.000224965 -5.41107e-05 1.01551e-08 
976 0.277847 0.770487 -0.00262156 0.000224983 -5.41046e-05 1.14944e-08 
977 0.277851 0.770503 -0.00262164 0.000224973 -5.41026e-05 1.30343e-08 
978 0.277855 0.770518 -0.00262177 0.000224991 -5.40965e-05 1.43839e-08 
979 0.277859 0.770534 -0.00262185 0.000224982 -5.40945e-05 1.59338e-08 
980 0.277862 0.77055 -0.00262197 0.000224999 -5.40884e-05 1.72907e-08 
981 0.277866 0.770566 -0.00262205 0.00022499 -5.40864e-05 1.88516e-08 
982 0.27787 0.770581 -0.00262218 0.000225008 -5.40802e-05 2.02181e-08 
983 0.277874 0.770597 -0.00262227 0.000225012 -5.40757e-05 2.1685e-08 
984 0.277878 0.770613 -0.00262236 0.000225002 -5.4074e-05 2.32642e-08 
985 0.277881 0.770628 -0.00262249 0.00022502 -5.40679e-05 2.46462e-08 
986 0.277885 0.770644 -0.00262257 0.00022501 -5.40658e-05 2.6229e-08 
987 0.277889 0.77066 -0.00262269 0.000225028 -5.40596e-05 2.76198e-08 
988 0.277893 0.770676 -0.00262277 0.000225019 -5.40575e-05 2.92107e-08 
989 0.277896 0.770691 -0.0026229 0.000225037 -5.40513e-05 3.06094e-08 
990 0.2779 0.770707 -0.00262298 0.000225027 -5.40492e-05 3.22086e-08 
991 0.277904 0.770722 -0.00262311 0.000225045 -5.40429e-05 3.36169e-08 
992 0.277908 0.770739 -0.00262318 0.000225036 -5.40408e-05 3.52255e-08 
993 0.277912 0.770754 -0.00262331 0.000225053 -5.40345e-05 3.66426e-08 
994 0.277915 0.77077 -0.00262339 0.000225044 -5.40323e-05 3.82605e-08 
995 0.277919 0.770785 -0.00262352 0.000225062 -5.4026e-05 3.96846e-08 
996 0.277923 0.770801 -0.00262359 0.000225052 -5.40239e-05 4.13104e-08 
997 0.277927 0.770817 -0.00262372 0.00022507 -5.40175e-05 4.27435e-08 
998 0.27793 0.770833 -0.0026238 0.00022506 -5.40153e-05 4.43772e-08 
999 0.277934 0.770848 -0.00262393 0.000225078 -5.4009e-05 4.58173e-08 
1000 0.277938 0.770864 -0.00262401 0.000225069 -5.40068e-05 4.7459e-08 
1001 0.277942 0.77088 -0.00262413 0.000225086 -5.40004e-05 4.89086e-08 
1002 0.277945 0.770896 -0.00262421 0.000225077 -5.39982e-05 5.05579e-08 
1003 0.277949 0.770911 -0.00262434 0.000225095 -5.39918e-05 5.2014e-08 
1004 0.277953 0.770927 -0.00262442 0.000225085 -5.39896e-05 5.3671e-08 
1005 0.277957 0.770942 -0.00262455 0.000225103 -5.39832e-05 5.51347e-08 
1006 0.277961 0.770959 -0.00262462 0.000225093 -5.39809e-05 5.67999e-08 
1007 0.277964 0.770974 -0.00262475 0.000225111 -5.39745e-05 5.82695e-08 
1008 0.277968 0.77099 -0.00262483 0.000225102 -5.39723e-05 5.99422e-08 
1009 0.277972 0.771005 -0.00262496 0.000225119 -5.39658e-05 6.14197e-08 
1010 0.277976 0.771021 -0.00262503 0.00022511 -5.39636e-05 6.30992e-08 
1011 0.277979 0.771037 -0.00262516 0.000225127 -5.39571e-05 6.45828e-08 
1012 0.277983 0.771053 -0.00262524 0.000225118 -5.39548e-05 6.62684e-08 
1013 0.277987 0.771068 -0.00262537 0.000225136 -5.39484e-05 6.77604e-08 
1014 0.277991 0.771084 -0.00262545 0.000225126 -5.39461e-05 6.9452e-08 
1015 0.277994 0.7711 -0.00262557 0.000225144 -5.39396e-05 7.09501e-08 
1016 0.277998 0.771116 -0.00262565 0.000225134 -5.39373e-05 7.26491e-08 
1017 0.278002 0.771131 -0.00262578 0.000225152 -5.39308e-05 7.41526e-08 
1018 0.278006 0.771147 -0.00262586 0.000225142 -5.39285e-05 7.58578e-08 
1019 0.27801 0.771162 -0.00262599 0.00022516 -5.3922e-05 7.73682e-08 
1020 0.278013 0.771179 -0.00262606 0.00022515 -5.39196e-05 7.90782e-08 
1021 0.278017 0.771194 -0.00262619 0.000225168 -5.39131e-05 8.0595e-08 
1022 0.278021 0.77121 -0.00262627 0.000225158 -5.39108e-05 8.23117e-08 
1023 0.278025 0.771225 -0.0026264 0.000225176 -5.39043e-05 8.38344e-08 
1024 0.278028 0.771242 -0.00262647 0.000225167 -5.39019e-05 8.55564e-08 
1025 0.278032 0.771257 -0.0026266 0.000225184 -5.38954e-05 8.70849e-08 
1026 0.278036 0.771273 -0.00262668 0.000225175 -5.3893e-05 8.88116e-08 
1027 0.27804 0.771288 -0.00262681 0.000225192 -5.38865e-05 9.03453e-08 
1028 0.278043 0.771304 -0.00262689 0.000225183 -5.38841e-05 9.20793e-08 
1029 0.278047 0.77132 -0.00262701 0.0002252 -5.38776e-05 9.36171e-08 
1030 0.278051 0.771336 -0.00262709 0.000225191 -5.38752e-05 9.5356e-08 
1031 0.278055 0.771351 -0.00262722 0.000225208 -5.38686e-05 9.68998e-08 
1032 0.278058 0.771367 -0.0026273 0.000225199 -5.38662e-05 9.86439e-08 
1033 0.278062 0.771383 -0.00262743 0.000225216 -5.38597e-05 1.00191e-07 
1034 0.278066 0.771399 -0.0026275 0.000225207 -5.38572e-05 1.0194e-07 
1035 0.27807 0.771414 -0.00262763 0.000225224 -5.38507e-05 1.03494e-07 
1036 0.278073 0.77143 -0.00262771 0.000225215 -5.38483e-05 1.05246e-07 
1037 0.278077 0.771445 -0.00262784 0.000225232 -5.38417e-05 1.06805e-07 
1038 0.278081 0.771462 -0.00262792 0.000225223 -5.38392e-05 1.08562e-07 
1039 0.278085 0.771477 -0.00262804 0.000225241 -5.38327e-05 1.10125e-07 
1040 0.278088 0.771493 -0.00262812 0.000225231 -5.38302e-05 1.11887e-07 
1041 0.278092 0.771508 -0.00262825 0.000225249 -5.38237e-05 1.13454e-07 
1042 0.278096 0.771525 -0.00262833 0.000225239 -5.38212e-05 1.1522e-07 
1043 0.2781 0.77154 -0.00262846 0.000225257 -5.38146e-05 1.16792e-07 
1044 0.278104 0.771556 -0.00262853 0.000225247 -5.38122e-05 1.18564e-07 
1045 0.278107 0.771571 -0.00262866 0.000225265 -5.38056e-05 1.20139e-07 
1046 0.278111 0.771587 -0.00262874 0.000225255 -5.38031e-05 1.21913e-07 
1047 0.278115 0.771603 -0.00262887 0.000225273 -5.37965e-05 1.23492e-07 
1048 0.278119 0.771619 -0.00262895 0.000225263 -5.3794e-05 1.25271e-07 
1049 0.278122 0.771634 -0.00262907 0.000225281 -5.37874e-05 1.26854e-07 
1050 0.278126 0.77165 -0.00262915 0.000225271 -5.37849e-05 1.28636e-07 
1051 0.27813 0.771666 -0.00262928 0.000225289 -5.37783e-05 1.30223e-07 
1052 0.278134 0.771682 -0.00262936 0.000225279 -5.37758e-05 1.32009e-07 
1053 0.278137 0.771697 -0.00262949 0.000225296 -5.37692e-05 1.336e-07 
1054 0.278141 0.771713 -0.00262956 0.000225287 -5.37667e-05 1.35388e-07 
1055 0.278145 0.771728 -0.00262969 0.000225304 -5.37601e-05 1.36983e-07 
1056 0.278149 0.771745 -0.00262977 0.000225295 -5.37576e-05 1.38775e-07 
1057 0.278152 0.77176 -0.0026299 0.000225312 -5.3751e-05 1.40372e-07 
1058 0.278156 0.771776 -0.00262997 0.000225303 -5.37485e-05 1.42169e-07 
1059 0.27816 0.771791 -0.0026301 0.00022532 -5.37419e-05 1.43769e-07 
1060 0.278164 0.771808 -0.00263018 0.000225311 -5.37393e-05 1.45568e-07 
1061 0.278167 0.771823 -0.00263031 0.000225328 -5.37327e-05 1.47172e-07 
1062 0.278171 0.771839 -0.00263039 0.000225319 -5.37302e-05 1.48974e-07 
1063 0.278175 0.771854 -0.00263052 0.000225336 -5.37236e-05 1.5058e-07 
1064 0.278179 0.771871 -0.00263059 0.000225327 -5.3721e-05 1.52386e-07 
1065 0.278182 0.771886 -0.00263072 0.000225344 -5.37144e-05 1.53995e-07 
1066 0.278186 0.771902 -0.0026308 0.000225335 -5.37119e-05 1.55803e-07 
1067 0.27819 0.771917 -0.00263093 0.000225352 -5.37052e-05 1.57415e-07 
