# record data: step_count | foot_step (x y)
0 0 0.037 
1 0 0.037 
2 0 0.037 
3 0 0.037 
4 0 0.037 
5 0 0.037 
6 0 0.037 
7 0 0.037 
8 0 0.037 
9 0 0.037 
10 0 0.037 
11 0 0.037 
12 0 0.037 
13 0 0.037 
14 0 0.037 
15 0 0.037 
16 0 0.037 
17 0 0.037 
18 0 0.037 
19 0 0.037 
20 0 0.037 
21 0 0.037 
22 0 0.037 
23 0 0.037 
24 0 0.037 
25 0 0.037 
26 0 0.037 
27 0 0.037 
28 0 0.037 
29 0 0.037 
30 0 0.037 
31 0 0.037 
32 0 0.037 
33 0 0.037 
34 0 0.037 
35 0 0.037 
36 0 0.037 
37 0 0.037 
38 0 0.037 
39 0 0.037 
40 0 0.037 
41 0 0.037 
42 0 0.037 
43 0 0.037 
44 0 0.037 
45 0 0.037 
46 0 0.037 
47 0 0.037 
48 0 0.037 
49 0 0.037 
50 0 0.037 
51 0 0.037 
52 0 0.037 
53 0 0.037 
54 0 0.037 
55 0 0.037 
56 0 0.037 
57 0 0.037 
58 0 0.037 
59 0 0.037 
60 0 0.037 
61 0 0.037 
62 0 0.037 
63 0 0.037 
64 0 0.037 
65 0 0.037 
66 0 0.037 
67 0 0.037 
68 0 0.037 
69 0 0.037 
70 0 0.037 
71 0 0.037 
72 0 0.037 
73 0 0.037 
74 0 0.037 
75 0 0.037 
76 0 0.037 
77 0 0.037 
78 0 0.037 
79 0 0.037 
80 0 0.074 
81 0 0.074 
82 0 0.074 
83 0 0.074 
84 0 0.074 
85 0 0.074 
86 0 0.074 
87 0 0.074 
88 0 0.074 
89 0 0.074 
90 0 0.074 
91 0 0.074 
92 0 0.074 
93 0 0.074 
94 0 0.074 
95 0 0.074 
96 0 0.074 
97 0 0.074 
98 0 0.074 
99 0 0.074 
100 0 0.074 
101 0 0.074 
102 0 0.074 
103 0 0.074 
104 0 0.074 
105 0 0.074 
106 0 0.074 
107 0 0.074 
108 0 0.074 
109 0 0.074 
110 0 0.074 
111 0 0.074 
112 0 0.074 
113 0 0.074 
114 0 0.074 
115 0 0.074 
116 0 0.074 
117 0 0.074 
118 0 0.074 
119 0 0.074 
120 0 0.074 
121 0 0.074 
122 0 0.074 
123 0 0.074 
124 0 0.074 
125 0 0.074 
126 0 0.074 
127 0 0.074 
128 0 0.074 
129 0 0.074 
130 0 0.074 
131 0 0.074 
132 0 0.074 
133 0 0.074 
134 0 0.074 
135 0 0.074 
136 0 0.074 
137 0 0.074 
138 0 0.074 
139 0 0.074 
140 0 0.074 
141 0 0.074 
142 0 0.074 
143 0 0.074 
144 0 0.074 
145 0 0.074 
146 0 0.074 
147 0 0.074 
148 0 0.074 
149 0 0.074 
150 0 0.074 
151 0 0.074 
152 0 0.074 
153 0 0.074 
154 0 0.074 
155 0 0.074 
156 0 0.074 
157 0 0.074 
158 0 0.074 
159 0 0.074 
160 0.03 0 
161 0.03 0 
162 0.03 0 
163 0.03 0 
164 0.03 0 
165 0.03 0 
166 0.03 0 
167 0.03 0 
168 0.03 0 
169 0.03 0 
170 0.03 0 
171 0.03 0 
172 0.03 0 
173 0.03 0 
174 0.03 0 
175 0.03 0 
176 0.03 0 
177 0.03 0 
178 0.03 0 
179 0.03 0 
180 0.03 0 
181 0.03 0 
182 0.03 0 
183 0.03 0 
184 0.03 0 
185 0.03 0 
186 0.03 0 
187 0.03 0 
188 0.03 0 
189 0.03 0 
190 0.03 0 
191 0.03 0 
192 0.03 0 
193 0.03 0 
194 0.03 0 
195 0.03 0 
196 0.03 0 
197 0.03 0 
198 0.03 0 
199 0.03 0 
200 0.03 0 
201 0.03 0 
202 0.03 0 
203 0.03 0 
204 0.03 0 
205 0.03 0 
206 0.03 0 
207 0.03 0 
208 0.03 0 
209 0.03 0 
210 0.03 0 
211 0.03 0 
212 0.03 0 
213 0.03 0 
214 0.03 0 
215 0.03 0 
216 0.03 0 
217 0.03 0 
218 0.03 0 
219 0.03 0 
220 0.03 0 
221 0.03 0 
222 0.03 0 
223 0.03 0 
224 0.03 0 
225 0.03 0 
226 0.03 0 
227 0.03 0 
228 0.03 0 
229 0.03 0 
230 0.03 0 
231 0.03 0 
232 0.03 0 
233 0.03 0 
234 0.03 0 
235 0.03 0 
236 0.03 0 
237 0.03 0 
238 0.03 0 
239 0.03 0 
240 0.06 0.074 
241 0.06 0.074 
242 0.06 0.074 
243 0.06 0.074 
244 0.06 0.074 
245 0.06 0.074 
246 0.06 0.074 
247 0.06 0.074 
248 0.06 0.074 
249 0.06 0.074 
250 0.06 0.074 
251 0.06 0.074 
252 0.06 0.074 
253 0.06 0.074 
254 0.06 0.074 
255 0.06 0.074 
256 0.06 0.074 
257 0.06 0.074 
258 0.06 0.074 
259 0.06 0.074 
260 0.06 0.074 
261 0.06 0.074 
262 0.06 0.074 
263 0.06 0.074 
264 0.06 0.074 
265 0.06 0.074 
266 0.06 0.074 
267 0.06 0.074 
268 0.06 0.074 
269 0.06 0.074 
270 0.06 0.074 
271 0.06 0.074 
272 0.06 0.074 
273 0.06 0.074 
274 0.06 0.074 
275 0.06 0.074 
276 0.06 0.074 
277 0.06 0.074 
278 0.06 0.074 
279 0.06 0.074 
280 0.06 0.074 
281 0.06 0.074 
282 0.06 0.074 
283 0.06 0.074 
284 0.06 0.074 
285 0.06 0.074 
286 0.06 0.074 
287 0.06 0.074 
288 0.06 0.074 
289 0.06 0.074 
290 0.06 0.074 
291 0.06 0.074 
292 0.06 0.074 
293 0.06 0.074 
294 0.06 0.074 
295 0.06 0.074 
296 0.06 0.074 
297 0.06 0.074 
298 0.06 0.074 
299 0.06 0.074 
300 0.06 0.074 
301 0.06 0.074 
302 0.06 0.074 
303 0.06 0.074 
304 0.06 0.074 
305 0.06 0.074 
306 0.06 0.074 
307 0.06 0.074 
308 0.06 0.074 
309 0.06 0.074 
310 0.06 0.074 
311 0.06 0.074 
312 0.06 0.074 
313 0.06 0.074 
314 0.06 0.074 
315 0.06 0.074 
316 0.06 0.074 
317 0.06 0.074 
318 0.06 0.074 
319 0.06 0.074 
320 0.09 0 
321 0.09 0 
322 0.09 0 
323 0.09 0 
324 0.09 0 
325 0.09 0 
326 0.09 0 
327 0.09 0 
328 0.09 0 
329 0.09 0 
330 0.09 0 
331 0.09 0 
332 0.09 0 
333 0.09 0 
334 0.09 0 
335 0.09 0 
336 0.09 0 
337 0.09 0 
338 0.09 0 
339 0.09 0 
340 0.09 0 
341 0.09 0 
342 0.09 0 
343 0.09 0 
344 0.09 0 
345 0.09 0 
346 0.09 0 
347 0.09 0 
348 0.09 0 
349 0.09 0 
350 0.09 0 
351 0.09 0 
352 0.09 0 
353 0.09 0 
354 0.09 0 
355 0.09 0 
356 0.09 0 
357 0.09 0 
358 0.09 0 
359 0.09 0 
360 0.09 0 
361 0.09 0 
362 0.09 0 
363 0.09 0 
364 0.09 0 
365 0.09 0 
366 0.09 0 
367 0.09 0 
368 0.09 0 
369 0.09 0 
370 0.09 0 
371 0.09 0 
372 0.09 0 
373 0.09 0 
374 0.09 0 
375 0.09 0 
376 0.09 0 
377 0.09 0 
378 0.09 0 
379 0.09 0 
380 0.09 0 
381 0.09 0 
382 0.09 0 
383 0.09 0 
384 0.09 0 
385 0.09 0 
386 0.09 0 
387 0.09 0 
388 0.09 0 
389 0.09 0 
390 0.09 0 
391 0.09 0 
392 0.09 0 
393 0.09 0 
394 0.09 0 
395 0.09 0 
396 0.09 0 
397 0.09 0 
398 0.09 0 
399 0.09 0 
400 0.12 0.074 
401 0.12 0.074 
402 0.12 0.074 
403 0.12 0.074 
404 0.12 0.074 
405 0.12 0.074 
406 0.12 0.074 
407 0.12 0.074 
408 0.12 0.074 
409 0.12 0.074 
410 0.12 0.074 
411 0.12 0.074 
412 0.12 0.074 
413 0.12 0.074 
414 0.12 0.074 
415 0.12 0.074 
416 0.12 0.074 
417 0.12 0.074 
418 0.12 0.074 
419 0.12 0.074 
420 0.12 0.074 
421 0.12 0.074 
422 0.12 0.074 
423 0.12 0.074 
424 0.12 0.074 
425 0.12 0.074 
426 0.12 0.074 
427 0.12 0.074 
428 0.12 0.074 
429 0.12 0.074 
430 0.12 0.074 
431 0.12 0.074 
432 0.12 0.074 
433 0.12 0.074 
434 0.12 0.074 
435 0.12 0.074 
436 0.12 0.074 
437 0.12 0.074 
438 0.12 0.074 
439 0.12 0.074 
440 0.12 0.074 
441 0.12 0.074 
442 0.12 0.074 
443 0.12 0.074 
444 0.12 0.074 
445 0.12 0.074 
446 0.12 0.074 
447 0.12 0.074 
448 0.12 0.074 
449 0.12 0.074 
450 0.12 0.074 
451 0.12 0.074 
452 0.12 0.074 
453 0.12 0.074 
454 0.12 0.074 
455 0.12 0.074 
456 0.12 0.074 
457 0.12 0.074 
458 0.12 0.074 
459 0.12 0.074 
460 0.12 0.074 
461 0.12 0.074 
462 0.12 0.074 
463 0.12 0.074 
464 0.12 0.074 
465 0.12 0.074 
466 0.12 0.074 
467 0.12 0.074 
468 0.12 0.074 
469 0.12 0.074 
470 0.12 0.074 
471 0.12 0.074 
472 0.12 0.074 
473 0.12 0.074 
474 0.12 0.074 
475 0.12 0.074 
476 0.12 0.074 
477 0.12 0.074 
478 0.12 0.074 
479 0.12 0.074 
480 0.12 0.037 
481 0.12 0.037 
482 0.12 0.037 
483 0.12 0.037 
484 0.12 0.037 
485 0.12 0.037 
486 0.12 0.037 
487 0.12 0.037 
488 0.12 0.037 
489 0.12 0.037 
490 0.12 0.037 
491 0.12 0.037 
492 0.12 0.037 
493 0.12 0.037 
494 0.12 0.037 
495 0.12 0.037 
496 0.12 0.037 
497 0.12 0.037 
498 0.12 0.037 
499 0.12 0.037 
500 0.12 0.037 
501 0.12 0.037 
502 0.12 0.037 
503 0.12 0.037 
504 0.12 0.037 
505 0.12 0.037 
506 0.12 0.037 
507 0.12 0.037 
508 0.12 0.037 
509 0.12 0.037 
510 0.12 0.037 
511 0.12 0.037 
512 0.12 0.037 
513 0.12 0.037 
514 0.12 0.037 
515 0.12 0.037 
516 0.12 0.037 
517 0.12 0.037 
518 0.12 0.037 
519 0.12 0.037 
520 0.12 0.037 
521 0.12 0.037 
522 0.12 0.037 
523 0.12 0.037 
524 0.12 0.037 
525 0.12 0.037 
526 0.12 0.037 
527 0.12 0.037 
528 0.12 0.037 
529 0.12 0.037 
530 0.12 0.037 
531 0.12 0.037 
532 0.12 0.037 
533 0.12 0.037 
534 0.12 0.037 
535 0.12 0.037 
536 0.12 0.037 
537 0.12 0.037 
538 0.12 0.037 
539 0.12 0.037 
540 0.12 0.037 
541 0.12 0.037 
542 0.12 0.037 
543 0.12 0.037 
544 0.12 0.037 
545 0.12 0.037 
546 0.12 0.037 
547 0.12 0.037 
548 0.12 0.037 
549 0.12 0.037 
550 0.12 0.037 
551 0.12 0.037 
552 0.12 0.037 
553 0.12 0.037 
554 0.12 0.037 
555 0.12 0.037 
556 0.12 0.037 
557 0.12 0.037 
558 0.12 0.037 
559 0.12 0.037 
