# record data: step_count | acceleration (x y z) | gyro (x y z)
0 0.0854122 -0.00056638 -2.84983e-05 -0 -0 0 
1 0.0846361 -0.00164629 -0.000357377 0.000106396 -0.000116505 -0.00312178 
2 1.68649 -0.00536428 2.30697 0.000346187 0.087422 -0.00160571 
3 -1.60467 0.0044618 -2.70773 9.59987e-05 -0.00449427 -0.00305303 
4 -0.0146252 -5.68672e-05 0.0306678 7.03876e-05 -0.00954473 -0.0030103 
5 0.0933245 -0.000460775 0.0711398 6.68015e-05 -0.00884218 -0.00296816 
6 0.0991939 -0.000492038 0.0582251 6.51334e-05 -0.00786098 -0.0029266 
7 0.0981984 -0.000493329 0.0468717 6.37697e-05 -0.00696492 -0.00288563 
8 0.0968646 -0.000490965 0.0377148 6.25126e-05 -0.00616811 -0.00284522 
9 0.0956313 -0.000488873 0.030347 6.13755e-05 -0.00546163 -0.00280538 
10 0.0945195 -0.00048564 0.0244191 6.02952e-05 -0.00483591 -0.0027661 
11 0.0935219 -0.000483006 0.0196494 5.93022e-05 -0.00428219 -0.00272736 
12 0.0926291 -0.000479367 0.0158116 5.83401e-05 -0.00379255 -0.00268917 
13 0.0918319 -0.000476428 0.0127234 5.74445e-05 -0.00335986 -0.00265151 
14 0.0911216 -0.000472564 0.0102382 5.65631e-05 -0.00297772 -0.00261438 
15 0.0904898 -0.000469465 0.00823817 5.57348e-05 -0.00264043 -0.00257777 
16 0.0899289 -0.000465495 0.00662852 5.49101e-05 -0.00234286 -0.00254167 
17 0.0894317 -0.000462331 0.00533293 5.41298e-05 -0.00208045 -0.00250607 
18 0.0889915 -0.00045833 0.00429006 5.33463e-05 -0.00184914 -0.00247098 
19 0.0886025 -0.000455164 0.00345053 5.26019e-05 -0.00164533 -0.00243637 
20 0.0882592 -0.000451182 0.00277464 5.185e-05 -0.00146581 -0.00240225 
21 0.0879565 -0.000448052 0.00223043 5.11339e-05 -0.00130772 -0.00236861 
22 0.0876901 -0.000444119 0.00179221 5.04075e-05 -0.00116855 -0.00233544 
23 0.087456 -0.000441049 0.00143928 4.97149e-05 -0.00104607 -0.00230273 
24 0.0872504 -0.000437184 0.00115502 4.90104e-05 -0.000938302 -0.00227048 
25 0.0870702 -0.000434188 0.000926028 4.83384e-05 -0.000843494 -0.00223868 
26 0.0869125 -0.000430402 0.000741531 4.76536e-05 -0.000760106 -0.00220733 
27 0.0867746 -0.000427488 0.00059286 4.70004e-05 -0.000686776 -0.00217642 
28 0.0866544 -0.000423787 0.000473036 4.63338e-05 -0.0006223 -0.00214594 
29 0.0865498 -0.000420959 0.000376443 4.56985e-05 -0.000565619 -0.00211589 
30 0.0864589 -0.000417345 0.000298561 4.50493e-05 -0.000515795 -0.00208625 
31 0.0863802 -0.000414605 0.00023575 4.4431e-05 -0.000472006 -0.00205704 
32 0.0863122 -0.000411078 0.000185081 4.37987e-05 -0.000433524 -0.00202823 
33 0.0862536 -0.000408425 0.000144195 4.31971e-05 -0.000399709 -0.00199983 
34 0.0862034 -0.000404984 0.000111195 4.25812e-05 -0.000369998 -0.00197182 
35 0.0861605 -0.000402417 8.45494e-05 4.19958e-05 -0.000343896 -0.00194421 
36 0.0861241 -0.000399061 6.30281e-05 4.1396e-05 -0.000320966 -0.00191698 
37 0.0860934 -0.000396578 4.56386e-05 4.08266e-05 -0.000300823 -0.00189013 
38 0.0860677 -0.000393305 3.15819e-05 4.02426e-05 -0.00028313 -0.00186366 
39 0.0860465 -0.000390904 2.02139e-05 3.96889e-05 -0.000267591 -0.00183756 
40 0.0860291 -0.000387712 1.1016e-05 3.91204e-05 -0.000253943 -0.00181183 
41 0.0860151 -0.00038539 3.56968e-06 3.8582e-05 -0.000241956 -0.00178646 
42 0.0860042 -0.000382276 -2.46198e-06 3.80287e-05 -0.00023143 -0.00176144 
43 0.0859959 -0.000380031 -7.35093e-06 3.75053e-05 -0.000222187 -0.00173677 
44 0.0859899 -0.000376994 -1.13164e-05 3.69669e-05 -0.00021407 -0.00171245 
45 0.0859859 -0.000374824 -1.45352e-05 3.64582e-05 -0.000206943 -0.00168847 
46 0.0859838 -0.00037186 -1.71501e-05 3.59344e-05 -0.000200684 -0.00166483 
47 0.0859833 -0.000369763 -1.92764e-05 3.54401e-05 -0.000195189 -0.00164151 
48 0.0859841 -0.000366871 -2.10069e-05 3.49304e-05 -0.000190364 -0.00161852 
49 0.0859862 -0.000364845 -2.24169e-05 3.44501e-05 -0.000186128 -0.00159586 
50 0.0859893 -0.000362022 -2.3567e-05 3.39543e-05 -0.000182409 -0.00157351 
51 0.0859934 -0.000360064 -2.45064e-05 3.34877e-05 -0.000179144 -0.00155148 
52 0.0859982 -0.000357309 -2.52747e-05 3.30054e-05 -0.000176277 -0.00152975 
53 0.0860039 -0.000355418 -2.59041e-05 3.25521e-05 -0.00017376 -0.00150833 
54 0.0860101 -0.000352728 -2.64204e-05 3.20829e-05 -0.00017155 -0.00148721 
55 0.086017 -0.000350901 -2.68449e-05 3.16425e-05 -0.00016961 -0.00146638 
56 0.0860243 -0.000348275 -2.71944e-05 3.11862e-05 -0.000167907 -0.00144585 
57 0.086032 -0.000346511 -2.7483e-05 3.07584e-05 -0.000166412 -0.0014256 
58 0.0860402 -0.000343947 -2.77217e-05 3.03145e-05 -0.000165099 -0.00140564 
59 0.0860486 -0.000342243 -2.79198e-05 2.9899e-05 -0.000163946 -0.00138595 
60 0.0860574 -0.000339739 -2.80845e-05 2.94671e-05 -0.000162935 -0.00136655 
61 0.0860664 -0.000338095 -2.8222e-05 2.90636e-05 -0.000162047 -0.00134741 
62 0.0860757 -0.000335649 -2.83372e-05 2.86435e-05 -0.000161267 -0.00132854 
63 0.0860851 -0.000334063 -2.8434e-05 2.82515e-05 -0.000160582 -0.00130994 
64 0.0860947 -0.000331674 -2.85157e-05 2.78429e-05 -0.000159981 -0.0012916 
65 0.0861045 -0.000330143 -2.85851e-05 2.74622e-05 -0.000159454 -0.00127351 
66 0.0861144 -0.000327809 -2.86441e-05 2.70646e-05 -0.00015899 -0.00125568 
67 0.0861244 -0.000326333 -2.86947e-05 2.66949e-05 -0.000158584 -0.0012381 
68 0.0861345 -0.000324052 -2.87383e-05 2.63081e-05 -0.000158227 -0.00122076 
69 0.0861447 -0.000322629 -2.87761e-05 2.5949e-05 -0.000157913 -0.00120367 
70 0.086155 -0.0003204 -2.88091e-05 2.55727e-05 -0.000157638 -0.00118681 
71 0.0861654 -0.000319028 -2.88381e-05 2.5224e-05 -0.000157396 -0.0011702 
72 0.0861758 -0.00031685 -2.88637e-05 2.48579e-05 -0.000157184 -0.00115381 
73 0.0861863 -0.000315528 -2.88866e-05 2.45191e-05 -0.000156998 -0.00113765 
74 0.0861968 -0.0003134 -2.89071e-05 2.41629e-05 -0.000156834 -0.00112172 
75 0.0862074 -0.000312126 -2.89257e-05 2.3834e-05 -0.00015669 -0.00110602 
76 0.086218 -0.000310045 -2.89426e-05 2.34874e-05 -0.000156564 -0.00109053 
77 0.0862286 -0.000308818 -2.89581e-05 2.3168e-05 -0.000156453 -0.00107526 
78 0.0862393 -0.000306784 -2.89725e-05 2.28307e-05 -0.000156356 -0.00106021 
79 0.08625 -0.000305603 -2.89859e-05 2.25205e-05 -0.00015627 -0.00104536 
80 0.0862607 -0.000303614 -2.89984e-05 2.21924e-05 -0.000156195 -0.00103073 
81 0.0862714 -0.000302478 -2.90103e-05 2.18911e-05 -0.000156129 -0.00101629 
82 0.0862822 -0.000300533 -2.90215e-05 2.15718e-05 -0.000156071 -0.00100207 
83 0.0862929 -0.00029944 -2.90323e-05 2.12792e-05 -0.00015602 -0.000988035 
84 0.0863037 -0.000297538 -2.90426e-05 2.09685e-05 -0.000155976 -0.000974202 
85 0.0863145 -0.000296487 -2.90526e-05 2.06844e-05 -0.000155936 -0.000960562 
86 0.0863253 -0.000294626 -2.90622e-05 2.03821e-05 -0.000155902 -0.000947113 
87 0.0863361 -0.000293617 -2.90715e-05 2.01062e-05 -0.000155871 -0.000933853 
88 0.0863469 -0.000291796 -2.90806e-05 1.98119e-05 -0.000155845 -0.000920778 
89 0.0863577 -0.000290826 -2.90896e-05 1.95441e-05 -0.000155821 -0.000907887 
90 0.0863686 -0.000289045 -2.90983e-05 1.92577e-05 -0.000155801 -0.000895176 
91 0.0863794 -0.000288114 -2.91069e-05 1.89976e-05 -0.000155782 -0.000882643 
92 0.0863902 -0.000286371 -2.91153e-05 1.87189e-05 -0.000155766 -0.000870286 
93 0.0864011 -0.000285477 -2.91237e-05 1.84663e-05 -0.000155752 -0.000858102 
94 0.0864119 -0.000283772 -2.91319e-05 1.81951e-05 -0.00015574 -0.000846088 
95 0.0864227 -0.000282915 -2.91401e-05 1.79499e-05 -0.000155729 -0.000834243 
96 0.0864336 -0.000281245 -2.91482e-05 1.76859e-05 -0.000155719 -0.000822564 
97 0.0864444 -0.000280424 -2.91563e-05 1.74478e-05 -0.000155711 -0.000811048 
98 0.0864553 -0.000278789 -2.91642e-05 1.71908e-05 -0.000155703 -0.000799693 
99 0.0864661 -0.000278002 -2.91722e-05 1.69597e-05 -0.000155697 -0.000788498 
100 0.086477 -0.000276402 -2.91801e-05 1.67095e-05 -0.000155691 -0.00077746 
101 0.0864879 -0.000275648 -2.91879e-05 1.64852e-05 -0.000155686 -0.000766576 
102 0.0864987 -0.000274081 -2.91957e-05 1.62417e-05 -0.000155681 -0.000755844 
103 0.0865096 -0.000273361 -2.92035e-05 1.60239e-05 -0.000155677 -0.000745263 
104 0.0865204 -0.000271825 -2.92113e-05 1.57868e-05 -0.000155674 -0.00073483 
105 0.0865313 -0.000271137 -2.92191e-05 1.55754e-05 -0.000155671 -0.000724543 
106 0.0865421 -0.000269633 -2.92268e-05 1.53447e-05 -0.000155668 -0.000714401 
107 0.086553 -0.000268975 -2.92345e-05 1.51394e-05 -0.000155665 -0.0007044 
108 0.0865546 0.00180411 0.000466676 7.88702e-05 -0.000156121 -0.000694527 
109 0.0865788 0.00604801 -6.28633e-05 0.000248729 -0.000155672 -0.000684749 
110 0.0865914 0.0103389 -6.74721e-05 0.000492973 -0.000154751 -0.000675063 
111 0.0866035 0.0145191 -6.2003e-05 0.00079341 -0.00015318 -0.000665467 
112 0.0866159 0.0185983 -5.59668e-05 0.00113606 -0.000150726 -0.000655958 
113 0.0866286 0.0225962 -4.94907e-05 0.00151018 -0.000147124 -0.000646534 
114 0.0866417 0.0265385 -4.24991e-05 0.00190749 -0.000142073 -0.000637193 
115 0.0866553 0.0304493 -3.48937e-05 0.00232198 -0.000135226 -0.000627934 
116 0.0866692 0.034358 -2.65543e-05 0.00274932 -0.000126183 -0.000618755 
117 0.0866837 0.0382908 -1.73367e-05 0.00318677 -0.000114483 -0.000609654 
118 0.0866986 0.0422791 -7.06846e-06 0.00363274 -9.95848e-05 -0.000600628 
119 0.086714 0.0463515 4.45449e-06 0.00408677 -8.08636e-05 -0.000591677 
120 0.0867298 0.0505403 1.74721e-05 0.00454914 -5.75881e-05 -0.000582799 
121 0.0867461 0.0548764 3.22668e-05 0.00502094 -2.89055e-05 -0.00057399 
122 0.0867627 0.0593938 4.9168e-05 0.0055038 6.18073e-06 -0.000565249 
123 0.0867796 0.0641249 6.85615e-05 0.00599991 4.88348e-05 -0.000556574 
124 0.0867968 0.0691059 9.0896e-05 0.0065118 0.000100417 -0.000547964 
125 0.0868141 0.0743716 0.000116696 0.0070425 0.000162518 -0.000539415 
126 0.0868314 0.0799606 0.00014657 0.00759524 0.000236995 -0.000530929 
127 0.0868486 0.0859106 0.000181228 0.00817365 0.000326019 -0.000522502 
128 0.0868654 0.0922635 0.000221496 0.00878156 0.000432127 -0.000514137 
129 0.0868818 0.0990612 0.000268336 0.00942314 0.000558281 -0.000505835 
130 0.0868973 0.106349 0.000322864 0.0101027 0.000707939 -0.000497598 
131 0.0869118 0.114173 0.000386383 0.010825 0.000885141 -0.000489434 
132 -40.1775 0.110057 1.18999 0.0121886 1.34447 -0.000501482 
133 -13.4129 0.535451 -0.364 -0.00871185 0.277415 -0.00048156 
134 -2.97859 0.286354 -0.392621 -0.015777 -0.197201 -0.000500247 
135 2.12443 0.178806 -0.266036 -0.0165634 -0.367571 -0.000525252 
136 4.36482 0.141649 -0.170523 -0.0147938 -0.390717 -0.000550537 
137 28.4877 0.150848 -0.381458 -0.012842 -1.16303 -0.000574636 
138 13.3709 0.133733 0.0445585 -0.00932512 -0.453731 -0.000599048 
139 6.71385 0.168791 0.170119 -0.00695634 -0.101125 -0.000597083 
140 3.15264 0.195668 0.0921193 -0.00519827 0.0605439 -0.000592509 
141 1.29931 0.219682 0.042544 -0.00382582 0.123234 -0.000587506 
142 0.379039 0.243095 0.016853 -0.0027303 0.137131 -0.000583042 
143 -0.0417928 0.266886 0.00471548 -0.0018499 0.129055 -0.000579641 
144 -0.203437 0.291525 -0.000205383 -0.00114224 0.112892 -0.000577701 
145 -0.237014 0.31729 -0.00144397 -0.000573568 0.095487 -0.00057763 
146 -0.212567 0.344406 -0.000896809 -0.000115522 0.0799334 -0.000579913 
147 -0.166327 0.373091 0.000456943 0.000256296 0.0673951 -0.000585157 
148 -0.116102 0.40357 0.00213955 0.000562203 0.0580981 -0.000594125 
149 -0.069875 0.436073 0.00394166 0.000819269 0.0518588 -0.000607784 
150 -0.0305656 0.470836 0.00579408 0.00104094 0.0483556 -0.000627352 
151 0.00138337 0.508105 0.00769907 0.0012384 0.0472628 -0.000654369 
152 0.0266272 0.548136 0.0096939 0.00142028 0.0483096 -0.000690776 
153 0.0462123 0.591189 0.0118328 0.00159357 0.0513028 -0.00073902 
154 0.0612317 0.637534 0.0141783 0.00176341 0.056131 -0.000802183 
155 0.0726752 0.687456 0.0167986 0.00193424 0.0627618 -0.000884148 
156 0.0813772 0.741269 0.0197663 0.00210975 0.0712364 -0.000989804 
157 0.0880122 0.799275 0.0231601 0.00229239 0.0816656 -0.0011253 
158 -23.9265 0.855546 0.146624 0.00270425 0.759109 -0.000421114 
159 -8.09041 0.940619 -0.243821 0.00225251 0.123003 -0.000396528 
160 -1.82318 1.00147 -0.187787 0.00246525 -0.158146 -0.00039875 
161 1.24888 1.0771 -0.0937377 0.00283638 -0.256998 -0.000404051 
162 18.5963 2.98212 0.228105 0.0591381 -0.579548 -0.00239422 
163 8.56236 1.96047 0.2004 0.0186996 -0.106452 -0.00298488 
164 4.23364 1.66274 0.105809 0.00066065 0.131836 -0.00349151 
165 1.88992 1.57876 0.0434194 -0.00597122 0.249059 -0.00408247 
166 0.650042 1.61218 0.0118157 -0.00709904 0.305209 -0.00478759 
167 0.0131203 1.71115 -0.00162783 -0.00578515 0.333368 -0.00564327 
168 -0.302322 1.84825 -0.00505876 -0.00356774 0.351571 -0.00669303 
169 -0.453069 2.00937 -0.00311572 -0.00117885 0.36956 -0.00798975 
170 -0.525476 2.18771 0.00167711 0.0010673 0.392601 -0.00959853 
171 -0.566481 2.38042 0.0080071 0.00306548 0.423645 -0.0116002 
172 -0.601247 2.58677 0.0152397 0.00480918 0.464527 -0.0140957 
173 -0.643153 2.80707 0.0231086 0.00633188 0.516636 -0.0172113 
174 -0.699415 3.04236 0.0315538 0.00768442 0.581296 -0.0211051 
175 -0.774229 3.29396 0.0406129 0.00891663 0.659975 -0.0259756 
176 -0.870536 3.56336 0.0503714 0.0100734 0.754417 -0.0320719 
177 -1.34092 3.85358 0.0063449 0.0110119 0.680054 -0.0336217 
178 -2.00599 4.16245 -0.0342342 0.0118969 0.483602 -0.0309485 
179 -2.52417 4.49282 -0.0427965 0.0128808 0.26775 -0.0267846 
180 -3.73275 12.4639 0.410213 0.248402 -0.0195102 -0.0201436 
181 -3.97029 8.20505 -0.136801 0.0775799 -0.307573 -0.0101183 
182 -4.04837 6.93242 -0.110707 0.00203753 -0.595749 0.00336821 
183 -0.931362 6.57753 0.0726926 -0.0250832 -0.667664 0.004351 
184 0.603602 6.72351 0.170317 -0.0294563 -0.655778 0.005138 
185 1.56931 7.09637 0.233718 -0.0215571 -0.615982 0.00242065 
186 1.60587 6.83004 0.208777 -0.0384053 -0.545792 0.0027947 
187 1.53722 5.49443 0.0774287 -0.0874135 -0.478777 0.00333134 
188 1.4069 3.8828 -0.0306914 -0.138656 -0.418292 0.00393949 
189 1.27171 2.18314 1.66254 -0.181952 -0.36602 0.00475078 
190 4.68947 -10.3758 2.59372 -0.565112 -0.0771456 -0.02619 
191 3.70446 -9.62067 0.417891 -0.473737 0.122299 -0.0375053 
192 2.08773 -9.36443 -0.243232 -0.370772 0.144224 -0.0319318 
193 0.577249 -8.62796 -0.441328 -0.283007 0.0617816 -0.0177245 
194 0.0236967 -7.87481 -0.405528 -0.211428 0.0551761 -0.0145758 
195 -0.136235 -7.17384 -0.375404 -0.154935 0.0494426 -0.0135935 
196 -0.184303 -6.54147 -0.351993 -0.111425 0.0410812 -0.012685 
197 -0.184742 -5.98146 -0.330751 -0.0784598 0.0325818 -0.0118422 
198 -0.164205 -5.4889 -0.311026 -0.0538068 0.025012 -0.0110588 
199 -0.136262 -5.05619 -0.292645 -0.0355756 0.018715 -0.0103289 
200 -0.107413 -4.67537 -0.275497 -0.0222352 0.0136891 -0.00964735 
201 -0.080426 -4.33916 -0.259508 -0.0125819 0.00978678 -0.0090098 
202 -0.0561669 -4.0413 -0.244625 -0.00568658 0.00681592 -0.00841224 
203 -0.0345929 -3.77658 -0.230815 -0.000842197 0.00458766 -0.00785109 
204 -0.0152751 -3.54069 -0.218037 0.00248775 0.00293612 -0.00732311 
205 0.00233813 -3.33012 -0.206264 0.00470454 0.00172413 -0.00682535 
206 0.0187938 -3.1422 -0.195487 0.00610255 0.000842375 -0.00635504 
207 0.0345864 -2.9745 -0.185647 0.00690922 0.000205895 -0.00590962 
208 -6.51023 62.8364 0.915831 2.88408 -0.0978135 -0.116618 
209 1.69955 15.2086 -11.8266 1.60731 0.0341655 -0.407055 
210 -4.73811 -7.50716 -3.90123 1.32271 -0.364674 0.0200152 
211 -2.67231 -9.36913 0.460369 1.27521 -0.534973 0.0267479 
212 -0.685196 -8.10287 1.23412 1.21894 -0.584784 0.0266077 
213 2.94132 -31.8272 10.0593 -1.81091 -0.605022 -0.000730476 
214 3.11298 -17.8286 0.488248 -0.959189 -0.449936 -0.00104613 
215 2.20132 -14.9346 -0.466792 -0.256486 -0.363658 0.0144678 
216 0.536422 -12.2041 -0.509382 0.301976 -0.388282 0.0507541 
217 -0.442677 -9.5721 -0.417045 0.723057 -0.471149 0.0879394 
218 -0.982938 -6.9325 -0.252662 1.00672 -0.588266 0.125681 
219 -1.37026 -3.6002 0.254695 1.23724 -0.572856 0.112091 
220 -0.908818 -1.07059 -0.0584722 1.42931 -0.52387 0.0936114 
221 -0.620674 0.841356 0.000626922 1.52539 -0.462937 0.0762614 
222 -0.981048 1.95889 0.358509 1.56936 -0.424959 0.0599901 
223 -1.15808 2.88041 0.385938 1.5717 -0.39879 0.0445904 
224 -1.24858 2.43471 -0.0795648 1.6071 -0.37968 0.0302433 
225 -0.621072 1.69548 0.196426 1.694 -0.286643 -0.0279987 
226 1.14986 1.99488 0.617231 1.77593 -0.0867923 -0.102004 
227 2.48139 2.85751 0.704718 1.82244 0.138973 -0.164297 
228 2.72786 4.87659 1.08542 1.7721 0.368591 -0.22625 
229 5.03177 5.10434 0.614535 1.72266 0.712069 -0.286335 
230 6.83938 5.53115 -0.679744 1.64813 0.858255 -0.249021 
231 5.64814 5.66581 -1.09209 1.58024 0.964087 -0.218897 
232 4.47316 5.80864 -1.21097 1.51903 1.02021 -0.191438 
233 3.3821 5.95272 -1.2808 1.46515 1.03051 -0.16624 
234 2.14282 6.86093 -1.96539 1.52295 -0.271032 0.113497 
235 0.307151 4.832 -0.314114 0.956018 -0.228648 0.104626 
236 0.139483 4.98767 -0.0928993 0.406262 -0.201781 0.0951674 
237 0.108331 5.09041 -0.0975878 -0.130439 -0.187761 0.0866178 
238 0.243803 5.10633 -0.150429 -0.654747 -0.177598 0.079033 
239 -1.28698 2.91665 -1.15176 -1.05003 0.252917 -0.0369433 
240 -0.304697 3.05152 0.0156011 -1.4508 0.122696 -0.0241483 
241 2.38963 3.7838 0.494642 -1.89112 0.134974 -0.0102213 
242 2.0401 3.73918 0.0804999 -2.33359 0.154895 -0.00546359 
243 6.04897 -3.89721 3.55252 -2.36414 0.411193 0.00155403 
244 4.57506 -4.31765 0.767576 -2.38764 0.604322 -0.00368116 
245 3.44315 -4.98341 0.412817 -2.38715 0.757639 -0.013707 
246 2.98642 -5.98363 0.212982 -2.34681 0.837195 -0.013754 
247 2.46048 -6.86764 0.145578 -2.27558 0.766672 0.0108876 
248 -4.57601 -13.2644 2.58228 -1.87141 0.289351 0.0375283 
249 -2.71493 -13.1255 -0.17763 -1.4985 -0.10634 0.0694234 
250 -1.1675 -13.0787 -0.339663 -1.14695 -0.342364 0.0817891 
251 0.252177 -12.8903 -0.23367 -0.826034 -0.421185 0.074525 
252 1.46018 -12.565 -0.123858 -0.545293 -0.451146 0.0675347 
253 2.35089 -12.2659 -0.0541988 -0.304417 -0.450137 0.0609894 
254 3.23293 -12.1385 -0.0234844 -0.0965414 -0.420621 0.0553372 
255 3.6631 -11.8378 0.111632 0.0668742 -0.383694 0.0496809 
256 4.023 -11.6217 0.20261 0.18747 -0.345761 0.0444629 
257 4.51606 -11.4235 0.328076 0.2639 -0.301658 0.0400027 
258 6.8675 -11.5461 1.75097 0.320754 0.116641 -0.0359133 
259 7.14644 18.4756 11.6754 -1.34476 1.39389 -2.93698 
260 13.9356 -9.36768 -0.64294 -1.42841 1.77448 -0.272407 
261 24.4792 -31.7455 9.33357 -2.18337 3.06421 -0.436517 
262 7.25473 -26.4012 -8.03026 -1.56555 1.5753 -0.00372408 
263 -11.1713 -15.3545 -2.99703 -1.39866 -0.679176 0.634723 
264 -12.2655 -4.67537 3.81285 -1.56488 -1.85186 1.50515 
265 -21.4351 -22.5544 2.1111 -1.70502 -3.77866 0.610192 
266 -18.1654 -7.89552 -5.36066 -0.201654 -5.04165 1.62498 
267 -13.476 1.38125 -2.37968 0.687472 -5.65596 1.35137 
268 -9.82583 7.95982 -1.72325 1.14926 -6.02327 0.985478 
269 -7.23152 12.1512 -1.25119 1.32031 -6.21509 0.615804 
270 -5.51141 14.3638 -0.780482 1.30437 -6.25158 0.0641738 
271 -3.65615 16.3423 -0.693352 1.15945 -6.2185 -0.271935 
272 -1.11485 18.3399 -1.20124 0.856086 -6.06995 -0.366373 
273 0.335089 18.7583 -1.13873 0.480918 -5.58448 -0.302652 
274 2.10504 18.8161 -0.814842 0.101272 -5.16197 0.0981072 
275 25.4357 1.83801 6.49934 0.600039 -3.54939 0.0360775 
276 17.8351 10.0667 -2.80086 0.602587 -2.31083 0.233289 
277 16.7109 9.31036 -0.752677 0.56633 -1.25615 0.134384 
278 14.8986 8.92027 -0.549637 0.522491 -0.318072 0.0560883 
279 12.9209 8.56582 -0.474523 0.472461 0.497076 0.000649037 
280 10.6858 7.24042 -0.328004 0.471827 1.46264 -0.02889 
281 8.69907 5.95985 -0.331597 0.510359 2.41938 -0.0877933 
282 6.17237 6.68267 -0.482924 0.505925 2.74247 -0.0529789 
283 3.80019 6.96231 -0.378371 0.468307 2.85275 -0.0246646 
284 2.11032 6.87017 -0.195552 0.418023 2.87179 -0.00103228 
285 0.466209 6.14971 -0.530911 0.391946 2.80536 0.0181588 
286 30.6028 -13.4517 -2.94653 -5.52844 -2.42367 0.408441 
287 26.6508 -35.1203 -6.93876 -6.9532 0.204437 5.54832 
288 20.4694 -15.8953 -7.43816 -4.45134 0.458955 11.2693 
289 12.7067 7.25572 -13.7917 -3.83892 1.41801 10.7745 
290 8.7252 25.6705 -2.65848 0.715671 7.33181 4.33621 
291 15.8905 26.2426 7.44065 2.156 8.18245 -3.63267e-05 
292 15.0314 19.1572 -1.42718 1.26899 8.96861 -0.00974437 
293 15.086 17.2636 -3.31469 0.480083 9.79279 0.00308022 
294 16.9488 15.5465 -4.12017 -0.22573 10.7449 -0.00343828 
295 -71.3374 26.6096 71.7351 -1.563 6.9276 0.0153798 
296 -32.055 -0.12341 -35.1399 -1.41079 5.29566 0.0253581 
297 -41.3288 7.38701 -8.52005 -1.71191 3.14028 0.0108134 
298 -35.6307 4.53195 -6.1414 -1.85919 1.3057 0.0020519 
299 -26.2234 0.929444 -2.80639 -1.82187 -0.0224643 -0.00898621 
300 -18.3881 -0.420314 -0.016804 -1.72888 -0.758253 0.0205583 
301 -12.0069 -0.129927 0.454107 -1.95208 -1.12267 0.0597534 
302 -8.12336 0.817193 0.583034 -2.23666 -1.28004 0.10224 
303 -2.79905 0.783971 1.26462 -2.53048 -1.16289 0.144511 
304 1.58221 0.747093 1.41378 -2.83566 -0.81554 0.189035 
305 4.79773 -0.79153 2.22337 -3.07326 -0.290746 0.239651 
306 7.42604 -1.50222 1.77275 -3.28925 0.370192 0.292013 
307 9.31004 -1.58721 1.33845 -3.51885 1.13283 0.346897 
308 9.99854 -1.64153 0.64962 -3.7608 1.80464 0.376755 
309 11.9321 -1.61764 -0.225401 -4.01893 2.39233 0.367351 
310 9.76277 -1.82497 -0.36124 -4.29056 2.89325 0.366856 
311 19.2812 -15.3002 -10.2448 -10.3844 -3.76282 -0.337827 
312 6.5626 -0.898784 -1.63576 -9.66593 -3.14171 -0.377824 
313 4.9079 -0.286254 0.164426 -8.77463 -2.40089 -0.359293 
314 2.29818 -1.54385 0.596673 -8.14966 -1.73371 -0.327562 
315 -6.35922 2.69297 2.42737 -6.26263 3.87954 0.438463 
316 1.07175 -2.75621 -0.119713 -6.7591 3.89367 0.444874 
317 -85.6611 -116.899 116.605 -1.78608 3.53548 3.6404 
318 -19.8761 -31.4052 -61.5638 0.73846 -0.0620629 1.74701 
319 -22.9557 -32.8334 -56.9964 3.07731 -1.81361 1.42945 
320 -31.1447 -42.657 -36.1528 5.64099 -3.12776 1.58562 
321 24.0863 -4.82039 23.8929 6.16183 -3.70482 1.47955 
322 17.4333 -4.21626 -6.13159 6.97038 -2.97888 1.30895 
323 18.4907 -4.32073 -2.17813 7.48748 -2.19683 1.22151 
324 20.0987 -3.23724 -0.275802 7.95407 -1.34899 1.07865 
325 20.8443 -2.59322 -0.0516484 8.4079 -0.483476 0.89856 
326 20.967 -2.39313 -0.250842 8.88195 0.365094 0.698849 
327 20.7333 -2.44599 -0.623172 9.39778 1.1752 0.489966 
328 20.3565 -2.58123 -1.09004 9.96679 1.9361 0.275563 
329 26.6963 43.259 27.8909 8.45345 3.62656 2.54651 
330 14.7615 23.0543 -8.80909 8.11026 4.45056 4.53978 
331 12.8541 25.2724 -4.77922 7.88854 5.45048 7.84005 
332 -17.9848 10.5737 17.9723 8.15445 4.23633 8.61359 
333 0.794996 14.151 -8.99302 6.32116 3.36685 6.81042 
334 4.12325 22.0797 -0.490681 5.90445 2.76665 4.91997 
335 -26.6296 45.2552 21.5866 4.76879 -0.120857 -0.0322548 
336 -4.37611 38.8297 -7.25725 3.5818 -0.157221 -0.390504 
337 -0.514787 41.4421 -1.08268 2.19156 0.658511 -0.232925 
338 1.43889 41.47 -2.72348 0.884303 0.951865 -0.239321 
339 -4.54791 39.6367 -10.5772 -0.214869 -0.804343 -0.601578 
340 -13.1349 40.2147 -10.1294 -1.47132 -2.53134 -0.860333 
341 -21.7069 47.386 1.14995 -1.75799 -4.67034 -1.06035 
342 -23.0558 40.7329 -8.8939 -3.77453 -5.66884 -0.887524 
343 -21.2733 38.4478 -14.4593 -6.42025 -6.53429 -0.665318 
344 -38.048 4.63001 11.3381 -7.61815 -8.30099 -0.441248 
345 -28.8613 4.11853 -16.3202 -8.76992 -9.55299 -0.19541 
346 -19.0344 -33.7634 31.5634 -7.87754 -10.2455 0.0449406 
347 -6.64051 -16.5185 -8.98827 -7.82157 -10.3018 0.204756 
348 -3.53832 -18.7292 -0.590747 -7.65043 -9.89208 0.281561 
349 20.5316 -58.4322 23.984 -5.21945 -8.20372 1.03119 
350 16.5399 -39.3619 -5.84659 -3.37888 -6.49599 4.55306 
351 19.4236 -38.092 -4.30244 -2.21766 -5.08334 3.00183 
352 20.9413 -32.5029 -3.68049 -1.13775 -3.62346 1.95036 
353 22.1261 -28.3482 -3.2241 -0.372286 -2.13128 1.33146 
354 23.1897 -24.5606 -3.20602 0.24588 -0.634724 0.818505 
355 24.0786 -21.2048 -3.35002 0.736681 0.867195 0.395138 
356 10.4862 -22.6353 2.1563 1.37578 1.58615 0.0445192 
357 7.91812 -19.3379 0.773471 1.5659 2.36867 -0.196288 
358 5.90044 -15.4736 -1.67756 1.95026 2.5977 -0.19919 
359 3.8135 -12.9555 -1.63452 2.22781 2.71406 -0.191718 
360 2.09739 -10.5916 -1.33582 2.405 2.73556 -0.16451 
361 1.93507 -9.94579 -0.279637 2.57456 2.75487 -0.143817 
362 43.3403 28.2055 3.3721 7.65951 0.0575008 -0.108701 
363 37.5691 71.466 19.4489 7.95969 5.82292 -0.749781 
364 21.0829 33.7388 -34.1062 5.21424 11.3158 -1.36922 
365 18.8477 28.3384 -43.169 2.77128 15.8934 -1.83561 
366 -75.5042 -49.682 93.8162 -2.16308 4.99945 -0.424422 
367 -36.5976 -33.233 -26.8444 -3.36455 3.07815 0.00763043 
368 -40.2245 -27.9808 -14.1565 -2.06716 0.947071 0.0113438 
369 -40.329 -26.4135 -11.7145 -0.853576 -1.19269 0.0154268 
370 -38.4227 -23.0392 -10.2231 0.183186 -3.24338 0.0183735 
371 -37.7095 -19.3831 -9.82984 1.03525 -5.27431 0.00906581 
372 -37.2014 -16.7668 -10.3644 1.75791 -7.31927 0.00318192 
373 23.3119 -44.1139 22.4763 4.01124 -6.11848 -0.0793922 
374 23.3968 -5.64286 13.8198 4.14471 -4.98128 -0.0638012 
375 20.0691 -4.59176 -6.47158 4.27024 -4.01995 -0.0638099 
376 20.2116 -3.97966 -1.42616 4.38819 -2.8865 -0.107427 
377 17.5556 -1.40003 0.0798734 4.67341 -1.87316 -0.148804 
378 14.482 -0.361668 0.949452 4.92384 -1.02425 -0.196135 
379 14.7422 -0.314419 2.35637 5.1951 -0.168814 -0.244689 
380 14.67 -0.268977 2.26392 5.4869 0.683984 -0.295174 
381 14.1091 0.418044 2.27448 5.76648 1.51453 -0.348492 
382 13.198 1.9334 2.35266 5.99101 2.30742 -0.404309 
383 12.6383 2.05012 1.29592 6.23684 3.07411 -0.45921 
384 11.8846 2.11821 0.944821 6.50913 3.81558 -0.516389 
385 13.8024 2.19452 0.835364 6.80916 4.65485 -0.571288 
386 10.7075 2.46451 -0.88156 7.11615 5.01465 -0.559014 
387 14.0374 15.5623 -11.4499 12.8717 0.882542 -0.0332445 
388 4.18069 1.22128 -1.85434 12.1936 1.29125 -0.0539004 
389 2.61806 0.938748 -0.470046 11.4121 1.48141 -0.0708139 
390 -0.0407499 2.17133 -0.106033 10.904 1.63732 -0.0894079 
391 -4.79534 -1.63581 1.44098 9.43169 4.76474 -0.583349 
392 -104.686 142.897 166.45 4.24278 4.82223 -4.32438 
393 -17.1136 27.9444 -70.612 1.91333 0.963729 -2.08191 
394 -19.821 31.196 -62.7842 -0.64346 -2.78325 -0.00722833 
395 -25.5031 34.6205 -53.0622 -2.73497 -3.37702 -0.633769 
396 -32.0863 43.9768 -34.2335 -5.2589 -4.80351 -0.674436 
397 -34.3857 47.2925 -27.3437 -7.9595 -6.55362 -0.524567 
398 39.0901 4.02969 75.0925 -8.06605 -7.1854 -0.778934 
399 21.1897 1.29617 -14.1935 -8.66563 -6.4405 -0.698158 
400 23.4852 1.92322 -2.19792 -8.96461 -5.58151 -0.730962 
401 23.9341 1.84584 -0.276802 -9.28606 -4.74321 -0.757525 
402 24.1346 1.68605 0.124544 -9.6361 -3.93672 -0.777062 
403 24.2185 1.4597 -0.282175 -10.0186 -3.1688 -0.789901 
404 24.3127 1.18175 -0.830412 -10.4369 -2.4412 -0.796617 
405 24.4514 0.858749 -1.34494 -10.8927 -1.75278 -0.797679 
406 24.6564 0.495604 -1.79371 -11.3904 -1.10496 -0.794823 
407 31.1901 -44.5504 31.874 -9.25845 -0.161626 0.561732 
408 23.3754 -28.8632 -11.4103 -8.28008 0.311523 0.615541 
409 24.8917 -31.3248 -5.69247 -7.20863 1.08646 0.611383 
410 27.7526 -39.9522 7.74845 -7.08667 2.70984 0.359333 
411 26.356 -37.1139 1.34758 -5.78119 4.4177 0.172686 
412 26.455 -37.4254 1.20049 -4.52477 6.2233 -0.00382588 
413 26.2251 -36.7103 -3.60172 -3.40048 7.4214 -0.0117068 
414 25.1164 -34.4049 -17.8986 -2.5196 6.88476 0.326784 
415 24.3623 -33.1272 -21.6687 -1.60265 6.58759 0.636992 
416 25.3046 -32.8187 -13.8262 -0.443774 7.70375 0.633109 
417 25.8344 -30.5599 -13.1136 0.779272 9.00309 0.559676 
418 -54.6877 -70.0712 75.8213 4.34568 6.02651 0.565593 
419 -25.5402 -34.2275 -31.1989 6.05813 4.75572 0.415106 
420 -38.264 -5.47199 19.0363 7.06677 2.8611 0.480293 
421 -28.9956 -4.22553 -14.6735 8.17491 1.49958 0.600163 
422 -58.2952 60.0472 27.1726 6.57763 -1.13362 -3.37182 
423 -38.0904 32.4985 -19.1506 5.98137 -2.77552 -5.52679 
424 -40.8039 33.2108 -9.57853 5.32067 -4.47016 -7.65759 
425 -39.1738 31.1575 -10.2795 4.17607 -6.18571 -6.55161 
426 -38.4017 28.2526 -9.38425 3.03788 -7.65187 -4.62129 
427 -37.1174 24.4135 -8.70681 2.13003 -9.15142 -2.88975 
428 -35.7545 20.2885 -8.26303 1.47595 -10.6737 -1.462 
429 22.1852 59.0499 32.4812 -1.24369 -9.18685 -0.387159 
430 14.6237 42.9435 -9.94559 -2.54141 -7.37222 0.061695 
431 11.4245 37.4396 -2.62255 -4.02584 -6.61404 0.353016 
432 44.1892 -12.4766 35.2173 -2.69212 -4.16464 0.990771 
433 30.8928 -4.6097 -8.44201 -2.01629 -2.58198 0.983523 
434 31.1462 -3.40914 -5.62694 -1.44026 -1.01924 0.908634 
435 33.1136 -16.7586 0.221219 -0.174456 0.620585 0.722181 
436 28.5182 -0.738064 -8.73227 0.216268 2.03607 0.688227 
437 27.8694 4.09542 -6.81587 0.328685 3.41241 0.611706 
438 44.2579 -54.1114 11.3548 -4.06664 2.26589 -3.48392 
439 28.9896 -39.5987 -14.186 -4.32405 6.39856 0.531718 
440 23.0599 -10.1261 -25.5678 -1.80972 9.75093 5.46382 
441 19.7653 21.6651 -18.9921 -1.01921 10.6053 11.3193 
442 -54.019 44.8444 27.4603 -6.96764 7.47652 11.1324 
443 -52.1212 25.9443 19.6778 -1.39147 3.06398 10.2057 
444 -42.6423 21.0479 -7.83863 -0.545468 0.761058 8.43309 
445 -41.9494 16.4372 -8.75202 -0.854752 -1.50108 6.93403 
446 0.434612 18.2131 15.5237 0.0747161 -1.33965 0.00238177 
447 -2.15918 15.5575 -3.36846 -0.593744 -1.5081 -0.00493601 
448 1.0655 11.5578 -0.441225 -1.06524 -1.48962 0.00315826 
449 3.34267 8.61406 -0.194722 -1.38794 -1.36572 0.0084884 
450 3.82162 6.78265 0.226809 -1.62218 -1.22811 0.012933 
451 3.6363 5.39951 0.348067 -1.79129 -1.11009 0.0168967 
452 3.48813 4.09034 0.275751 -1.89851 -1.00842 0.0203807 
453 4.35455 3.28687 1.21196 -1.97829 -0.687917 0.0687336 
454 5.09103 3.2628 0.170742 -2.50971 -0.0807516 0.179549 
455 5.05797 1.73868 0.572694 -2.81926 0.31357 0.230619 
456 5.70837 -0.00451148 0.571689 -3.04896 0.739288 0.281637 
457 6.82853 -1.45458 1.81639 -3.21805 1.23426 0.338444 
458 7.9631 -2.42072 1.7368 -3.35217 1.79375 0.396497 
459 8.83161 -2.86812 1.42727 -3.65635 2.6178 0.516616 
460 12.6209 -2.62764 0.402605 -3.81936 3.27373 0.538581 
461 11.5586 -2.77711 -0.631848 -3.98963 3.71295 0.523885 
462 13.5255 -13.8023 -9.91712 -8.7483 -0.124332 -0.028706 
463 5.2428 -1.32849 -1.26195 -8.00524 0.342617 -0.0206566 
464 2.81435 -1.86922 0.253947 -7.32208 0.668143 -0.00770374 
465 0.941925 -2.32 0.371844 -6.69914 0.868381 0.0034973 
466 -0.46749 -2.68717 0.280304 -6.13132 0.97033 0.0120931 
467 -2.28424 -0.867283 0.119974 -5.51728 3.71189 0.497683 
468 0.673185 -2.15299 0.327028 -5.34332 3.56948 0.462225 
469 -78.0744 -103.218 89.0188 -0.230777 4.05772 4.59059 
470 -19.5473 -30.2599 -65.0518 1.68397 1.23153 3.43474 
471 5.50862 -13.2005 -35.3721 3.77807 -1.8806 3.03279 
472 8.53234 -14.2298 -4.8967 4.88435 -1.6342 3.52168 
473 10.9418 -12.5342 -3.0637 5.87762 -1.27687 3.93851 
474 13.8607 -10.3687 -1.4405 6.74985 -0.774583 4.25228 
475 16.1758 -8.50716 -0.796914 7.53021 -0.160712 4.47709 
476 17.6274 -7.2158 -0.813444 8.2635 0.516425 4.64259 
477 18.4663 -6.36491 -1.05059 8.98464 1.2227 4.77257 
478 19.4247 -5.24766 -1.73708 9.68918 1.9632 4.88519 
479 25.1341 41.4015 25.3141 8.32363 4.85083 7.6493 
480 6.94149 15.1223 -6.34803 8.47197 5.43788 10.2202 
481 -4.44662 10.4829 7.32355 6.74838 2.6291 -0.0665353 
482 -34.4681 28.7324 16.9001 5.69363 0.369392 -0.17004 
483 -6.77856 34.5226 -13.4661 4.44526 -0.491624 -0.260394 
484 -7.44898 37.7782 -3.70864 3.01584 -1.28174 -0.320961 
485 -2.43385 36.4651 -3.11914 1.69541 -1.38802 -0.304367 
486 2.05099 34.1675 -0.136674 0.529545 -1.08145 -0.22572 
487 5.20067 29.8307 2.63308 -0.370727 -0.411947 -0.0944951 
488 5.94523 22.4955 4.71049 -0.865911 0.385968 0.0215804 
489 9.64714 17.3774 4.99387 -1.13621 1.44442 -0.516128 
490 9.52998 15.5445 2.06608 -1.08964 1.87334 -0.44509 
491 0.0551743 16.1618 -8.48529 -1.02592 0.0997737 -0.873835 
492 -11.7408 18.3226 -5.21904 -1.04476 -1.77402 -0.476248 
493 -20.2584 30.4422 3.06911 -0.473231 -4.07644 -0.674636 
494 -24.2957 17.782 -1.9429 -1.90331 -6.11031 -0.628335 
495 -17.4634 10.2959 -4.37028 -3.45095 -6.82058 -0.41649 
496 -10.5467 4.57155 -3.87668 -4.63343 -7.14979 -0.211291 
497 -20.9717 -15.7878 6.32428 -4.68136 -8.03373 -0.0230728 
498 -11.1281 -9.7491 -1.68123 -4.99612 -8.42048 0.134558 
499 -6.77175 -11.6054 0.199416 -5.17598 -8.32385 0.271622 
500 18.6155 -44.4125 12.8819 -3.44444 -6.64808 1.40792 
501 17.2356 -32.4516 -4.19128 -2.21526 -5.05144 3.00599 
502 15.6781 -31.4903 -1.81369 -1.36563 -3.83067 1.53582 
503 14.4465 -27.2993 -1.2884 -0.638794 -2.69555 0.676628 
504 13.0908 -22.7914 -0.748769 -0.0514354 -1.68918 0.298829 
505 11.74 -18.7201 -0.416162 0.394272 -0.822217 0.143823 
506 10.2743 -15.3665 -0.208383 0.697417 -0.104638 0.032434 
507 8.73847 -12.5781 -0.0896218 0.881313 0.463961 -0.000648479 
508 7.25439 -10.3426 0.00759929 0.97556 0.93681 -0.0304257 
509 5.92846 -8.55394 0.0547795 1.00206 1.32126 -0.0503566 
510 4.39445 -7.51315 -0.17798 0.99815 1.60422 -0.0495792 
511 3.53464 -7.84947 -0.158535 1.03661 1.77866 -0.0485353 
512 2.96038 -8.04572 -0.241113 1.10889 1.86229 -0.0549106 
513 4.84467 -3.89076 1.14887 0.976438 2.04822 -0.0675161 
514 45.7483 51.8101 12.552 4.75514 -0.179823 -0.0320777 
515 29.1475 51.7364 -11.6748 6.44245 5.06256 -0.443613 
516 23.2584 29.0703 -35.4693 3.9206 8.50384 -0.797783 
517 22.5081 24.3321 -41.8424 1.67849 10.6832 -1.01285 
518 -67.6456 -27.6782 71.7057 1.92291 3.40731 -1.11638 
519 -47.1307 -41.4522 -2.79378 -2.84507 2.07698 0.0778748 
520 -43.8355 -36.479 -3.53449 -3.3978 -0.273748 0.0387371 
521 -40.8221 -27.8683 -10.3596 -2.09699 -2.47207 0.0271894 
522 -2.53557 -41.3921 6.51736 -0.195319 -2.56195 -0.000306513 
523 -8.10868 -29.2243 -7.50951 1.20083 -3.05098 -0.0189525 
524 -3.49407 -27.534 -3.61786 2.53053 -3.2978 -0.0370157 
525 16.3777 -8.96797 9.28944 2.86251 -2.48712 -0.0378935 
526 9.76724 -7.95889 -1.60324 3.17268 -2.05352 -0.0422852 
527 7.6451 -5.83967 -0.211599 3.38436 -1.74012 -0.0468182 
528 6.48685 -3.48369 0.350796 3.48537 -1.49634 -0.0505242 
529 5.36698 -2.23501 0.0384876 3.53526 -1.32031 -0.0528466 
530 3.62267 -1.53878 -0.113014 3.56251 -1.24007 -0.0501972 
531 3.7051 -0.341818 0.460542 3.54066 -1.16474 -0.049006 
532 4.18759 -0.486647 0.833378 3.54216 -1.06942 -0.0500177 
533 5.25396 -0.109264 1.3995 3.63058 -0.781599 -0.0842951 
534 6.11296 1.9288 2.00863 3.74181 -0.423781 -0.124023 
535 8.04838 1.89966 0.921106 3.86953 0.0245292 -0.159361 
536 9.76208 1.86162 0.738432 4.01565 0.55436 -0.194233 
537 9.3713 1.97234 0.696482 4.17299 0.910274 -0.209816 
538 8.73648 2.06135 0.590541 4.34442 1.23818 -0.226438 
539 24.0088 15.5578 -2.79059 10.4587 -0.254939 -0.225768 
540 19.9568 5.54462 -6.20651 11.6459 0.873994 -0.228323 
541 14.5648 1.40371 -0.088524 10.9267 1.70666 -0.254933 
542 10.0548 2.09655 0.586404 10.2889 2.28935 -0.27853 
543 -5.07252 -8.1289 7.01995 5.67636 3.67495 -0.379139 
544 -1.62789 2.8164 -0.00228664 6.03232 3.22328 -0.321176 
545 -2.95864 3.02148 -1.28702 6.41697 2.71904 -0.264681 
546 -4.2208 3.17721 -1.62659 6.82779 2.15981 -0.20606 
547 -5.04658 4.24778 -1.32751 7.21977 1.56916 -0.147039 
548 -4.98992 4.43916 -1.84127 7.64079 0.981365 -0.0851416 
549 17.4659 51.663 11.1223 5.5155 1.64702 0.0794052 
550 4.23829 35.1258 -8.05781 4.36596 1.86273 -0.116034 
551 0.574571 34.1541 -5.47049 3.191 1.98526 -0.0399958 
552 -3.68524 28.0903 -4.23986 1.66552 1.86425 -0.132906 
553 -4.74767 27.1496 -2.39218 0.206367 1.68618 -0.129234 
554 -6.07395 24.8889 -2.4556 -1.10574 1.43239 -0.120137 
555 -6.42432 22.8471 -2.01965 -2.29685 1.14824 -0.10351 
556 -6.90186 19.2417 -2.15729 -3.29031 0.83261 -0.0851403 
557 -6.8295 16.0679 -1.73022 -4.11452 0.516642 -0.068551 
558 -6.25606 13.1785 -1.30805 -4.79168 0.225845 -0.0554765 
559 -5.35846 10.5345 -0.942446 -5.34007 -0.0233341 -0.0468999 
560 -4.29142 8.09813 -0.631422 -5.7769 -0.221994 -0.0429074 
561 -3.1668 5.85597 -0.360996 -6.1161 -0.367869 -0.0428798 
562 -2.08434 3.77595 -0.127764 -6.37158 -0.463092 -0.0457484 
563 -1.07567 2.93667 0.357123 -6.6162 -0.522966 -0.0401105 
564 0.251821 3.2639 0.781936 -6.9159 -0.51499 -0.0381186 
565 0.0178847 0.360477 0.317592 -7.98126 -0.544102 -0.0224485 
566 0.824779 1.62183 0.573004 -8.31433 -0.583266 -0.00840158 
567 -0.681771 1.31719 0.492459 -8.56874 -0.708867 0.0551155 
568 -0.461658 1.08274 1.89488 -8.71515 -0.512051 0.0247455 
569 0.525484 0.867551 2.32578 -8.78531 -0.473665 0.013463 
570 1.12202 0.599955 1.95618 -8.79631 -0.456724 0.0100795 
571 1.51769 0.29814 1.55168 -8.75804 -0.420455 0.00667392 
572 1.78899 0.171457 1.06515 -8.60662 -0.371164 0.00371478 
573 22.0081 -34.4867 15.6354 -6.19446 0.785168 0.0102327 
574 7.08874 -18.1525 -6.60343 -4.75923 1.11625 -0.00481065 
575 -10.3705 -28.2008 1.87018 -2.801 0.502577 -0.014806 
576 -1.68296 -18.3769 -5.4674 -1.42592 0.383601 -0.0176234 
577 -1.39151 -14.7099 -3.12213 -0.271575 0.273084 -0.0201059 
578 -0.991918 -10.7907 -2.48659 0.648335 0.184665 -0.021824 
579 -0.63406 -7.02333 -2.0308 1.34679 0.116069 -0.0235753 
580 -1.50641 -4.56256 -1.22027 1.89952 -0.000931637 -0.0246699 
581 -2.29938 -2.5669 -0.848119 2.33325 -0.161427 -0.0224947 
582 -2.04364 -1.73392 -0.282202 2.71533 -0.308419 -0.0203553 
583 -1.07259 -1.93123 0.183591 3.10393 -0.404253 -0.0194124 
584 -0.223408 -2.10191 0.120722 3.49907 -0.456184 -0.0186129 
585 0.469779 -2.25353 -0.0128028 3.90241 -0.472669 -0.0180403 
586 16.4612 33.279 11.7887 2.37602 0.422061 -0.15328 
587 6.07323 18.5186 -4.68309 1.65712 0.692155 -0.0524764 
588 2.97957 15.9488 -2.19211 1.05658 0.809372 -0.0501336 
589 0.782345 14.1813 -1.47465 0.670302 0.813202 -0.0465261 
590 2.8863 4.08303 -6.69796 -4.1686 0.791654 -0.0828433 
591 -1.21294 7.72783 -2.80588 -4.01075 0.687406 -0.0552411 
592 -1.05052 5.68413 -0.242249 -3.78737 0.615654 -0.0441916 
593 -1.71708 3.95432 0.24049 -3.51992 0.513686 -0.0364546 
594 5.95745 -14.2044 5.89832 -2.30772 0.842939 -0.0332984 
595 -4.10122 10.6117 -0.646823 0.716228 0.657876 0.00629688 
596 -3.46451 7.60961 1.70294 0.436241 0.517936 -0.0179937 
597 -3.42303 6.50485 0.051002 0.210066 0.316773 -0.0149223 
598 -2.99337 6.05631 -0.122705 0.062273 0.140467 -0.012637 
599 -2.25081 4.52348 0.0561389 -0.0706444 0.00488149 -0.0111156 
600 -1.40449 3.35498 0.0767079 -0.145073 -0.0849157 -0.0100647 
601 -0.709758 2.54065 0.0358453 -0.180012 -0.137458 -0.00943262 
602 -0.177061 1.98049 0.00303415 -0.188899 -0.161672 -0.00911046 
603 0.20584 1.60482 -0.0190415 -0.181403 -0.165722 -0.00898554 
604 0.462573 1.36277 -0.0326142 -0.164435 -0.156548 -0.00894518 
605 0.621933 1.2165 -0.0398986 -0.142847 -0.139733 -0.00877962 
606 0.701711 1.13493 -0.0429204 -0.119822 -0.118921 -0.00863732 
607 0.725118 1.09703 -0.042918 -0.0974604 -0.0970916 -0.00849576 
608 0.711019 1.08737 -0.0410234 -0.077013 -0.0762066 -0.00834155 
609 0.674097 1.09412 -0.0379945 -0.0591568 -0.057442 -0.00816806 
610 0.625412 1.10924 -0.0344465 -0.0441278 -0.041385 -0.00797297 
611 0.572716 1.12655 -0.0307142 -0.0319138 -0.0282127 -0.00775739 
612 0.52148 1.14366 -0.0272245 -0.0222439 -0.0178184 -0.00752339 
613 0.474663 1.15708 -0.0239182 -0.0148717 -0.0099407 -0.00727504 
614 0.43418 1.16691 -0.021071 -0.009397 -0.00422445 -0.00701599 
615 0.690569 -27.3642 -0.0677752 -2.5124 -0.0675903 -0.0272382 
616 3.36871 -10.245 -1.13124 -1.52877 0.10126 -0.0224751 
617 3.37082 -4.01337 -0.597269 -0.917924 0.279383 -0.0217253 
618 2.62594 -0.164612 -0.325002 -0.549114 0.415492 -0.0211843 
619 1.66507 2.1431 -0.141038 -0.336253 0.499461 -0.0201458 
620 2.48021 19.8483 1.29535 1.33944 0.674679 -0.0126875 
621 -1.36566 10.7986 0.129737 0.807033 0.591457 -0.0105918 
622 -2.87635 8.08457 0.110257 0.428712 0.428585 -0.00893052 
623 -3.12508 5.85979 0.175535 0.160348 0.253835 -0.00743197 
624 -2.51556 3.89739 0.236117 -0.00254725 0.112827 -0.00625183 
625 -1.81828 2.59409 0.163427 -0.0963241 0.00958184 -0.00538821 
626 -1.17134 1.72581 0.0999889 -0.14436 -0.0589298 -0.00477006 
627 -0.634571 1.1529 0.0528641 -0.162569 -0.0988321 -0.00433694 
628 -0.223436 0.783442 0.0197814 -0.161971 -0.116986 -0.00403652 
629 0.0700144 0.557484 -0.00231203 -0.150095 -0.119759 -0.00382618 
630 0.263546 0.43167 -0.0159695 -0.132194 -0.112517 -0.00367317 
631 0.377734 0.373238 -0.0233151 -0.111896 -0.0994937 -0.00357048 
632 0.432567 0.357997 -0.0261548 -0.0916003 -0.0838313 -0.00350372 
633 0.446669 0.374736 -0.0264277 -0.0725063 -0.0676656 -0.00344284 
634 0.433356 0.406219 -0.0246243 -0.0556396 -0.052418 -0.00338137 
635 0.404328 0.447079 -0.0219912 -0.0412253 -0.0388848 -0.00331524 
636 0.367062 0.487437 -0.0186987 -0.0294861 -0.0274672 -0.00324303 
637 0.328358 0.529363 -0.0157356 -0.0200206 -0.0182075 -0.00316395 
638 0.290934 0.565601 -0.0127317 -0.0127875 -0.0110095 -0.0030788 
639 0.257223 0.595996 -0.0100775 -0.007447 -0.00565267 -0.00298867 
640 0.234154 0.656505 -0.0105097 -0.00206548 -0.00153353 -0.00289209 
641 0.205374 0.657214 -0.00564727 -0.000374268 0.00102821 -0.00279492 
642 0.180196 0.635427 -0.00208604 -0.000540707 0.00222923 -0.00269899 
643 0.165815 0.629188 -0.00167024 -0.000377455 0.0026662 -0.0026039 
644 0.157821 0.62757 -0.00150188 -0.000128903 0.00268247 -0.00251039 
645 0.153607 0.627976 -0.00139539 9.75123e-05 0.00248048 -0.00241911 
646 0.151626 0.629081 -0.00133471 0.000265178 0.00217918 -0.00233045 
647 0.150949 0.630257 -0.00131077 0.000370826 0.00184756 -0.00224462 
648 0.151017 0.631241 -0.00131431 0.000425084 0.00152449 -0.0021617 
649 0.151485 0.631964 -0.00133644 0.000442184 0.00123042 -0.00208171 
650 0.152142 0.632435 -0.00136987 0.000435629 0.000974685 -0.00200462 
651 0.152861 0.632706 -0.00140867 0.000416116 0.000759804 -0.00193036 
652 0.153565 0.632829 -0.0014487 0.000391496 0.000584369 -0.00185885 
653 0.154211 0.632857 -0.00148694 0.00036678 0.000444773 -0.00178999 
654 0.154779 0.632828 -0.0015217 0.000344992 0.00033639 -0.00172369 
655 0.15526 0.632773 -0.00155193 0.000327444 0.00025427 -0.00165984 
656 0.155656 0.632709 -0.00157744 0.000314544 0.000193622 -0.00159835 
657 0.155973 0.632651 -0.00159821 0.000305904 0.000150045 -0.00153911 
658 0.15622 0.632605 -0.00161474 0.000300939 0.000119697 -0.00148204 
659 0.156408 0.632574 -0.00162743 0.000298782 9.93067e-05 -0.00142705 
660 0.156547 0.632556 -0.001637 0.000298714 8.62026e-05 -0.00137406 
661 0.156646 0.632553 -0.0016439 0.000299949 7.82349e-05 -0.00132298 
662 0.156715 0.63256 -0.00164879 0.00030197 7.37495e-05 -0.00127375 
663 0.15676 0.632577 -0.00165204 0.00030424 7.14831e-05 -0.00122628 
664 0.156788 0.632599 -0.00165416 0.0003065 7.05282e-05 -0.00118052 
665 0.156803 0.632627 -0.00165539 0.000308451 7.02307e-05 -0.00113641 
666 0.15681 0.632656 -0.00165609 0.000310035 7.01663e-05 -0.00109387 
667 0.156812 0.632687 -0.00165636 0.000311116 7.00534e-05 -0.00105286 
668 0.156811 0.632718 -0.00165647 0.000311757 6.97453e-05 -0.00101331 
669 0.156809 0.632749 -0.0016564 0.000311911 6.91604e-05 -0.000975182 
670 0.156805 0.632779 -0.00165635 0.000311701 6.82907e-05 -0.000938419 
671 0.156802 0.632808 -0.00165625 0.000311109 6.71448e-05 -0.000902971 
672 0.1568 0.632835 -0.00165624 0.000310275 6.5769e-05 -0.000868793 
673 0.156798 0.632862 -0.00165622 0.000309184 6.42007e-05 -0.00083584 
674 0.156798 0.632887 -0.0016563 0.000307968 6.24969e-05 -0.000804067 
675 0.156797 0.632912 -0.00165638 0.000306601 6.06936e-05 -0.000773433 
676 0.156798 0.632934 -0.00165655 0.000305199 5.88396e-05 -0.000743898 
677 0.156799 0.632958 -0.0016567 0.00030372 5.69591e-05 -0.000715422 
678 0.156801 0.632979 -0.00165694 0.000302268 5.50876e-05 -0.000687967 
679 0.156803 0.633002 -0.00165714 0.000300785 5.32361e-05 -0.000661498 
680 0.156805 0.633023 -0.00165741 0.000299361 5.14282e-05 -0.000635978 
681 0.156807 0.633045 -0.00165763 0.000297933 4.96647e-05 -0.000611375 
682 0.15681 0.633065 -0.00165791 0.00029658 4.79606e-05 -0.000587655 
683 0.156812 0.633086 -0.00165814 0.000295231 4.63098e-05 -0.000564786 
684 0.156815 0.633106 -0.00165841 0.000293963 4.47223e-05 -0.000542739 
685 0.156817 0.633128 -0.00165863 0.000292701 4.31883e-05 -0.000521484 
686 0.156819 0.633148 -0.0016589 0.000291519 4.17151e-05 -0.000500992 
687 0.156822 0.633169 -0.0016591 0.00029034 4.02913e-05 -0.000481237 
688 0.156824 0.633189 -0.00165936 0.000289239 3.89233e-05 -0.000462192 
689 0.156826 0.63321 -0.00165955 0.000288136 3.75994e-05 -0.00044383 
690 0.156828 0.63323 -0.00165979 0.000287107 3.63258e-05 -0.00042613 
691 0.15683 0.633251 -0.00165997 0.000286073 3.50911e-05 -0.000409065 
692 0.156832 0.63327 -0.00166021 0.000285109 3.39018e-05 -0.000392614 
693 0.156833 0.633291 -0.00166038 0.000284137 3.27468e-05 -0.000376755 
694 0.156835 0.633311 -0.0016606 0.000283231 3.16332e-05 -0.000361466 
695 0.156837 0.633332 -0.00166077 0.000282314 3.05502e-05 -0.000346728 
696 0.156838 0.633351 -0.00166098 0.000281462 2.95054e-05 -0.000332519 
697 0.15684 0.633372 -0.00166114 0.000280596 2.84883e-05 -0.000318822 
698 0.156841 0.633392 -0.00166135 0.000279793 2.75067e-05 -0.000305618 
699 0.156843 0.633412 -0.0016615 0.000278975 2.65504e-05 -0.000292889 
700 0.156844 0.633432 -0.0016617 0.000278217 2.56275e-05 -0.000280619 
701 0.156846 0.633453 -0.00166185 0.000277444 2.47279e-05 -0.00026879 
702 0.156847 0.633472 -0.00166205 0.000276729 2.38598e-05 -0.000257388 
703 0.156848 0.633492 -0.00166219 0.000275997 2.30132e-05 -0.000246396 
704 0.15685 0.633512 -0.00166239 0.000275323 2.21964e-05 -0.0002358 
705 0.156851 0.633532 -0.00166252 0.00027463 2.13996e-05 -0.000225586 
706 0.156852 0.633551 -0.00166271 0.000273994 2.0631e-05 -0.000215741 
707 0.156853 0.633572 -0.00166285 0.000273338 1.98809e-05 -0.00020625 
708 0.156855 0.633591 -0.00166303 0.000272737 1.91576e-05 -0.000197102 
709 0.156856 0.633611 -0.00166316 0.000272116 1.84514e-05 -0.000188283 
710 0.156857 0.63363 -0.00166334 0.000271549 1.77706e-05 -0.000179783 
711 0.156858 0.63365 -0.00166347 0.000270961 1.71056e-05 -0.00017159 
712 0.156859 0.633669 -0.00166365 0.000270426 1.64647e-05 -0.000163692 
713 0.15686 0.633689 -0.00166377 0.000269869 1.58384e-05 -0.000156079 
714 0.156861 0.633708 -0.00166395 0.000269364 1.5235e-05 -0.000148742 
715 0.156862 0.633728 -0.00166407 0.000268836 1.4645e-05 -0.000141669 
716 0.156863 0.633747 -0.00166424 0.00026836 1.40769e-05 -0.000134852 
717 0.156872 0.633766 -0.00166427 0.000267828 1.34548e-05 -0.000129123 
718 0.1569 0.63378 -0.00166439 0.000267316 1.28897e-05 -0.000126075 
719 0.156915 0.633796 -0.00166525 0.000267028 1.31487e-05 -0.000123021 
720 0.156922 0.633812 -0.00166581 0.00026693 1.38116e-05 -0.000119967 
721 0.156924 0.633829 -0.00166616 0.000266997 1.46213e-05 -0.000116917 
722 0.156922 0.633849 -0.00166628 0.00026708 1.54062e-05 -0.000113878 
723 0.15692 0.633868 -0.00166634 0.000267198 1.60827e-05 -0.000110854 
724 0.156916 0.633889 -0.00166628 0.000267235 1.65958e-05 -0.000107848 
725 0.156912 0.63391 -0.00166625 0.000267243 1.69391e-05 -0.000104863 
726 0.156907 0.633932 -0.00166615 0.000267139 1.71077e-05 -0.000101902 
727 0.156904 0.633952 -0.00166612 0.000266997 1.71256e-05 -9.89658e-05 
728 0.1569 0.633974 -0.00166605 0.000266747 1.70052e-05 -9.60565e-05 
729 0.156897 0.633994 -0.00166606 0.000266476 1.67783e-05 -9.31756e-05 
730 0.144946 0.690126 0.000808355 -0.00275852 -0.00063707 -8.51786e-05 
731 0.155122 0.632725 -0.00151018 -0.00271153 -0.00073807 -8.16155e-05 
732 0.157026 0.628332 -0.00182843 -0.00243732 -0.000738744 -7.91074e-05 
733 0.157394 0.628336 -0.00184979 -0.00217127 -0.000722338 -7.67166e-05 
734 0.157539 0.628684 -0.00183941 -0.00193104 -0.000700818 -7.43505e-05 
735 0.157642 0.629025 -0.00182646 -0.00171549 -0.000676374 -7.20004e-05 
736 0.157725 0.629334 -0.00181388 -0.00152215 -0.000649933 -6.96654e-05 
737 0.157795 0.62961 -0.00180207 -0.00134863 -0.000622146 -6.73461e-05 
738 0.157852 0.629859 -0.00179096 -0.00119285 -0.000593556 -6.50426e-05 
739 0.157899 0.63008 -0.00178064 -0.00105289 -0.000564594 -6.27556e-05 
740 0.157938 0.630281 -0.001771 -0.000927128 -0.000535627 -6.04852e-05 
741 0.157969 0.63046 -0.00176209 -0.000814012 -0.000506936 -5.82321e-05 
742 0.157993 0.630623 -0.0017538 -0.000712269 -0.000478759 -5.59965e-05 
743 0.158013 0.630769 -0.00174618 -0.000620663 -0.00045127 -5.37791e-05 
744 0.158028 0.630902 -0.00173909 -0.000538189 -0.000424616 -5.15799e-05 
745 0.158039 0.631022 -0.0017326 -0.000463851 -0.000398894 -4.93997e-05 
746 0.158047 0.631146 -0.00172657 -0.000396924 -0.000374218 -4.74531e-05 
747 0.158053 0.63126 -0.00172099 -0.000336681 -0.000350639 -4.57465e-05 
748 0.158056 0.631352 -0.00171583 -0.000282437 -0.000328169 -4.40717e-05 
749 0.158057 0.631434 -0.00171119 -0.000233449 -0.000306803 -4.24297e-05 
750 0.158057 0.631509 -0.0017069 -0.000189229 -0.000286546 -4.082e-05 
751 0.158056 0.631578 -0.001703 -0.000149245 -0.000267379 -3.92429e-05 
752 0.158053 0.631641 -0.00169939 -0.000113124 -0.00024929 -3.76978e-05 
753 0.158051 0.6317 -0.00169612 -8.04298e-05 -0.000232245 -3.61848e-05 
754 0.158047 0.631754 -0.00169308 -5.08726e-05 -0.000216221 -3.47032e-05 
755 0.158043 0.631804 -0.00169034 -2.40915e-05 -0.000201173 -3.3253e-05 
756 0.158039 0.631852 -0.00168779 1.3561e-07 -0.000187071 -3.18334e-05 
757 0.158035 0.631895 -0.0016855 2.21099e-05 -0.000173866 -3.04444e-05 
758 0.15803 0.631937 -0.00168336 4.19999e-05 -0.000161527 -2.90852e-05 
759 0.158026 0.631975 -0.00168145 6.00589e-05 -0.000150001 -2.77557e-05 
760 0.158021 0.632013 -0.00167966 7.64127e-05 -0.000139257 -2.64551e-05 
761 0.158017 0.632047 -0.00167807 9.12765e-05 -0.000129243 -2.51833e-05 
762 0.158012 0.63208 -0.00167657 0.000104742 -0.000119928 -2.39394e-05 
763 0.158008 0.632111 -0.00167525 0.000116993 -0.000111263 -2.27233e-05 
764 0.158004 0.632141 -0.001674 0.000128094 -0.000103218 -2.15342e-05 
765 0.158 0.632169 -0.0016729 0.000138205 -9.57479e-05 -2.0372e-05 
766 0.157996 0.632197 -0.00167186 0.000147367 -8.88249e-05 -1.92357e-05 
767 0.157993 0.632223 -0.00167095 0.000155722 -8.2406e-05 -1.81253e-05 
768 0.15799 0.632249 -0.00167009 0.000163292 -7.64677e-05 -1.70399e-05 
769 0.157987 0.632274 -0.00166934 0.000170202 -7.09697e-05 -1.59794e-05 
770 0.157983 0.632298 -0.00166863 0.000176463 -6.58917e-05 -1.4943e-05 
771 0.157981 0.632321 -0.00166802 0.000182184 -6.11965e-05 -1.39305e-05 
772 0.157978 0.632344 -0.00166742 0.000187365 -5.6867e-05 -1.29412e-05 
773 0.157976 0.632366 -0.00166693 0.000192106 -5.28691e-05 -1.19748e-05 
774 0.157973 0.632388 -0.00166644 0.000196396 -4.91885e-05 -1.10307e-05 
775 0.157971 0.632409 -0.00166604 0.000200327 -4.5794e-05 -1.01086e-05 
776 0.157969 0.63243 -0.00166564 0.00020388 -4.26741e-05 -9.20779e-06 
777 0.157968 0.63245 -0.00166532 0.000207142 -3.98004e-05 -8.32817e-06 
778 0.157966 0.63247 -0.00166499 0.000210086 -3.71637e-05 -7.46896e-06 
779 0.157965 0.63249 -0.00166474 0.000212792 -3.47381e-05 -6.63005e-06 
780 0.157963 0.63251 -0.00166448 0.000215231 -3.25168e-05 -5.81069e-06 
781 0.157962 0.632529 -0.00166428 0.000217478 -3.0476e-05 -5.01078e-06 
782 0.157961 0.632548 -0.00166407 0.000219498 -2.86109e-05 -4.22958e-06 
783 0.15796 0.632567 -0.00166392 0.000221363 -2.68996e-05 -3.46701e-06 
784 0.157959 0.632586 -0.00166376 0.000223035 -2.53393e-05 -2.72235e-06 
785 0.157959 0.632604 -0.00166365 0.000224583 -2.39097e-05 -1.99552e-06 
786 0.157958 0.632623 -0.00166352 0.000225966 -2.26098e-05 -1.28581e-06 
787 0.157957 0.632641 -0.00166345 0.00022725 -2.14206e-05 -5.93165e-07 
788 0.157957 0.632659 -0.00166335 0.000228393 -2.03424e-05 8.31136e-08 
789 0.157957 0.632677 -0.00166331 0.000229458 -1.9358e-05 7.43065e-07 
790 0.157956 0.632695 -0.00166324 0.0002304 -1.84686e-05 1.38738e-06 
791 0.157956 0.632713 -0.00166322 0.000231282 -1.76582e-05 2.01608e-06 
792 0.157956 0.632731 -0.00166317 0.000232057 -1.69292e-05 2.62985e-06 
793 0.157956 0.632748 -0.00166317 0.000232787 -1.62664e-05 3.22869e-06 
794 0.157956 0.632766 -0.00166314 0.000233423 -1.56733e-05 3.81327e-06 
795 0.157956 0.632783 -0.00166316 0.000234026 -1.51355e-05 4.38358e-06 
796 0.157956 0.632801 -0.00166314 0.000234547 -1.46575e-05 4.94028e-06 
797 0.157956 0.632818 -0.00166318 0.000235044 -1.42255e-05 5.48334e-06 
798 0.157956 0.632836 -0.00166317 0.000235468 -1.38446e-05 6.01342e-06 
799 0.157956 0.632853 -0.00166322 0.000235877 -1.35019e-05 6.53047e-06 
800 0.157957 0.632871 -0.00166323 0.00023622 -1.32029e-05 7.03513e-06 
801 0.157957 0.632887 -0.00166328 0.000236555 -1.29353e-05 7.52734e-06 
802 0.157957 0.632905 -0.0016633 0.000236832 -1.27052e-05 8.00774e-06 
803 0.157958 0.632922 -0.00166337 0.000237106 -1.25008e-05 8.47626e-06 
804 0.157958 0.632939 -0.00166339 0.000237326 -1.23285e-05 8.9335e-06 
805 0.157959 0.632956 -0.00166347 0.000237549 -1.2177e-05 9.3794e-06 
806 0.157959 0.632973 -0.0016635 0.000237723 -1.20532e-05 9.81455e-06 
807 0.15796 0.63299 -0.00166358 0.000237903 -1.19459e-05 1.02389e-05 
808 0.15796 0.633008 -0.00166362 0.000238038 -1.18625e-05 1.0653e-05 
809 0.157961 0.633024 -0.0016637 0.000238183 -1.17921e-05 1.10567e-05 
810 0.157961 0.633042 -0.00166374 0.000238286 -1.17423e-05 1.14507e-05 
811 0.157962 0.633058 -0.00166383 0.000238402 -1.17026e-05 1.18348e-05 
812 0.157962 0.633075 -0.00166388 0.000238478 -1.16807e-05 1.22096e-05 
813 0.157963 0.633092 -0.00166397 0.000238569 -1.16663e-05 1.2575e-05 
814 0.157964 0.633109 -0.00166402 0.000238623 -1.16674e-05 1.29315e-05 
815 0.157965 0.633126 -0.00166411 0.000238694 -1.16738e-05 1.3279e-05 
816 0.157965 0.633143 -0.00166416 0.000238729 -1.16938e-05 1.36181e-05 
817 0.157966 0.633159 -0.00166426 0.000238783 -1.17173e-05 1.39487e-05 
818 0.157967 0.633177 -0.00166432 0.000238803 -1.17528e-05 1.42712e-05 
819 0.157967 0.633193 -0.00166442 0.000238844 -1.17902e-05 1.45855e-05 
820 0.157968 0.63321 -0.00166447 0.000238852 -1.18381e-05 1.48921e-05 
821 0.157969 0.633227 -0.00166457 0.000238881 -1.18867e-05 1.51909e-05 
822 0.15797 0.633244 -0.00166463 0.000238878 -1.19446e-05 1.54825e-05 
823 0.157971 0.63326 -0.00166473 0.000238898 -1.20021e-05 1.57666e-05 
824 0.157971 0.633278 -0.00166479 0.000238887 -1.2068e-05 1.60438e-05 
825 0.157972 0.633294 -0.0016649 0.000238899 -1.21325e-05 1.63138e-05 
826 0.157973 0.633311 -0.00166496 0.000238882 -1.22046e-05 1.65773e-05 
827 0.157974 0.633328 -0.00166506 0.000238888 -1.22746e-05 1.6834e-05 
828 0.157975 0.633345 -0.00166512 0.000238865 -1.23514e-05 1.70844e-05 
829 0.157976 0.633361 -0.00166523 0.000238866 -1.24255e-05 1.73283e-05 
830 0.157977 0.633378 -0.00166529 0.000238838 -1.25058e-05 1.75663e-05 
831 0.157978 0.633395 -0.0016654 0.000238836 -1.25828e-05 1.77981e-05 
832 0.157978 0.633412 -0.00166546 0.000238805 -1.26656e-05 1.80242e-05 
833 0.157979 0.633428 -0.00166557 0.000238799 -1.27448e-05 1.82444e-05 
834 0.15798 0.633445 -0.00166563 0.000238765 -1.28292e-05 1.84592e-05 
835 0.157981 0.633462 -0.00166574 0.000238757 -1.29096e-05 1.86684e-05 
836 0.157982 0.633479 -0.0016658 0.000238721 -1.2995e-05 1.88725e-05 
837 0.157983 0.633495 -0.00166591 0.000238711 -1.3076e-05 1.90712e-05 
838 0.157984 0.633512 -0.00166597 0.000238674 -1.31618e-05 1.9265e-05 
839 0.157985 0.633529 -0.00166608 0.000238663 -1.32429e-05 1.94537e-05 
840 0.157986 0.633546 -0.00166615 0.000238624 -1.33286e-05 1.96378e-05 
841 0.157987 0.633562 -0.00166625 0.000238612 -1.34094e-05 1.9817e-05 
842 0.157988 0.633579 -0.00166632 0.000238573 -1.34945e-05 1.99918e-05 
843 0.157989 0.633595 -0.00166643 0.00023856 -1.35747e-05 2.01619e-05 
844 0.15799 0.633613 -0.00166649 0.00023852 -1.3659e-05 2.03279e-05 
845 0.157991 0.633629 -0.0016666 0.000238507 -1.37382e-05 2.04894e-05 
846 0.157992 0.633646 -0.00166666 0.000238467 -1.38215e-05 2.06469e-05 
847 0.157993 0.633662 -0.00166677 0.000238454 -1.38995e-05 2.08002e-05 
848 0.157994 0.633679 -0.00166684 0.000238414 -1.39814e-05 2.09497e-05 
849 0.157995 0.633696 -0.00166694 0.000238401 -1.40581e-05 2.10952e-05 
850 0.157996 0.633713 -0.00166701 0.000238361 -1.41386e-05 2.12371e-05 
851 0.157997 0.633729 -0.00166712 0.000238348 -1.42138e-05 2.13752e-05 
852 0.157998 0.633746 -0.00166718 0.000238309 -1.42927e-05 2.15098e-05 
853 0.157999 0.633762 -0.00166729 0.000238296 -1.43663e-05 2.16408e-05 
854 0.158 0.633779 -0.00166737 0.000238271 -1.44408e-05 2.17684e-05 
855 0.158001 0.633796 -0.00166744 0.000238231 -1.45176e-05 2.18928e-05 
856 0.158003 0.633812 -0.00166755 0.000238219 -1.45887e-05 2.20138e-05 
857 0.158004 0.633829 -0.00166762 0.000238181 -1.46634e-05 2.21318e-05 
858 0.158005 0.633846 -0.00166772 0.00023817 -1.47326e-05 2.22465e-05 
859 0.158006 0.633863 -0.00166779 0.000238132 -1.48055e-05 2.23584e-05 
860 0.158007 0.633879 -0.0016679 0.000238122 -1.48729e-05 2.24672e-05 
861 0.158008 0.633896 -0.00166796 0.000238084 -1.49439e-05 2.25733e-05 
862 0.158009 0.633912 -0.00166807 0.000238074 -1.50095e-05 2.26764e-05 
863 0.15801 0.633929 -0.00166814 0.000238038 -1.50787e-05 2.2777e-05 
864 0.158011 0.633945 -0.00166824 0.000238029 -1.51425e-05 2.28747e-05 
865 0.158012 0.633963 -0.00166831 0.000237993 -1.52099e-05 2.29701e-05 
866 0.158014 0.633979 -0.00166842 0.000237984 -1.52718e-05 2.30627e-05 
867 0.158015 0.633996 -0.00166848 0.000237949 -1.53374e-05 2.3153e-05 
868 0.158016 0.634012 -0.00166859 0.000237941 -1.53975e-05 2.32408e-05 
869 0.158017 0.634029 -0.00166866 0.000237906 -1.54613e-05 2.33264e-05 
870 0.158018 0.634045 -0.00166876 0.000237899 -1.55196e-05 2.34095e-05 
871 0.158019 0.634062 -0.00166883 0.000237865 -1.55816e-05 2.34906e-05 
872 0.15802 0.634079 -0.00166894 0.000237859 -1.56382e-05 2.35693e-05 
873 0.158021 0.634096 -0.001669 0.000237826 -1.56984e-05 2.36461e-05 
874 0.158023 0.634112 -0.00166911 0.00023782 -1.57533e-05 2.37206e-05 
875 0.158024 0.634129 -0.00166917 0.000237787 -1.58118e-05 2.37933e-05 
876 0.158025 0.634145 -0.00166928 0.000237782 -1.58649e-05 2.38639e-05 
877 0.158026 0.634162 -0.00166935 0.00023775 -1.59218e-05 2.39327e-05 
878 0.158027 0.634178 -0.00166945 0.000237746 -1.59733e-05 2.39995e-05 
879 0.158028 0.634195 -0.00166952 0.000237715 -1.60285e-05 2.40647e-05 
880 0.15803 0.634212 -0.00166962 0.000237711 -1.60783e-05 2.41279e-05 
881 0.158031 0.634229 -0.00166969 0.00023768 -1.61319e-05 2.41895e-05 
882 0.158032 0.634245 -0.0016698 0.000237677 -1.61802e-05 2.42493e-05 
883 0.158033 0.634262 -0.00166986 0.000237647 -1.62322e-05 2.43076e-05 
884 0.158034 0.634278 -0.00166997 0.000237645 -1.62789e-05 2.43642e-05 
885 0.158035 0.634295 -0.00167003 0.000237616 -1.63294e-05 2.44193e-05 
886 0.158037 0.634311 -0.00167014 0.000237614 -1.63745e-05 2.44728e-05 
887 0.158038 0.634328 -0.00167021 0.000237585 -1.64235e-05 2.45249e-05 
888 0.158039 0.634344 -0.00167031 0.000237584 -1.64672e-05 2.45755e-05 
889 0.15804 0.634362 -0.00167038 0.000237556 -1.65148e-05 2.46248e-05 
890 0.158041 0.634378 -0.00167048 0.000237555 -1.6557e-05 2.46726e-05 
891 0.158043 0.634395 -0.00167055 0.000237527 -1.66032e-05 2.47192e-05 
892 0.158044 0.634411 -0.00167066 0.000237527 -1.6644e-05 2.47643e-05 
893 0.158045 0.634428 -0.00167072 0.0002375 -1.66888e-05 2.48083e-05 
894 0.158046 0.634444 -0.00167083 0.000237501 -1.67283e-05 2.4851e-05 
895 0.158047 0.634461 -0.00167089 0.000237475 -1.67717e-05 2.48926e-05 
896 0.158049 0.634477 -0.001671 0.000237475 -1.68099e-05 2.49328e-05 
897 0.15805 0.634494 -0.00167106 0.00023745 -1.6852e-05 2.49721e-05 
898 0.158051 0.63451 -0.00167117 0.000237451 -1.68889e-05 2.50101e-05 
899 0.158052 0.634527 -0.00167123 0.000237426 -1.69297e-05 2.50472e-05 
900 0.158054 0.634544 -0.00167134 0.000237428 -1.69654e-05 2.5083e-05 
901 0.158055 0.634561 -0.0016714 0.000237403 -1.7005e-05 2.5118e-05 
902 0.158056 0.634577 -0.00167151 0.000237405 -1.70394e-05 2.51519e-05 
903 0.158057 0.634594 -0.00167158 0.000237381 -1.70779e-05 2.51849e-05 
904 0.158058 0.63461 -0.00167168 0.000237384 -1.71111e-05 2.52168e-05 
905 0.15806 0.634627 -0.00167175 0.00023736 -1.71484e-05 2.5248e-05 
906 0.158061 0.634643 -0.00167185 0.000237364 -1.71805e-05 2.52781e-05 
907 0.158062 0.63466 -0.00167192 0.00023734 -1.72167e-05 2.53074e-05 
908 0.158063 0.634676 -0.00167202 0.000237344 -1.72477e-05 2.53358e-05 
909 0.158065 0.634693 -0.00167209 0.000237321 -1.72827e-05 2.53635e-05 
910 0.158066 0.634709 -0.00167219 0.000237325 -1.73127e-05 2.53902e-05 
911 0.158067 0.634727 -0.00167226 0.000237303 -1.73467e-05 2.54163e-05 
912 0.158068 0.634743 -0.00167236 0.000237308 -1.73756e-05 2.54415e-05 
