# record data: step_count | fixed_CoG_position (x y z) | fixed_CoG_velocity (x y z) | fixed_ZMP_position (x y z)
0 0 0 0 0 0 0 -0 -8.74527e-05 
1 0 2.49725e-07 0 0 4.99678e-05 0 -0 -8.74527e-05 
2 0 1.00031e-06 0 0 0.000100221 0 -0 -8.74527e-05 
3 0 2.25605e-06 0 0 0.000151047 0 -0 -8.74527e-05 
4 0 4.02412e-06 0 0 0.000202735 0 -0 -8.74527e-05 
5 0 6.3146e-06 0 0 0.000255581 0 -0 -8.74527e-05 
6 0 9.1406e-06 0 0 0.000309887 0 -0 -8.74527e-05 
7 0 1.25182e-05 0 0 0.000365962 0 -0 -8.74527e-05 
8 0 1.64668e-05 0 0 0.000424127 0 -0 -8.74527e-05 
9 0 2.10089e-05 0 0 0.000484715 0 -0 -8.74527e-05 
10 0 2.61703e-05 0 0 0.000548071 0 -0 -8.74527e-05 
11 0 3.19807e-05 0 0 0.000614556 0 -0 -8.74527e-05 
12 0 3.84731e-05 0 0 0.000684552 0 -0 -8.74527e-05 
13 0 4.56848e-05 0 0 0.000758457 0 -0 -8.74527e-05 
14 0 5.36567e-05 0 0 0.000836693 0 -0 -8.74527e-05 
15 0 6.24345e-05 0 0 0.000919708 0 -0 -8.74527e-05 
16 0 7.20684e-05 0 0 0.00100798 0 -0 -8.74527e-05 
17 0 8.26133e-05 0 0 0.001102 0 -0 -8.74527e-05 
18 0 9.41294e-05 0 0 0.00120232 0 -0 -8.74527e-05 
19 0 0.000106683 0 0 0.0013095 0 -0 -8.74527e-05 
20 0 0.000120344 0 0 0.00142416 0 -0 -8.74527e-05 
21 0 0.000135193 0 0 0.00154696 0 -0 -8.74527e-05 
22 0 0.000151313 0 0 0.00167859 0 -0 -8.74527e-05 
23 0 0.000168797 0 0 0.00181981 0 -0 -8.74527e-05 
24 0 0.000187744 0 0 0.00197142 0 -0 -8.74527e-05 
25 0 0.000208262 0 0 0.00213428 0 -0 -8.74527e-05 
26 0 0.00023047 0 0 0.00230934 0 -0 -8.74527e-05 
27 0 0.000254493 0 0 0.00249759 0 -0 -8.74527e-05 
28 0 0.000280469 0 0 0.0027001 0 -0 -8.74527e-05 
29 0 0.000308546 0 0 0.00291803 0 -0 -8.74527e-05 
30 0 0.000338885 0 0 0.00315262 0 -0 -8.74527e-05 
31 0 0.000371659 0 0 0.00340522 0 -0 -8.74527e-05 
32 0 0.000407054 0 0 0.00367726 0 -0 -8.74527e-05 
33 0 0.000445274 0 0 0.00397031 0 -0 -8.74527e-05 
34 0 0.000486536 0 0 0.00428603 0 -0 -8.74527e-05 
35 0 0.000531076 0 0 0.00462623 0 -0 -8.74527e-05 
36 0 0.000579149 0 0 0.00499285 0 -0 -8.74527e-05 
37 0 0.000631028 0 0 0.00538798 0 -0 -8.74527e-05 
38 0 0.000687011 0 0 0.00581389 0 -0 -8.74527e-05 
39 0 0.000747416 0 0 0.00627299 0 -0 -8.74527e-05 
40 0 0.00081259 0 0 0.00676792 0 -0 -8.74527e-05 
41 0 0.000882903 0 0 0.0073015 0 -0 -8.74527e-05 
42 0 0.000958759 0 0 0.00787679 0 -0 -8.74527e-05 
43 0 0.00104059 0 0 0.00849705 0 -0 -8.74527e-05 
44 0 0.00112886 0 0 0.00916584 0 -0 -8.74527e-05 
45 0 0.00122408 0 0 0.00988698 0 -0 -8.74527e-05 
46 0 0.00132679 0 0 0.0106646 0 -0 -8.74527e-05 
47 0 0.00143757 0 0 0.0115031 0 -0 -8.74527e-05 
48 0 0.00155707 0 0 0.0124073 0 -0 -8.74527e-05 
49 0 0.00168596 0 0 0.0133823 0 -0 -8.74527e-05 
50 0 0.00182497 0 0 0.0144338 0 -0 -8.74527e-05 
51 0 0.00197491 0 0 0.0155677 0 -0 -8.74527e-05 
52 0 0.00213662 0 0 0.0167906 0 -0 -8.74527e-05 
53 0 0.00231104 0 0 0.0181093 0 -0 -8.74527e-05 
54 0 0.00249915 0 0 0.0195314 0 -0 -8.74527e-05 
55 0 0.00270204 0 0 0.0210651 0 -0 -8.74527e-05 
56 0 0.00292085 0 0 0.0227191 0 -0 -8.74527e-05 
57 0 0.00315685 0 0 0.0245028 0 -0 -8.74527e-05 
58 0 0.00341138 0 0 0.0264265 0 -0 -8.74527e-05 
59 0 0.00368588 0 0 0.0285011 0 -0 -8.74527e-05 
60 0 0.00398194 0 0 0.0307384 0 -0 -8.74527e-05 
61 0 0.00430124 0 0 0.0331513 0 -0 -8.74527e-05 
62 0 0.0046456 0 0 0.0357535 0 -0 -8.74527e-05 
63 0 0.00501699 0 0 0.0385599 0 -0 -8.74527e-05 
64 0 0.00541753 0 0 0.0415866 0 -0 -8.74527e-05 
65 0 0.00584951 0 0 0.0448507 0 -0 -8.74527e-05 
66 0 0.0063154 0 0 0.048371 0 -0 -8.74527e-05 
67 0 0.00681785 0 0 0.0521675 0 -0 -8.74527e-05 
68 0 0.00735974 0 0 0.0562619 0 -0 -8.74527e-05 
69 0 0.00794416 0 0 0.0606777 0 -0 -8.74527e-05 
70 0 0.00857444 0 0 0.06544 0 -0 -8.74527e-05 
71 0 0.0092542 0 0 0.070576 0 -0 -8.74527e-05 
72 0 0.0099873 0 0 0.076115 0 -0 -8.74527e-05 
73 0 0.0107779 0 0 0.0820888 0 -0 -8.74527e-05 
74 0 0.0116306 0 0 0.0885314 0 -0 -8.74527e-05 
75 0 0.0125503 0 0 0.0954795 0 -0 -8.74527e-05 
76 0 0.013542 0 0 0.102973 0 -0 -8.74527e-05 
77 0 0.0146117 0 0 0.111054 0 -0 -8.74527e-05 
78 0 0.0157652 0 0 0.11977 0 -0 -8.74527e-05 
79 0 0.0170094 0 0 0.12917 0 -0 -8.74527e-05 
80 0 0.0183511 0 0 0.139307 0 -7.14827e-05 0.0369643 
81 2.04122e-07 0.0196923 0 4.08431e-05 0.12907 0 -7.14827e-05 0.0369643 
82 8.17637e-07 0.020935 0 8.19194e-05 0.11957 0 -7.14827e-05 0.0369643 
83 1.84406e-06 0.022086 0 0.000123464 0.110753 0 -7.14827e-05 0.0369643 
84 3.28926e-06 0.0231521 0 0.000165713 0.102568 0 -7.14827e-05 0.0369643 
85 5.16147e-06 0.0241393 0 0.000208908 0.0949689 0 -7.14827e-05 0.0369643 
86 7.4714e-06 0.0250533 0 0.000253297 0.0879122 0 -7.14827e-05 0.0369643 
87 1.02322e-05 0.0258993 0 0.000299132 0.0813577 0 -7.14827e-05 0.0369643 
88 1.34597e-05 0.026682 0 0.000346676 0.0752677 0 -7.14827e-05 0.0369643 
89 1.71724e-05 0.027406 0 0.000396199 0.0696076 0 -7.14827e-05 0.0369643 
90 2.13913e-05 0.0280755 0 0.000447986 0.0643451 0 -7.14827e-05 0.0369643 
91 2.61406e-05 0.0286942 0 0.00050233 0.05945 0 -7.14827e-05 0.0369643 
92 3.14474e-05 0.0292656 0 0.000559544 0.0548944 0 -7.14827e-05 0.0369643 
93 3.73421e-05 0.0297931 0 0.000619953 0.0506523 0 -7.14827e-05 0.0369643 
94 4.38583e-05 0.0302796 0 0.000683902 0.0466995 0 -7.14827e-05 0.0369643 
95 5.10332e-05 0.030728 0 0.000751757 0.0430134 0 -7.14827e-05 0.0369643 
96 5.89077e-05 0.0311407 0 0.000823906 0.039573 0 -7.14827e-05 0.0369643 
97 6.7527e-05 0.0315202 0 0.00090076 0.0363585 0 -7.14827e-05 0.0369643 
98 7.69401e-05 0.0318686 0 0.000982758 0.0333517 0 -7.14827e-05 0.0369643 
99 8.72009e-05 0.0321879 0 0.00107037 0.0305354 0 -7.14827e-05 0.0369643 
100 9.83679e-05 0.0324799 0 0.00116409 0.0278934 0 -7.14827e-05 0.0369643 
101 0.000110505 0.0327463 0 0.00126446 0.0254108 0 -7.14827e-05 0.0369643 
102 0.000123681 0.0329886 0 0.00137206 0.0230733 0 -7.14827e-05 0.0369643 
103 0.000137972 0.0332082 0 0.00148749 0.0208675 0 -7.14827e-05 0.0369643 
104 0.000153459 0.0334063 0 0.00161141 0.0187809 0 -7.14827e-05 0.0369643 
105 0.000170231 0.0335841 0 0.00174454 0.0168016 0 -7.14827e-05 0.0369643 
106 0.000188383 0.0337427 0 0.00188762 0.0149182 0 -7.14827e-05 0.0369643 
107 0.000208019 0.0338828 0 0.00204149 0.0131201 0 -7.14827e-05 0.0369643 
108 0.000229252 0.0340053 0 0.00220702 0.0113968 0 -7.14827e-05 0.0369643 
109 0.000252202 0.0341109 0 0.00238516 0.00973862 0 -7.14827e-05 0.0369643 
110 0.000277 0.0342003 0 0.00257691 0.00813606 0 -7.14827e-05 0.0369643 
111 0.000303789 0.0342738 0 0.00278338 0.00658 0 -7.14827e-05 0.0369643 
112 0.000332721 0.034332 0 0.00300575 0.00506156 0 -7.14827e-05 0.0369643 
113 0.000363961 0.0343752 0 0.00324528 0.00357194 0 -7.14827e-05 0.0369643 
114 0.000397688 0.0344035 0 0.00350335 0.00210273 0 -7.14827e-05 0.0369643 
115 0.000434095 0.0344172 0 0.00378142 0.000645613 0 -7.14827e-05 0.0369643 
116 0.000473388 0.0344164 0 0.00408109 -0.00080788 0 -7.14827e-05 0.0369643 
117 0.000515794 0.0344011 0 0.00440406 -0.00226599 0 -7.14827e-05 0.0369643 
118 0.000561553 0.0343711 0 0.00475219 -0.00373715 0 -7.14827e-05 0.0369643 
119 0.000610928 0.0343263 0 0.00512746 -0.00522954 0 -7.14827e-05 0.0369643 
120 0.0006642 0.0342664 0 0.00553201 -0.0067516 0 -7.14827e-05 0.0369643 
121 0.000721673 0.0341911 0 0.00596815 -0.00831244 0 -7.14827e-05 0.0369643 
122 0.000783677 0.0341 0 0.00643838 -0.0099208 0 -7.14827e-05 0.0369643 
123 0.000850564 0.0339925 0 0.00694538 -0.0115856 0 -7.14827e-05 0.0369643 
124 0.000922716 0.033868 0 0.00749204 -0.0133169 0 -7.14827e-05 0.0369643 
125 0.00100055 0.0337259 0 0.00808149 -0.0151241 0 -7.14827e-05 0.0369643 
126 0.0010845 0.0335653 0 0.00871709 -0.0170178 0 -7.14827e-05 0.0369643 
127 0.00117505 0.0333852 0 0.00940247 -0.019008 0 -7.14827e-05 0.0369643 
128 0.00127273 0.0331848 0 0.0101416 -0.0211076 0 -7.14827e-05 0.0369643 
129 0.00137808 0.0329626 0 0.0109386 -0.0233271 0 -7.14827e-05 0.0369643 
130 0.00149171 0.0327177 0 0.011798 -0.0256804 0 -7.14827e-05 0.0369643 
131 0.00161426 0.0324485 0 0.0127249 -0.0281799 0 -7.14827e-05 0.0369643 
132 0.00174645 0.0321536 0 0.0137244 -0.0308407 0 -7.14827e-05 0.0369643 
133 0.00188901 0.0318312 0 0.0148023 -0.0336774 0 -7.14827e-05 0.0369643 
134 0.00204277 0.0314794 0 0.0159647 -0.0367065 0 -7.14827e-05 0.0369643 
135 0.00220861 0.0310964 0 0.0172183 -0.0399455 0 -7.14827e-05 0.0369643 
136 0.00238747 0.0306797 0 0.0185703 -0.0434118 0 -7.14827e-05 0.0369643 
137 0.00258037 0.0302272 0 0.0200283 -0.0471264 0 -7.14827e-05 0.0369643 
138 0.00278841 0.0297364 0 0.0216006 -0.0511113 0 -7.14827e-05 0.0369643 
139 0.00301279 0.0292041 0 0.0232964 -0.0553869 0 -7.14827e-05 0.0369643 
140 0.00325478 0.0286275 0 0.0251252 -0.0599784 0 -7.14827e-05 0.0369643 
141 0.00351577 0.0280034 0 0.0270974 -0.0649142 0 -7.14827e-05 0.0369643 
142 0.00379725 0.027328 0 0.0292245 -0.070219 0 -7.14827e-05 0.0369643 
143 0.00410082 0.0265976 0 0.0315184 -0.0759252 0 -7.14827e-05 0.0369643 
144 0.00442821 0.0258081 0 0.0339923 -0.0820656 0 -7.14827e-05 0.0369643 
145 0.00478131 0.0249547 0 0.0366604 -0.0886734 0 -7.14827e-05 0.0369643 
146 0.00516212 0.0240328 0 0.0395378 -0.0957883 0 -7.14827e-05 0.0369643 
147 0.00557282 0.0230372 0 0.042641 -0.103451 0 -7.14827e-05 0.0369643 
148 0.00601575 0.021962 0 0.0459878 -0.111705 0 -7.14827e-05 0.0369643 
149 0.00649345 0.0208008 0 0.0495971 -0.120594 0 -7.14827e-05 0.0369643 
150 0.00700864 0.0195477 0 0.0534897 -0.130174 0 -7.14827e-05 0.0369643 
151 0.00756426 0.0181949 0 0.0576878 -0.140497 0 -7.14827e-05 0.0369643 
152 0.00816349 0.0167352 0 0.0622154 -0.151624 0 -7.14827e-05 0.0369643 
153 0.00880975 0.0151596 0 0.0670983 -0.163614 0 -7.14827e-05 0.0369643 
154 0.00950673 0.0134598 0 0.0723644 -0.176542 0 -7.14827e-05 0.0369643 
155 0.0102584 0.0116257 0 0.0780437 -0.190476 0 -7.14827e-05 0.0369643 
156 0.0110691 0.00964665 0 0.0841687 -0.205497 0 -7.14827e-05 0.0369643 
157 0.0119434 0.00751193 0 0.0907744 -0.221693 0 -7.14827e-05 0.0369643 
158 0.0128863 0.00520875 0 0.0978986 -0.239154 0 -7.14827e-05 0.0369643 
159 0.0139032 0.00272395 0 0.105582 -0.257979 0 -7.14827e-05 0.0369643 
160 0.0149999 4.38715e-05 0 0.113868 -0.278279 0 0.0299999 -0.0369635 
161 0.0160969 -0.00263589 0 0.105623 -0.257929 0 0.0299999 -0.0369635 
162 0.0171144 -0.00511962 0 0.0979805 -0.239052 0 0.0299999 -0.0369635 
163 0.0180583 -0.00742148 0 0.0908979 -0.22154 0 0.0299999 -0.0369635 
164 0.0189341 -0.00955463 0 0.0843344 -0.205293 0 0.0299999 -0.0369635 
165 0.0197466 -0.0115312 0 0.0782525 -0.190219 0 0.0299999 -0.0369635 
166 0.0205006 -0.0133626 0 0.0726176 -0.176231 0 0.0299999 -0.0369635 
167 0.0212004 -0.0150592 0 0.0673974 -0.163249 0 0.0299999 -0.0369635 
168 0.0218499 -0.0166307 0 0.062562 -0.1512 0 0.0299999 -0.0369635 
169 0.0224528 -0.0180861 0 0.058084 -0.140014 0 0.0299999 -0.0369635 
170 0.0230126 -0.0194336 0 0.0539377 -0.129628 0 0.0299999 -0.0369635 
171 0.0235326 -0.0206811 0 0.0500994 -0.119982 0 0.0299999 -0.0369635 
172 0.0240156 -0.0218356 0 0.0465473 -0.111021 0 0.0299999 -0.0369635 
173 0.0244644 -0.0229036 0 0.0432609 -0.102695 0 0.0299999 -0.0369635 
174 0.0248816 -0.0238914 0 0.0402216 -0.0949545 0 0.0299999 -0.0369635 
175 0.0252696 -0.0248045 0 0.0374121 -0.0877567 0 0.0299999 -0.0369635 
176 0.0256306 -0.0256482 0 0.0348162 -0.08106 0 0.0299999 -0.0369635 
177 0.0259666 -0.0264273 0 0.0324191 -0.0748263 0 0.0299999 -0.0369635 
178 0.0262796 -0.0271462 0 0.0302072 -0.0690199 0 0.0299999 -0.0369635 
179 0.0265713 -0.027809 0 0.0281678 -0.0636077 0 0.0299999 -0.0369635 
180 0.0268435 -0.0284195 0 0.0262892 -0.0585587 0 0.0299999 -0.0369635 
181 0.0270976 -0.0289813 0 0.0245608 -0.0538442 0 0.0299999 -0.0369635 
182 0.0273352 -0.0294974 0 0.0229727 -0.0494373 0 0.0299999 -0.0369635 
183 0.0275575 -0.029971 0 0.0215157 -0.0453126 0 0.0299999 -0.0369635 
184 0.0277659 -0.0304046 0 0.0201817 -0.0414467 0 0.0299999 -0.0369635 
185 0.0279615 -0.0308007 0 0.0189628 -0.0378174 0 0.0299999 -0.0369635 
186 0.0281455 -0.0311616 0 0.0178523 -0.0344041 0 0.0299999 -0.0369635 
187 0.0283189 -0.0314894 0 0.0168437 -0.0311874 0 0.0299999 -0.0369635 
188 0.0284827 -0.031786 0 0.0159314 -0.0281488 0 0.0299999 -0.0369635 
189 0.0286378 -0.032053 0 0.01511 -0.0252709 0 0.0299999 -0.0369635 
190 0.0287852 -0.0322919 0 0.0143749 -0.0225373 0 0.0299999 -0.0369635 
191 0.0289256 -0.0325041 0 0.0137219 -0.0199324 0 0.0299999 -0.0369635 
192 0.0290599 -0.0326909 0 0.0131473 -0.0174416 0 0.0299999 -0.0369635 
193 0.0291888 -0.0328533 0 0.0126477 -0.0150501 0 0.0299999 -0.0369635 
194 0.0293131 -0.0329922 0 0.0122204 -0.0127446 0 0.0299999 -0.0369635 
195 0.0294334 -0.0331084 0 0.0118629 -0.0105121 0 0.0299999 -0.0369635 
196 0.0295506 -0.0332026 0 0.0115731 -0.00833942 0 0.0299999 -0.0369635 
197 0.0296651 -0.0332754 0 0.0113494 -0.00621441 0 0.0299999 -0.0369635 
198 0.0297778 -0.0333271 0 0.0111905 -0.00412467 0 0.0299999 -0.0369635 
199 0.0298892 -0.033358 0 0.0110955 -0.00205871 0 0.0299999 -0.0369635 
200 0.0299999 -0.0333682 0 0.0110641 -4.89756e-06 0 0.0299999 -0.0369635 
201 0.0301106 -0.033358 0 0.0110957 0.00204932 0 0.0299999 -0.0369635 
202 0.030222 -0.0333272 0 0.0111906 0.00411534 0 0.0299999 -0.0369635 
203 0.0303346 -0.0332756 0 0.0113495 0.00620453 0 0.0299999 -0.0369635 
204 0.0304492 -0.033203 0 0.0115731 0.00832955 0 0.0299999 -0.0369635 
205 0.0305663 -0.0331089 0 0.0118629 0.010502 0 0.0299999 -0.0369635 
206 0.0306867 -0.0329928 0 0.0122203 0.0127347 0 0.0299999 -0.0369635 
207 0.030811 -0.0328539 0 0.012648 0.0150389 0 0.0299999 -0.0369635 
208 0.0309399 -0.0326917 0 0.0131473 0.0174305 0 0.0299999 -0.0369635 
209 0.0310742 -0.032505 0 0.0137221 0.0199204 0 0.0299999 -0.0369635 
210 0.0312146 -0.0322929 0 0.014375 0.022525 0 0.0299999 -0.0369635 
211 0.0313619 -0.032054 0 0.0151103 0.0252576 0 0.0299999 -0.0369635 
212 0.0315171 -0.0317872 0 0.0159315 0.0281351 0 0.0299999 -0.0369635 
213 0.0316809 -0.0314908 0 0.0168439 0.0311728 0 0.0299999 -0.0369635 
214 0.0318543 -0.0311632 0 0.0178525 0.0343888 0 0.0299999 -0.0369635 
215 0.0320383 -0.0308025 0 0.0189628 0.0378015 0 0.0299999 -0.0369635 
216 0.0322338 -0.0304063 0 0.0201821 0.0414285 0 0.0299999 -0.0369635 
217 0.0324422 -0.0299729 0 0.0215163 0.0452929 0 0.0299999 -0.0369635 
218 0.0326647 -0.0294998 0 0.0229724 0.0494183 0 0.0299999 -0.0369635 
219 0.0329022 -0.0289838 0 0.0245608 0.0538235 0 0.0299999 -0.0369635 
220 0.0331563 -0.0284221 0 0.0262897 0.0585354 0 0.0299999 -0.0369635 
221 0.0334285 -0.0278121 0 0.0281674 0.0635849 0 0.0299999 -0.0369635 
222 0.0337202 -0.0271494 0 0.0302072 0.0689942 0 0.0299999 -0.0369635 
223 0.0340332 -0.0264307 0 0.0324193 0.0747984 0 0.0299999 -0.0369635 
224 0.0343692 -0.025652 0 0.0348161 0.0810307 0 0.0299999 -0.0369635 
225 0.0347301 -0.0248084 0 0.0374127 0.0877235 0 0.0299999 -0.0369635 
226 0.0351181 -0.0238955 0 0.0402225 0.0949184 0 0.0299999 -0.0369635 
227 0.0355354 -0.0229084 0 0.043261 0.102658 0 0.0299999 -0.0369635 
228 0.0359843 -0.0218409 0 0.0465468 0.110983 0 0.0299999 -0.0369635 
229 0.036467 -0.0206862 0 0.0501007 0.119936 0 0.0299999 -0.0369635 
230 0.0369871 -0.0194395 0 0.0539381 0.129581 0 0.0299999 -0.0369635 
231 0.0375469 -0.0180924 0 0.0580845 0.139963 0 0.0299999 -0.0369635 
232 0.03815 -0.0166379 0 0.0625614 0.151148 0 0.0299999 -0.0369635 
233 0.0387994 -0.0150666 0 0.0673979 0.16319 0 0.0299999 -0.0369635 
234 0.0394993 -0.0133711 0 0.0726168 0.176171 0 0.0299999 -0.0369635 
235 0.0402533 -0.0115404 0 0.0782514 0.190155 0 0.0299999 -0.0369635 
236 0.0410658 -0.00956424 0 0.0843341 0.205222 0 0.0299999 -0.0369635 
237 0.0419417 -0.00743224 0 0.0908963 0.221466 0 0.0299999 -0.0369635 
238 0.0428856 -0.00513109 0 0.0979793 0.238971 0 0.0299999 -0.0369635 
239 0.0439028 -0.00264759 0 0.105623 0.257837 0 0.0299999 -0.0369635 
240 0.0449997 3.13404e-05 0 0.113869 0.278179 0 0.0599998 0.0370255 
241 0.0460967 0.00271014 0 0.105624 0.257836 0 0.0599998 0.0370255 
242 0.0471142 0.00519297 0 0.0979814 0.238966 0 0.0599998 0.0370255 
243 0.0480582 0.007494 0 0.0908988 0.22146 0 0.0599998 0.0370255 
244 0.0489339 0.00962638 0 0.0843352 0.205219 0 0.0599998 0.0370255 
245 0.0497465 0.0116023 0 0.0782533 0.19015 0 0.0599998 0.0370255 
246 0.0505005 0.013433 0 0.0726183 0.176167 0 0.0599998 0.0370255 
247 0.0512002 0.015129 0 0.067398 0.16319 0 0.0599998 0.0370255 
248 0.0518497 0.0166999 0 0.0625627 0.151145 0 0.0599998 0.0370255 
249 0.0524527 0.0181547 0 0.0580846 0.139963 0 0.0599998 0.0370255 
250 0.0530125 0.0195018 0 0.0539382 0.12958 0 0.0599998 0.0370255 
251 0.0535324 0.0207488 0 0.0500999 0.119938 0 0.0599998 0.0370255 
252 0.0540154 0.0219029 0 0.0465477 0.110981 0 0.0599998 0.0370255 
253 0.0544643 0.0229705 0 0.0432613 0.102657 0 0.0599998 0.0370255 
254 0.0548815 0.023958 0 0.040222 0.0949193 0 0.0599998 0.0370255 
255 0.0552695 0.0248707 0 0.0374124 0.087724 0 0.0599998 0.0370255 
256 0.0556305 0.0257141 0 0.0348165 0.0810297 0 0.0599998 0.0370255 
257 0.0559665 0.0264929 0 0.0324194 0.0747981 0 0.0599998 0.0370255 
258 0.0562795 0.0272115 0 0.0302075 0.0689936 0 0.0599998 0.0370255 
259 0.0565712 0.0278741 0 0.028168 0.0635833 0 0.0599998 0.0370255 
260 0.0568434 0.0284844 0 0.0262895 0.0585359 0 0.0599998 0.0370255 
261 0.0570975 0.0290459 0 0.024561 0.053823 0 0.0599998 0.0370255 
262 0.057335 0.0295618 0 0.0229729 0.0494175 0 0.0599998 0.0370255 
263 0.0575574 0.0300352 0 0.0215159 0.0452941 0 0.0599998 0.0370255 
264 0.0577658 0.0304686 0 0.0201818 0.0414294 0 0.0599998 0.0370255 
265 0.0579614 0.0308646 0 0.018963 0.0378012 0 0.0599998 0.0370255 
266 0.0581454 0.0312253 0 0.0178525 0.034389 0 0.0599998 0.0370255 
267 0.0583188 0.031553 0 0.0168439 0.0311732 0 0.0599998 0.0370255 
268 0.0584826 0.0318494 0 0.0159315 0.0281354 0 0.0599998 0.0370255 
269 0.0586377 0.0321162 0 0.0151101 0.0252582 0 0.0599998 0.0370255 
270 0.0587851 0.0323551 0 0.014375 0.0225253 0 0.0599998 0.0370255 
271 0.0589255 0.0325672 0 0.013722 0.0199211 0 0.0599998 0.0370255 
272 0.0590598 0.0327538 0 0.0131474 0.0174308 0 0.0599998 0.0370255 
273 0.0591887 0.0329161 0 0.0126478 0.0150398 0 0.0599998 0.0370255 
274 0.059313 0.0330549 0 0.0122205 0.0127348 0 0.0599998 0.0370255 
275 0.0594333 0.0331711 0 0.011863 0.0105026 0 0.0599998 0.0370255 
276 0.0595505 0.0332652 0 0.0115732 0.00833034 0 0.0599998 0.0370255 
277 0.059665 0.0333378 0 0.0113495 0.00620561 0 0.0599998 0.0370255 
278 0.0597777 0.0333894 0 0.0111905 0.00411611 0 0.0599998 0.0370255 
279 0.0598891 0.0334203 0 0.0110956 0.00205033 0 0.0599998 0.0370255 
280 0.0599998 0.0334304 0 0.0110641 -3.34817e-06 0 0.0599998 0.0370255 
281 0.0601105 0.0334201 0 0.0110957 -0.00205747 0 0.0599998 0.0370255 
282 0.0602219 0.0333893 0 0.0111906 -0.00412346 0 0.0599998 0.0370255 
283 0.0603346 0.0333376 0 0.0113496 -0.00621265 0 0.0599998 0.0370255 
284 0.0604491 0.0332649 0 0.0115732 -0.00833772 0 0.0599998 0.0370255 
285 0.0605663 0.0331707 0 0.0118629 -0.0105103 0 0.0599998 0.0370255 
286 0.0606866 0.0330545 0 0.0122203 -0.0127431 0 0.0599998 0.0370255 
287 0.0608109 0.0329155 0 0.012648 -0.0150475 0 0.0599998 0.0370255 
288 0.0609398 0.0327533 0 0.0131473 -0.0174393 0 0.0599998 0.0370255 
289 0.0610741 0.0325664 0 0.0137222 -0.0199295 0 0.0599998 0.0370255 
290 0.0612145 0.0323542 0 0.014375 -0.0225345 0 0.0599998 0.0370255 
291 0.0613618 0.0321153 0 0.0151103 -0.0252674 0 0.0599998 0.0370255 
292 0.061517 0.0318484 0 0.0159315 -0.0281455 0 0.0599998 0.0370255 
293 0.0616808 0.0315519 0 0.016844 -0.0311836 0 0.0599998 0.0370255 
294 0.0618542 0.0312241 0 0.0178525 -0.0344002 0 0.0599998 0.0370255 
295 0.0620382 0.0308633 0 0.0189628 -0.0378136 0 0.0599998 0.0370255 
296 0.0622338 0.030467 0 0.0201821 -0.0414413 0 0.0599998 0.0370255 
297 0.0624421 0.0300335 0 0.0215163 -0.0453065 0 0.0599998 0.0370255 
298 0.0626646 0.0295602 0 0.0229725 -0.0494327 0 0.0599998 0.0370255 
299 0.0629021 0.0290441 0 0.0245608 -0.0538389 0 0.0599998 0.0370255 
300 0.0631562 0.0284822 0 0.0262897 -0.0585518 0 0.0599998 0.0370255 
301 0.0634285 0.027872 0 0.0281674 -0.0636024 0 0.0599998 0.0370255 
302 0.0637201 0.0272091 0 0.0302073 -0.0690129 0 0.0599998 0.0370255 
303 0.0640331 0.0264903 0 0.0324193 -0.0748185 0 0.0599998 0.0370255 
304 0.0643691 0.0257114 0 0.0348161 -0.0810522 0 0.0599998 0.0370255 
305 0.06473 0.0248676 0 0.0374127 -0.0877466 0 0.0599998 0.0370255 
306 0.065118 0.0239545 0 0.0402225 -0.0949432 0 0.0599998 0.0370255 
307 0.0655353 0.022967 0 0.043261 -0.102684 0 0.0599998 0.0370255 
308 0.0659842 0.0218992 0 0.0465469 -0.111011 0 0.0599998 0.0370255 
309 0.066467 0.0207443 0 0.0501008 -0.119967 0 0.0599998 0.0370255 
310 0.066987 0.0194973 0 0.0539381 -0.129614 0 0.0599998 0.0370255 
311 0.0675469 0.0181498 0 0.0580846 -0.139999 0 0.0599998 0.0370255 
312 0.06815 0.016695 0 0.0625614 -0.151186 0 0.0599998 0.0370255 
313 0.0687993 0.0151232 0 0.067398 -0.163231 0 0.0599998 0.0370255 
314 0.0694992 0.0134273 0 0.0726168 -0.176215 0 0.0599998 0.0370255 
315 0.0702533 0.0115962 0 0.0782514 -0.190203 0 0.0599998 0.0370255 
316 0.0710657 0.0096195 0 0.0843342 -0.205273 0 0.0599998 0.0370255 
317 0.0719416 0.00748697 0 0.0908964 -0.221522 0 0.0599998 0.0370255 
318 0.0728855 0.00518523 0 0.0979793 -0.239031 0 0.0599998 0.0370255 
319 0.0739028 0.00270112 0 0.105624 -0.257901 0 0.0599998 0.0370255 
320 0.0749996 2.15136e-05 0 0.113869 -0.278249 0 0.0899998 -0.0369818 
321 0.0760966 -0.00265796 0 0.105624 -0.257901 0 0.0899998 -0.0369818 
322 0.0771141 -0.00514141 0 0.0979815 -0.239025 0 0.0899998 -0.0369818 
323 0.0780581 -0.00744302 0 0.0908988 -0.221515 0 0.0899998 -0.0369818 
324 0.0789338 -0.00957593 0 0.0843353 -0.20527 0 0.0899998 -0.0369818 
325 0.0797464 -0.0115523 0 0.0782534 -0.190198 0 0.0899998 -0.0369818 
326 0.0805004 -0.0133835 0 0.0726184 -0.176211 0 0.0899998 -0.0369818 
327 0.0812001 -0.0150799 0 0.0673981 -0.163231 0 0.0899998 -0.0369818 
328 0.0818496 -0.0166512 0 0.0625627 -0.151183 0 0.0899998 -0.0369818 
329 0.0824526 -0.0181064 0 0.0580846 -0.139998 0 0.0899998 -0.0369818 
330 0.0830124 -0.0194539 0 0.0539383 -0.129613 0 0.0899998 -0.0369818 
331 0.0835324 -0.0207012 0 0.0500999 -0.119969 0 0.0899998 -0.0369818 
332 0.0840154 -0.0218555 0 0.0465478 -0.111009 0 0.0899998 -0.0369818 
333 0.0844642 -0.0229235 0 0.0432614 -0.102683 0 0.0899998 -0.0369818 
334 0.0848814 -0.0239111 0 0.0402221 -0.0949438 0 0.0899998 -0.0369818 
335 0.0852694 -0.0248242 0 0.0374125 -0.0877468 0 0.0899998 -0.0369818 
336 0.0856304 -0.0256677 0 0.0348165 -0.0810508 0 0.0899998 -0.0369818 
337 0.0859664 -0.0264467 0 0.0324194 -0.0748177 0 0.0899998 -0.0369818 
338 0.0862794 -0.0271655 0 0.0302075 -0.0690119 0 0.0899998 -0.0369818 
339 0.0865711 -0.0278283 0 0.0281681 -0.0636003 0 0.0899998 -0.0369818 
340 0.0868433 -0.0284387 0 0.0262895 -0.0585518 0 0.0899998 -0.0369818 
341 0.0870974 -0.0290004 0 0.024561 -0.0538378 0 0.0899998 -0.0369818 
342 0.087335 -0.0295165 0 0.0229729 -0.0494313 0 0.0899998 -0.0369818 
343 0.0875573 -0.02999 0 0.0215159 -0.0453069 0 0.0899998 -0.0369818 
344 0.0877657 -0.0304235 0 0.0201819 -0.0414414 0 0.0899998 -0.0369818 
345 0.0879614 -0.0308196 0 0.018963 -0.0378125 0 0.0899998 -0.0369818 
346 0.0881453 -0.0311805 0 0.0178525 -0.0343995 0 0.0899998 -0.0369818 
347 0.0883187 -0.0315082 0 0.0168439 -0.0311831 0 0.0899998 -0.0369818 
348 0.0884825 -0.0318047 0 0.0159315 -0.0281447 0 0.0899998 -0.0369818 
349 0.0886377 -0.0320717 0 0.0151101 -0.025267 0 0.0899998 -0.0369818 
350 0.088785 -0.0323106 0 0.014375 -0.0225337 0 0.0899998 -0.0369818 
351 0.0889255 -0.0325228 0 0.013722 -0.019929 0 0.0899998 -0.0369818 
352 0.0890597 -0.0327095 0 0.0131474 -0.0174383 0 0.0899998 -0.0369818 
353 0.0891887 -0.0328719 0 0.0126478 -0.015047 0 0.0899998 -0.0369818 
354 0.0893129 -0.0330108 0 0.0122205 -0.0127416 0 0.0899998 -0.0369818 
355 0.0894333 -0.0331269 0 0.011863 -0.0105092 0 0.0899998 -0.0369818 
356 0.0895504 -0.0332211 0 0.0115732 -0.00833668 0 0.0899998 -0.0369818 
357 0.089665 -0.0332938 0 0.0113495 -0.00621176 0 0.0899998 -0.0369818 
358 0.0897776 -0.0333455 0 0.0111906 -0.00412209 0 0.0899998 -0.0369818 
359 0.089889 -0.0333764 0 0.0110956 -0.00205618 0 0.0899998 -0.0369818 
360 0.0899997 -0.0333866 0 0.0110642 -2.41666e-06 0 0.0899998 -0.0369818 
361 0.0901105 -0.0333764 0 0.0110957 0.00205177 0 0.0899998 -0.0369818 
362 0.0902219 -0.0333456 0 0.0111906 0.00411778 0 0.0899998 -0.0369818 
363 0.0903345 -0.033294 0 0.0113496 0.00620697 0 0.0899998 -0.0369818 
364 0.0904491 -0.0332213 0 0.0115732 0.00833199 0 0.0899998 -0.0369818 
365 0.0905662 -0.0331272 0 0.0118629 0.0105045 0 0.0899998 -0.0369818 
366 0.0906866 -0.0330111 0 0.0122203 0.0127372 0 0.0899998 -0.0369818 
367 0.0908108 -0.0328721 0 0.012648 0.0150414 0 0.0899998 -0.0369818 
368 0.0909398 -0.0327099 0 0.0131473 0.0174331 0 0.0899998 -0.0369818 
369 0.091074 -0.0325231 0 0.0137222 0.0199231 0 0.0899998 -0.0369818 
370 0.0912145 -0.032311 0 0.014375 0.0225279 0 0.0899998 -0.0369818 
371 0.0913618 -0.0320722 0 0.0151103 0.0252605 0 0.0899998 -0.0369818 
372 0.0915169 -0.0318053 0 0.0159315 0.0281382 0 0.0899998 -0.0369818 
373 0.0916807 -0.0315089 0 0.016844 0.031176 0 0.0899998 -0.0369818 
374 0.0918541 -0.0311812 0 0.0178525 0.0343922 0 0.0899998 -0.0369818 
375 0.0920381 -0.0308205 0 0.0189628 0.0378051 0 0.0899998 -0.0369818 
376 0.0922337 -0.0304243 0 0.0201821 0.0414323 0 0.0899998 -0.0369818 
377 0.0924421 -0.0299908 0 0.0215163 0.0452969 0 0.0899998 -0.0369818 
378 0.0926645 -0.0295177 0 0.0229725 0.0494226 0 0.0899998 -0.0369818 
379 0.0929021 -0.0290016 0 0.0245608 0.0538281 0 0.0899998 -0.0369818 
380 0.0931561 -0.0284399 0 0.0262897 0.0585403 0 0.0899998 -0.0369818 
381 0.0934284 -0.0278298 0 0.0281674 0.0635901 0 0.0899998 -0.0369818 
382 0.0937201 -0.027167 0 0.0302073 0.0689997 0 0.0899998 -0.0369818 
383 0.094033 -0.0264483 0 0.0324193 0.0748044 0 0.0899998 -0.0369818 
384 0.0943691 -0.0256696 0 0.0348162 0.0810371 0 0.0899998 -0.0369818 
385 0.09473 -0.0248259 0 0.0374127 0.0877303 0 0.0899998 -0.0369818 
386 0.0951179 -0.023913 0 0.0402225 0.0949257 0 0.0899998 -0.0369818 
387 0.0955352 -0.0229257 0 0.0432611 0.102666 0 0.0899998 -0.0369818 
388 0.0959841 -0.0218581 0 0.0465469 0.110991 0 0.0899998 -0.0369818 
389 0.0964669 -0.0207034 0 0.0501008 0.119945 0 0.0899998 -0.0369818 
390 0.096987 -0.0194566 0 0.0539381 0.129591 0 0.0899998 -0.0369818 
391 0.0975468 -0.0181094 0 0.0580846 0.139974 0 0.0899998 -0.0369818 
392 0.0981499 -0.0166548 0 0.0625615 0.151159 0 0.0899998 -0.0369818 
393 0.0987992 -0.0150834 0 0.067398 0.163202 0 0.0899998 -0.0369818 
394 0.0994992 -0.0133877 0 0.0726169 0.176184 0 0.0899998 -0.0369818 
395 0.100253 -0.0115569 0 0.0782515 0.190169 0 0.0899998 -0.0369818 
396 0.101066 -0.00958058 0 0.0843342 0.205237 0 0.0899998 -0.0369818 
397 0.101942 -0.00744843 0 0.0908965 0.221482 0 0.0899998 -0.0369818 
398 0.102885 -0.0051471 0 0.0979794 0.238989 0 0.0899998 -0.0369818 
399 0.103903 -0.00266342 0 0.105624 0.257856 0 0.0899998 -0.0369818 
400 0.105 1.57094e-05 0 0.113869 0.2782 0 0.120071 0.0369251 
401 0.106096 0.00269496 0 0.105583 0.257905 0 0.120071 0.0369251 
402 0.107113 0.00517872 0 0.0978996 0.239084 0 0.120071 0.0369251 
403 0.108056 0.00748118 0 0.0907754 0.221627 0 0.120071 0.0369251 
404 0.108931 0.00961549 0 0.0841696 0.205437 0 0.120071 0.0369251 
405 0.109741 0.0115938 0 0.0780445 0.19042 0 0.120071 0.0369251 
406 0.110493 0.0134275 0 0.0723651 0.17649 0 0.120071 0.0369251 
407 0.11119 0.015127 0 0.067099 0.163568 0 0.120071 0.0369251 
408 0.111836 0.016702 0 0.0622161 0.15158 0 0.120071 0.0369251 
409 0.112435 0.0181615 0 0.0576885 0.140458 0 0.120071 0.0369251 
410 0.112991 0.0195138 0 0.0534903 0.130138 0 0.120071 0.0369251 
411 0.113506 0.0207667 0 0.0495976 0.120562 0 0.120071 0.0369251 
412 0.113984 0.0219273 0 0.0459882 0.111673 0 0.120071 0.0369251 
413 0.114427 0.0230023 0 0.0426414 0.103423 0 0.120071 0.0369251 
414 0.114838 0.0239978 0 0.0395382 0.0957633 0 0.120071 0.0369251 
415 0.115218 0.0249194 0 0.0366607 0.0886504 0 0.120071 0.0369251 
416 0.115571 0.0257725 0 0.0339926 0.0820439 0 0.120071 0.0369251 
417 0.115899 0.0265618 0 0.0315187 0.0759059 0 0.120071 0.0369251 
418 0.116202 0.027292 0 0.0292247 0.0702014 0 0.120071 0.0369251 
419 0.116484 0.0279672 0 0.0270977 0.0648978 0 0.120071 0.0369251 
420 0.116745 0.0285912 0 0.0251254 0.0599648 0 0.120071 0.0369251 
421 0.116987 0.0291676 0 0.0232966 0.0553743 0 0.120071 0.0369251 
422 0.117211 0.0296997 0 0.0216009 0.0511002 0 0.120071 0.0369251 
423 0.117419 0.0301906 0 0.0200285 0.0471177 0 0.120071 0.0369251 
424 0.117612 0.030643 0 0.0185705 0.0434043 0 0.120071 0.0369251 
425 0.117791 0.0310595 0 0.0172185 0.0399388 0 0.120071 0.0369251 
426 0.117957 0.0314426 0 0.0159648 0.0367014 0 0.120071 0.0369251 
427 0.118111 0.0317943 0 0.0148024 0.0336737 0 0.120071 0.0369251 
428 0.118253 0.0321167 0 0.0137245 0.0308382 0 0.120071 0.0369251 
429 0.118385 0.0324116 0 0.012725 0.0281789 0 0.120071 0.0369251 
430 0.118508 0.0326808 0 0.0117981 0.0256804 0 0.120071 0.0369251 
431 0.118622 0.0329257 0 0.0109386 0.0233287 0 0.120071 0.0369251 
432 0.118727 0.0331478 0 0.0101417 0.0211103 0 0.120071 0.0369251 
433 0.118825 0.0333483 0 0.00940254 0.0190123 0 0.120071 0.0369251 
434 0.118915 0.0335284 0 0.00871714 0.0170228 0 0.120071 0.0369251 
435 0.118999 0.0336891 0 0.00808158 0.0151308 0 0.120071 0.0369251 
436 0.119077 0.0338313 0 0.00749213 0.0133251 0 0.120071 0.0369251 
437 0.119149 0.0339558 0 0.00694546 0.0115954 0 0.120071 0.0369251 
438 0.119216 0.0340635 0 0.00643837 0.00993176 0 0.120071 0.0369251 
439 0.119278 0.0341547 0 0.00596814 0.00832505 0 0.120071 0.0369251 
440 0.119335 0.0342301 0 0.00553215 0.00676628 0 0.120071 0.0369251 
441 0.119389 0.0342901 0 0.00512758 0.00524572 0 0.120071 0.0369251 
442 0.119438 0.0343351 0 0.00475225 0.00375501 0 0.120071 0.0369251 
443 0.119484 0.0343653 0 0.0044042 0.00228608 0 0.120071 0.0369251 
444 0.119526 0.0343809 0 0.00408114 0.000829819 0 0.120071 0.0369251 
445 0.119566 0.0343819 0 0.00378144 -0.000621588 0 0.120071 0.0369251 
446 0.119602 0.0343685 0 0.00350323 -0.00207678 0 0.120071 0.0369251 
447 0.119636 0.0343403 0 0.00324555 -0.00354259 0 0.120071 0.0369251 
448 0.119667 0.0342975 0 0.00300576 -0.00503018 0 0.120071 0.0369251 
449 0.119696 0.0342396 0 0.00278364 -0.00654526 0 0.120071 0.0369251 
450 0.119723 0.0341664 0 0.00257701 -0.00809872 0 0.120071 0.0369251 
451 0.119747 0.0340774 0 0.00238543 -0.00969763 0 0.120071 0.0369251 
452 0.11977 0.0339723 0 0.00220714 -0.0113527 0 0.120071 0.0369251 
453 0.119792 0.0338502 0 0.00204169 -0.0130721 0 0.120071 0.0369251 
454 0.119811 0.0337106 0 0.00188778 -0.0148664 0 0.120071 0.0369251 
455 0.119829 0.0335527 0 0.0017445 -0.016746 0 0.120071 0.0369251 
456 0.119846 0.0333753 0 0.00161186 -0.0187195 0 0.120071 0.0369251 
457 0.119862 0.0331777 0 0.00148808 -0.0208008 0 0.120071 0.0369251 
458 0.119876 0.032959 0 0.00137185 -0.0230033 0 0.120071 0.0369251 
459 0.119889 0.0327174 0 0.00126446 -0.0253346 0 0.120071 0.0369251 
460 0.119901 0.0324516 0 0.00116456 -0.02781 0 0.120071 0.0369251 
461 0.119913 0.0321608 0 0.00106997 -0.0304474 0 0.120071 0.0369251 
462 0.119923 0.0318423 0 0.000982838 -0.0332555 0 0.120071 0.0369251 
463 0.119932 0.0314949 0 0.000900954 -0.0362544 0 0.120071 0.0369251 
464 0.119941 0.0311165 0 0.000823856 -0.0394612 0 0.120071 0.0369251 
465 0.119949 0.0307048 0 0.00075238 -0.0428911 0 0.120071 0.0369251 
466 0.119956 0.0302576 0 0.000684752 -0.046567 0 0.120071 0.0369251 
467 0.119962 0.0297727 0 0.000620063 -0.0505113 0 0.120071 0.0369251 
468 0.119968 0.0292468 0 0.000559142 -0.0547435 0 0.120071 0.0369251 
469 0.119973 0.0286764 0 0.00050368 -0.0592828 0 0.120071 0.0369251 
470 0.119978 0.0280597 0 0.000448416 -0.0641672 0 0.120071 0.0369251 
471 0.119983 0.0273921 0 0.000396772 -0.0694155 0 0.120071 0.0369251 
472 0.119986 0.0266704 0 0.000346085 -0.0750634 0 0.120071 0.0369251 
473 0.119989 0.0258894 0 0.000299769 -0.0811341 0 0.120071 0.0369251 
474 0.119992 0.0250462 0 0.000252545 -0.0876746 0 0.120071 0.0369251 
475 0.119995 0.0241348 0 0.000207817 -0.0947132 0 0.120071 0.0369251 
476 0.119997 0.02315 0 0.000165509 -0.10229 0 0.120071 0.0369251 
477 0.119998 0.0220872 0 0.000122062 -0.110456 0 0.120071 0.0369251 
478 0.119999 0.0209392 0 8.08627e-05 -0.119248 0 0.120071 0.0369251 
479 0.119999 0.0196993 0 4.18136e-05 -0.128718 0 0.120071 0.0369251 
480 0.12 0.0183616 0 1.33634e-06 -0.138927 0 0.12 -2.65409e-05 
481 0.12 0.0170235 0 1.23917e-06 -0.128817 0 0.12 -2.65409e-05 
482 0.12 0.0157828 0 1.14908e-06 -0.119443 0 0.12 -2.65409e-05 
483 0.12 0.0146324 0 1.06556e-06 -0.110751 0 0.12 -2.65409e-05 
484 0.12 0.0135657 0 9.88119e-07 -0.102692 0 0.12 -2.65409e-05 
485 0.12 0.0125766 0 9.16323e-07 -0.0952188 0 0.12 -2.65409e-05 
486 0.12 0.0116595 0 8.49759e-07 -0.0882896 0 0.12 -2.65409e-05 
487 0.12 0.0108091 0 7.88049e-07 -0.0818647 0 0.12 -2.65409e-05 
488 0.12 0.0100206 0 7.30839e-07 -0.0759073 0 0.12 -2.65409e-05 
489 0.12 0.00928954 0 6.77804e-07 -0.0703834 0 0.12 -2.65409e-05 
490 0.12 0.00861163 0 6.28638e-07 -0.0652614 0 0.12 -2.65409e-05 
491 0.12 0.00798306 0 5.83064e-07 -0.0605122 0 0.12 -2.65409e-05 
492 0.12 0.00740024 0 5.40819e-07 -0.0561085 0 0.12 -2.65409e-05 
493 0.12 0.00685982 0 5.01662e-07 -0.0520253 0 0.12 -2.65409e-05 
494 0.12 0.00635874 0 4.65371e-07 -0.0482392 0 0.12 -2.65409e-05 
495 0.12 0.00589412 0 4.31737e-07 -0.0447286 0 0.12 -2.65409e-05 
496 0.12 0.00546332 0 4.00569e-07 -0.0414734 0 0.12 -2.65409e-05 
497 0.12 0.00506386 0 3.71688e-07 -0.0384551 0 0.12 -2.65409e-05 
498 0.12 0.00469348 0 3.44931e-07 -0.0356564 0 0.12 -2.65409e-05 
499 0.12 0.00435006 0 3.20143e-07 -0.0330613 0 0.12 -2.65409e-05 
500 0.12 0.00403163 0 2.97183e-07 -0.0306551 0 0.12 -2.65409e-05 
501 0.12 0.00373637 0 2.75921e-07 -0.0284239 0 0.12 -2.65409e-05 
502 0.12 0.00346261 0 2.56235e-07 -0.0263551 0 0.12 -2.65409e-05 
503 0.12 0.00320877 0 2.38011e-07 -0.0244367 0 0.12 -2.65409e-05 
504 0.12 0.00297341 0 2.21148e-07 -0.022658 0 0.12 -2.65409e-05 
505 0.12 0.00275518 0 2.05546e-07 -0.0210085 0 0.12 -2.65409e-05 
506 0.12 0.00255283 0 1.91119e-07 -0.0194791 0 0.12 -2.65409e-05 
507 0.12 0.00236522 0 1.77784e-07 -0.018061 0 0.12 -2.65409e-05 
508 0.12 0.00219127 0 1.65464e-07 -0.016746 0 0.12 -2.65409e-05 
509 0.12 0.00202998 0 1.54088e-07 -0.0155266 0 0.12 -2.65409e-05 
510 0.12 0.00188044 0 1.43593e-07 -0.0143959 0 0.12 -2.65409e-05 
511 0.12 0.00174179 0 1.33918e-07 -0.0133474 0 0.12 -2.65409e-05 
512 0.12 0.00161325 0 1.25008e-07 -0.0123752 0 0.12 -2.65409e-05 
513 0.12 0.00149405 0 1.16811e-07 -0.0114736 0 0.12 -2.65409e-05 
514 0.12 0.00138355 0 1.09281e-07 -0.0106375 0 0.12 -2.65409e-05 
515 0.12 0.00128111 0 1.02377e-07 -0.00986223 0 0.12 -2.65409e-05 
516 0.12 0.00118612 0 9.6056e-08 -0.00914324 0 0.12 -2.65409e-05 
517 0.12 0.00109807 0 9.02839e-08 -0.00847647 0 0.12 -2.65409e-05 
518 0.12 0.00101642 0 8.50264e-08 -0.00785799 0 0.12 -2.65409e-05 
519 0.12 0.000940741 0 8.02555e-08 -0.00728451 0 0.12 -2.65409e-05 
520 0.12 0.000870614 0 7.59449e-08 -0.00675282 0 0.12 -2.65409e-05 
521 0.12 0.000805581 0 7.20659e-08 -0.00625948 0 0.12 -2.65409e-05 
522 0.12 0.000745294 0 6.8598e-08 -0.00580184 0 0.12 -2.65409e-05 
523 0.12 0.000689437 0 6.55235e-08 -0.0053775 0 0.12 -2.65409e-05 
524 0.12 0.000637643 0 6.28212e-08 -0.00498367 0 0.12 -2.65409e-05 
525 0.12 0.00058965 0 6.04783e-08 -0.00461837 0 0.12 -2.65409e-05 
526 0.12 0.000545161 0 5.84797e-08 -0.00427932 0 0.12 -2.65409e-05 
527 0.12 0.000504018 0 5.6821e-08 -0.00396533 0 0.12 -2.65409e-05 
528 0.12 0.000465803 0 5.54794e-08 -0.00367322 0 0.12 -2.65409e-05 
529 0.12 0.000430482 0 5.44605e-08 -0.0034027 0 0.12 -2.65409e-05 
530 0.12 0.000397705 0 5.37479e-08 -0.00315111 0 0.12 -2.65409e-05 
531 0.12 0.000367403 0 5.33461e-08 -0.00291792 0 0.12 -2.65409e-05 
532 0.12 0.000339298 0 5.3245e-08 -0.00270099 0 0.12 -2.65409e-05 
533 0.12 0.000313321 0 5.34509e-08 -0.00249978 0 0.12 -2.65409e-05 
534 0.12 0.000289264 0 5.39605e-08 -0.00231268 0 0.12 -2.65409e-05 
535 0.12 0.000266988 0 5.47766e-08 -0.00213862 0 0.12 -2.65409e-05 
536 0.12 0.000246495 0 5.59133e-08 -0.00197759 0 0.12 -2.65409e-05 
537 0.12 0.000227508 0 5.73654e-08 -0.00182744 0 0.12 -2.65409e-05 
538 0.12 0.000209818 0 5.9134e-08 -0.00168657 0 0.12 -2.65409e-05 
539 0.12 0.000193639 0 6.1252e-08 -0.00155655 0 0.12 -2.65409e-05 
540 0.12 0.000178763 0 6.37231e-08 -0.00143576 0 0.12 -2.65409e-05 
541 0.12 0.000164842 0 6.65424e-08 -0.00132153 0 0.12 -2.65409e-05 
542 0.12 0.000152231 0 6.97574e-08 -0.00121648 0 0.12 -2.65409e-05 
543 0.12 0.000140582 0 7.33665e-08 -0.00111794 0 0.12 -2.65409e-05 
544 0.12 0.00012983 0 7.73905e-08 -0.00102535 0 0.12 -2.65409e-05 
545 0.12 0.000120119 0 8.18671e-08 -0.000939731 0 0.12 -2.65409e-05 
546 0.12 0.000111173 0 8.68061e-08 -0.00085893 0 0.12 -2.65409e-05 
547 0.12 0.000102856 0 9.22294e-08 -0.000781851 0 0.12 -2.65409e-05 
548 0.12 9.53157e-05 0 9.81821e-08 -0.000709513 0 0.12 -2.65409e-05 
549 0.12 8.88367e-05 0 1.04722e-07 -0.000643991 0 0.12 -2.65409e-05 
550 0.12 8.25841e-05 0 1.11829e-07 -0.000578878 0 0.12 -2.65409e-05 
551 0.12 7.71257e-05 0 1.19586e-07 -0.000518364 0 0.12 -2.65409e-05 
552 0.12 7.2048e-05 0 1.28012e-07 -0.000459214 0 0.12 -2.65409e-05 
553 0.12 6.792e-05 0 1.37196e-07 -0.000405608 0 0.12 -2.65409e-05 
554 0.12 6.39085e-05 0 1.47133e-07 -0.000351121 0 0.12 -2.65409e-05 
555 0.12 6.05837e-05 0 1.57923e-07 -0.000299926 0 0.12 -2.65409e-05 
556 0.12 5.79555e-05 0 1.69629e-07 -0.000251947 0 0.12 -2.65409e-05 
557 0.12 5.54733e-05 0 1.8228e-07 -0.000202865 0 0.12 -2.65409e-05 
558 0.12 5.37098e-05 0 1.9599e-07 -0.000156833 0 0.12 -2.65409e-05 
559 0.12 5.26774e-05 0 2.10838e-07 -0.000113757 0 0.12 -2.65409e-05 
