# record data: step_count | acceleration (x y z) | gyro (x y z)
0 0.0854122 -0.00056638 -2.84983e-05 -0 -0 0 
1 0.0846361 -0.00164629 -0.000357377 0.000106396 -0.000116505 -0.00312178 
2 1.68649 -0.00536428 2.30697 0.000346187 0.087422 -0.00160571 
3 -1.60467 0.0044618 -2.70773 9.59987e-05 -0.00449427 -0.00305303 
4 -0.0146252 -5.68672e-05 0.0306678 7.03876e-05 -0.00954473 -0.0030103 
5 0.0933245 -0.000460775 0.0711398 6.68015e-05 -0.00884218 -0.00296816 
6 0.0991939 -0.000492038 0.0582251 6.51334e-05 -0.00786098 -0.0029266 
7 0.0981984 -0.000493329 0.0468717 6.37697e-05 -0.00696492 -0.00288563 
8 0.0968646 -0.000490965 0.0377148 6.25126e-05 -0.00616811 -0.00284522 
9 0.0956313 -0.000488873 0.030347 6.13755e-05 -0.00546163 -0.00280538 
10 0.0945195 -0.00048564 0.0244191 6.02952e-05 -0.00483591 -0.0027661 
11 0.0935219 -0.000483006 0.0196494 5.93022e-05 -0.00428219 -0.00272736 
12 0.0926291 -0.000479367 0.0158116 5.83401e-05 -0.00379255 -0.00268917 
13 0.0918319 -0.000476428 0.0127234 5.74445e-05 -0.00335986 -0.00265151 
14 0.0911216 -0.000472564 0.0102382 5.65631e-05 -0.00297772 -0.00261438 
15 0.0904898 -0.000469465 0.00823817 5.57348e-05 -0.00264043 -0.00257777 
16 0.0899289 -0.000465495 0.00662852 5.49101e-05 -0.00234286 -0.00254167 
17 0.0894317 -0.000462331 0.00533293 5.41298e-05 -0.00208045 -0.00250607 
18 0.0889915 -0.00045833 0.00429006 5.33463e-05 -0.00184914 -0.00247098 
19 0.0886025 -0.000455164 0.00345053 5.26019e-05 -0.00164533 -0.00243637 
20 0.0882592 -0.000451182 0.00277464 5.185e-05 -0.00146581 -0.00240225 
21 0.0879565 -0.000448052 0.00223043 5.11339e-05 -0.00130772 -0.00236861 
22 0.0876901 -0.000444119 0.00179221 5.04075e-05 -0.00116855 -0.00233544 
23 0.087456 -0.000441049 0.00143928 4.97149e-05 -0.00104607 -0.00230273 
24 0.0872504 -0.000437184 0.00115502 4.90104e-05 -0.000938302 -0.00227048 
25 0.0870702 -0.000434188 0.000926028 4.83384e-05 -0.000843494 -0.00223868 
26 0.0869125 -0.000430402 0.000741531 4.76536e-05 -0.000760106 -0.00220733 
27 0.0867746 -0.000427488 0.00059286 4.70004e-05 -0.000686776 -0.00217642 
28 0.0866544 -0.000423787 0.000473036 4.63338e-05 -0.0006223 -0.00214594 
29 0.0865498 -0.000420959 0.000376443 4.56985e-05 -0.000565619 -0.00211589 
30 0.0864589 -0.000417345 0.000298561 4.50493e-05 -0.000515795 -0.00208625 
31 0.0863802 -0.000414605 0.00023575 4.4431e-05 -0.000472006 -0.00205704 
32 0.0863122 -0.000411078 0.000185081 4.37987e-05 -0.000433524 -0.00202823 
33 0.0862536 -0.000408425 0.000144195 4.31971e-05 -0.000399709 -0.00199983 
34 0.0862034 -0.000404984 0.000111195 4.25812e-05 -0.000369998 -0.00197182 
35 0.0861605 -0.000402417 8.45494e-05 4.19958e-05 -0.000343896 -0.00194421 
36 0.0861241 -0.000399061 6.30281e-05 4.1396e-05 -0.000320966 -0.00191698 
37 0.0860934 -0.000396578 4.56386e-05 4.08266e-05 -0.000300823 -0.00189013 
38 0.0860677 -0.000393305 3.15819e-05 4.02426e-05 -0.00028313 -0.00186366 
39 0.0860465 -0.000390904 2.02139e-05 3.96889e-05 -0.000267591 -0.00183756 
40 0.0860291 -0.000387712 1.1016e-05 3.91204e-05 -0.000253943 -0.00181183 
41 0.0860151 -0.00038539 3.56968e-06 3.8582e-05 -0.000241956 -0.00178646 
42 0.0860042 -0.000382276 -2.46198e-06 3.80287e-05 -0.00023143 -0.00176144 
43 0.0859959 -0.000380031 -7.35093e-06 3.75053e-05 -0.000222187 -0.00173677 
44 0.0859899 -0.000376994 -1.13164e-05 3.69669e-05 -0.00021407 -0.00171245 
45 0.0859859 -0.000374824 -1.45352e-05 3.64582e-05 -0.000206943 -0.00168847 
46 0.0859838 -0.00037186 -1.71501e-05 3.59344e-05 -0.000200684 -0.00166483 
47 0.0859833 -0.000369763 -1.92764e-05 3.54401e-05 -0.000195189 -0.00164151 
48 0.0859841 -0.000366871 -2.10069e-05 3.49304e-05 -0.000190364 -0.00161852 
49 0.0859862 -0.000364845 -2.24169e-05 3.44501e-05 -0.000186128 -0.00159586 
50 0.0859893 -0.000362022 -2.3567e-05 3.39543e-05 -0.000182409 -0.00157351 
51 0.0859934 -0.000360064 -2.45064e-05 3.34877e-05 -0.000179144 -0.00155148 
52 0.0859982 -0.000357309 -2.52747e-05 3.30054e-05 -0.000176277 -0.00152975 
53 0.0860039 -0.000355418 -2.59041e-05 3.25521e-05 -0.00017376 -0.00150833 
54 0.0860101 -0.000352728 -2.64204e-05 3.20829e-05 -0.00017155 -0.00148721 
55 0.086017 -0.000350901 -2.68449e-05 3.16425e-05 -0.00016961 -0.00146638 
56 0.0860243 -0.000348275 -2.71944e-05 3.11862e-05 -0.000167907 -0.00144585 
57 0.086032 -0.000346511 -2.7483e-05 3.07584e-05 -0.000166412 -0.0014256 
58 0.0860402 -0.000343947 -2.77217e-05 3.03145e-05 -0.000165099 -0.00140564 
59 0.0860486 -0.000342243 -2.79198e-05 2.9899e-05 -0.000163946 -0.00138595 
60 0.0860574 -0.000339739 -2.80845e-05 2.94671e-05 -0.000162935 -0.00136655 
61 0.0860664 -0.000338095 -2.8222e-05 2.90636e-05 -0.000162047 -0.00134741 
62 0.0860757 -0.000335649 -2.83372e-05 2.86435e-05 -0.000161267 -0.00132854 
63 0.0860851 -0.000334063 -2.8434e-05 2.82515e-05 -0.000160582 -0.00130994 
64 0.0860947 -0.000331674 -2.85157e-05 2.78429e-05 -0.000159981 -0.0012916 
65 0.0861045 -0.000330143 -2.85851e-05 2.74622e-05 -0.000159454 -0.00127351 
66 0.0861144 -0.000327809 -2.86441e-05 2.70646e-05 -0.00015899 -0.00125568 
67 0.0861244 -0.000326333 -2.86947e-05 2.66949e-05 -0.000158584 -0.0012381 
68 0.0861345 -0.000324052 -2.87383e-05 2.63081e-05 -0.000158227 -0.00122076 
69 0.0861447 -0.000322629 -2.87761e-05 2.5949e-05 -0.000157913 -0.00120367 
70 0.086155 -0.0003204 -2.88091e-05 2.55727e-05 -0.000157638 -0.00118681 
71 0.0861654 -0.000319028 -2.88381e-05 2.5224e-05 -0.000157396 -0.0011702 
72 0.0861758 -0.00031685 -2.88637e-05 2.48579e-05 -0.000157184 -0.00115381 
73 0.0861863 -0.000315528 -2.88866e-05 2.45191e-05 -0.000156998 -0.00113765 
74 0.0861904 0.00175823 0.000329759 8.81224e-05 -0.000157143 -0.00112171 
75 0.086211 0.00600277 -5.18013e-05 0.000257851 -0.000156577 -0.00110595 
76 0.0862233 0.0102943 -5.48857e-05 0.000501968 -0.000155559 -0.00109037 
77 0.0862353 0.0144752 -5.05125e-05 0.000802278 -0.000153897 -0.00107496 
78 0.0862477 0.0185549 -4.55286e-05 0.00114481 -0.000151359 -0.00105972 
79 0.0862603 0.0225534 -4.00147e-05 0.0015188 -0.000147679 -0.00104465 
80 0.0862734 0.0264963 -3.39002e-05 0.00191599 -0.000142553 -0.00102973 
81 0.0862869 0.0304077 -2.70933e-05 0.00233036 -0.000135636 -0.00101498 
82 0.0863008 0.034317 -1.94797e-05 0.00275759 -0.000126527 -0.00100039 
83 0.0863152 0.0382504 -1.09211e-05 0.00319492 -0.000114763 -0.000985955 
84 0.0863301 0.0422393 -1.25051e-06 0.00364078 -9.98049e-05 -0.00097167 
85 0.0863455 0.0463122 9.73087e-06 0.00409469 -8.1026e-05 -0.000957533 
86 0.0863613 0.0505016 2.22582e-05 0.00455695 -5.76955e-05 -0.000943542 
87 0.0864694 0.127657 0.000131893 0.00727246 6.40569e-06 -0.000929133 
88 0.0865255 0.157036 0.000211127 0.00990348 9.99696e-05 -0.000914526 
89 0.0864299 0.0809821 0.000118593 0.00949843 0.000161158 -0.0009006 
90 0.086462 0.0795865 0.000147323 0.00955359 0.00023552 -0.000886995 
91 0.0864814 0.0847401 0.000181763 0.00973394 0.000324547 -0.000873551 
92 0.0864991 0.0907956 0.000221822 0.0100102 0.000430702 -0.000860255 
93 0.0865161 0.0973985 0.000268484 0.0103754 0.000556932 -0.000847104 
94 0.0865321 0.104555 0.000322864 0.0108256 0.000706688 -0.000834098 
95 0.0865469 0.112298 0.000386264 0.0113582 0.000884002 -0.00082124 
96 -40.1807 0.107544 1.18901 0.0125979 1.34408 -0.000835031 
97 -13.4145 0.544383 -0.363994 -0.00901209 0.27697 -0.000805484 
98 -2.97923 0.287009 -0.392563 -0.0163218 -0.197644 -0.000815317 
99 2.12432 0.175851 -0.265974 -0.0171393 -0.367987 -0.00083234 
100 4.36495 0.137374 -0.170461 -0.0153122 -0.391097 -0.000850271 
101 28.4876 0.148657 -0.380213 -0.013401 -1.16325 -0.000864494 
102 13.3733 0.128213 0.0438963 -0.00972825 -0.453806 -0.00088531 
103 6.71488 0.164333 0.170143 -0.00724942 -0.101133 -0.000879473 
104 3.15298 0.19196 0.0921564 -0.00540939 0.0605642 -0.000871003 
105 1.29928 0.216553 0.042568 -0.00397491 0.123264 -0.00086214 
106 0.378846 0.240437 0.0168683 -0.00283249 0.137162 -0.000853868 
107 -0.0420611 0.26462 0.00472566 -0.00191701 0.129082 -0.000846716 
108 -0.203731 0.289588 -0.000198261 -0.00118352 0.112915 -0.000841082 
109 -0.23731 0.315627 -0.00143873 -0.000596193 0.0955055 -0.000837373 
110 -0.212854 0.342974 -0.000892774 -0.000124952 0.0799479 -0.000836072 
111 -0.166602 0.371851 0.000460155 0.000255965 0.0674062 -0.000837785 
112 -0.116365 0.40249 0.00214217 0.000567952 0.0581065 -0.000843276 
113 -0.0701275 0.435129 0.00394383 0.000828915 0.0518651 -0.00085351 
114 -0.0308092 0.470006 0.0057959 0.00105293 0.0483604 -0.000869707 
115 0.0011469 0.507372 0.00770062 0.00125166 0.0472663 -0.000893405 
116 0.0263963 0.547486 0.00969522 0.00143406 0.0483122 -0.000926546 
117 0.0459857 0.590611 0.0118339 0.00160738 0.0513047 -0.000971575 
118 0.0610084 0.637018 0.0141793 0.00177695 0.0561324 -0.00103158 
119 0.0724544 0.686995 0.0167994 0.00194731 0.0627628 -0.00111043 
120 0.0811582 0.740855 0.0197671 0.00212225 0.0712373 -0.00121303 
121 0.0877947 0.798903 0.0231607 0.00230426 0.0816662 -0.00134552 
122 -23.9284 0.85506 0.146048 0.00272352 0.758877 -0.000638235 
123 -8.09138 0.940175 -0.243819 0.00227924 0.122742 -0.000609211 
124 -1.82355 1.00115 -0.187749 0.00249405 -0.158406 -0.000607201 
125 1.24881 1.0769 -0.0936953 0.00286288 -0.257242 -0.000608479 
126 2.60313 1.16171 -0.0361021 0.00323324 -0.267913 -0.00061135 
127 17.4541 1.26084 0.26255 0.003483 -0.507393 -0.00268912 
128 7.95426 1.34916 0.166801 0.00404084 -0.073636 -0.00308394 
129 3.87891 1.4608 0.104422 0.00431244 0.145937 -0.00353538 
130 1.68881 1.57619 0.0444105 0.00455799 0.252625 -0.00408086 
131 0.539253 1.69917 0.0135185 0.00485069 0.303004 -0.00474841 
132 -0.04451 1.83161 0.000392424 0.00520525 0.328156 -0.00557181 
133 -0.328615 1.97463 -0.00294959 0.00561724 0.344945 -0.00659255 
134 -0.460864 2.1291 -0.00105857 0.00607857 0.362429 -0.00786201 
135 -0.522345 2.29585 0.00359781 0.00658397 0.385474 -0.00944426 
136 -0.5569 2.4758 0.00974163 0.00713135 0.416797 -0.0114194 
137 -0.587873 2.66993 0.0167588 0.00772165 0.458095 -0.0138877 
138 -0.627567 2.87924 0.0243949 0.00835546 0.51068 -0.0169749 
139 -0.68256 3.10497 0.0325956 0.00903865 0.57583 -0.0208389 
140 -0.756673 3.34835 0.0414007 0.00977624 0.654989 -0.0256778 
141 -0.99106 3.61118 0.0293328 0.0105108 0.676039 -0.0295375 
142 -2.1151 9.96947 0.260544 0.198266 0.469998 -0.0276345 
143 -2.58626 6.56986 -0.0989718 0.0618611 0.251814 -0.024205 
144 -2.92771 5.5519 -0.0910611 0.00156723 0.0210663 -0.0185012 
145 -3.23777 5.2649 -0.0747107 -0.0203947 -0.222708 -0.0101186 
146 -3.56214 5.37496 -0.0627319 -0.024036 -0.482479 0.00153314 
147 -1.1923 5.70659 0.07058 -0.0193048 -0.57504 0.00391947 
148 0.373033 6.16823 0.158197 -0.0117656 -0.576105 0.00448557 
149 1.08272 6.70796 0.216195 -0.00383859 -0.537813 0.00489474 
150 1.62999 7.25679 0.257513 0.00582809 -0.494114 0.00185944 
151 1.46983 7.05584 0.220684 -0.0137487 -0.430594 0.0019424 
152 1.32181 5.7312 0.0838286 -0.0669804 -0.374528 0.00214533 
153 1.17195 4.10629 -0.0269982 -0.122534 -0.326056 0.0024733 
154 1.03414 2.49692 -0.110314 -0.1679 -0.284577 0.00280394 
155 0.912971 1.04155 -0.16998 -0.199663 -0.249205 0.00307937 
156 0.794341 -5.33478 0.32254 -0.373739 -0.219827 0.00408234 
157 0.714743 -7.87975 0.480859 -0.408155 -0.19441 0.00465767 
158 0.648202 -8.64946 0.53061 -0.37074 -0.172301 0.00499128 
159 0.936637 -8.58018 0.54287 -0.30863 -0.129525 0.000997262 
160 2.01797 -8.13613 0.559908 -0.243702 -0.0149173 -0.0143199 
161 2.13217 -7.54902 0.380898 -0.186912 0.080314 -0.0244363 
162 0.821688 -7.01074 -0.27935 -0.14058 0.0154875 -0.00867957 
163 0.306875 -6.45869 -0.277765 -0.102588 0.0264324 -0.00828113 
164 0.130539 -5.93899 -0.263296 -0.0729265 0.0278484 -0.00790705 
165 0.055559 -5.46978 -0.250192 -0.0502849 0.0250616 -0.00755533 
166 0.0327379 -5.05068 -0.236988 -0.0333023 0.0208284 -0.00722259 
167 0.0920566 -7.23304 -0.461314 -0.0991556 0.0137486 -0.00671169 
168 0.156715 -7.48426 -0.359258 -0.0985751 0.00855878 -0.00619846 
169 0.137142 -5.11702 -0.0671852 -0.0122844 0.00804966 -0.00586768 
170 0.132434 -4.02251 -0.117326 0.0257521 0.0068138 -0.00559337 
171 0.139212 -3.39261 -0.147674 0.039413 0.00540429 -0.00534679 
172 0.151544 -3.01518 -0.159113 0.0413775 0.00406848 -0.00511794 
173 -4.05716 56.1702 0.861352 2.3991 -0.0316221 -0.145763 
174 2.78095 13.2198 -9.00898 1.32107 0.153073 -0.416886 
175 -4.63912 -10.6201 -4.7151 1.27148 -0.240129 0.00838275 
176 -2.32079 -9.72111 0.547813 1.31044 -0.38609 0.0133642 
177 -0.590111 -8.12095 1.02496 1.31528 -0.430649 0.0133294 
178 1.85279 -28.5501 8.08916 -1.31927 -0.476179 0.000154381 
179 2.2532 -15.9669 0.417331 -0.567025 -0.370526 -0.000493195 
180 1.58938 -13.1808 -0.364616 0.042088 -0.3203 0.0150864 
181 0.132695 -10.5841 -0.401436 0.51493 -0.369807 0.0519871 
182 -0.702015 -8.12245 -0.321684 0.860078 -0.46979 0.0897959 
183 -1.09054 -5.66768 -0.16831 1.07801 -0.596249 0.128313 
184 -1.39443 -2.53572 0.318124 1.25374 -0.585694 0.114241 
185 -0.87728 -0.21073 -0.0132924 1.4019 -0.538664 0.0952317 
186 -0.654508 1.42126 0.0722258 1.46906 -0.483421 0.0777371 
187 -0.944377 2.38188 0.367994 1.49212 -0.447318 0.061244 
188 -1.02825 3.19858 0.364246 1.47881 -0.418062 0.0456397 
189 -0.693609 2.55045 -0.0339758 1.50976 -0.362368 0.0184319 
190 0.334322 1.64786 0.256816 1.60083 -0.208855 -0.0564071 
191 1.87292 1.9889 0.5703 1.6835 0.0243208 -0.129989 
192 2.99695 2.86937 0.655327 1.72947 0.272883 -0.192235 
193 3.05874 4.89237 1.03936 1.67792 0.516304 -0.253121 
194 5.04796 5.43676 0.425873 1.60946 0.857065 -0.312986 
195 6.74376 5.86383 -0.736965 1.51538 0.995732 -0.273176 
196 5.50076 5.99592 -1.13036 1.42751 1.09172 -0.240727 
197 4.29023 6.13617 -1.24998 1.34581 1.13664 -0.21115 
198 3.17697 6.27761 -1.32336 1.27083 1.13505 -0.184029 
199 3.29662 5.81974 -1.06257 0.650563 -0.261052 0.120761 
200 0.207081 5.31537 -0.403403 0.100588 -0.211835 0.108802 
201 -0.0266964 5.3438 -0.254248 -0.434733 -0.187807 0.0985111 
202 0.0306984 5.3473 -0.24088 -0.960848 -0.173711 0.089578 
203 -1.60763 3.1144 -1.21328 -1.35857 0.38832 -0.0575826 
204 -0.538065 3.24688 -0.0492468 -1.76576 0.246164 -0.0430659 
205 5.83554 -2.36803 3.44557 -1.86602 0.449947 -0.0220128 
206 4.74132 -2.96265 0.635678 -1.94406 0.618761 -0.0156427 
207 3.48587 -3.77682 0.2838 -1.98513 0.738008 -0.0135718 
208 2.09347 -4.03395 0.498539 -2.0218 0.804968 -0.016997 
209 1.85137 -5.0222 0.268756 -2.01692 0.875448 -0.0239745 
210 -3.32254 -10.1615 2.08005 -1.74402 0.616263 -0.0221672 
211 -2.05388 -10.4488 -0.00579725 -1.47484 0.30739 0.00536352 
212 -1.1097 -10.7275 -0.187369 -1.20625 0.0265851 0.0357136 
213 -0.312686 -10.8516 -0.172024 -0.948121 -0.237792 0.0680597 
214 0.355093 -10.8501 -0.136662 -0.708663 -0.497414 0.102526 
215 1.12076 -10.7882 -0.0366951 -0.492129 -0.544861 0.0985306 
216 1.95952 -10.6165 0.0577561 -0.30712 -0.534318 0.0889495 
217 5.74543 -15.902 1.90358 -0.817441 -0.73161 0.0821372 
218 5.13293 -13.5548 0.10792 -0.509828 -0.581487 0.073772 
219 4.91229 -13.2836 0.0107362 -0.253334 -0.463533 0.0658965 
220 5.77555 -13.0595 0.596798 -0.044046 -0.222784 0.0303962 
221 8.31004 -13.0813 1.91418 0.133674 0.372296 -0.0662151 
222 10.6895 -12.9679 2.61785 0.261368 1.15948 -0.168722 
223 13.1764 -13.0033 3.29903 0.344034 2.15901 -0.272498 
224 15.8427 -13.2367 4.07181 0.387495 3.402 -0.373548 
225 13.6488 -13.3047 1.55662 0.356074 3.97866 -0.319369 
226 -1.50447 -13.0391 -7.13281 0.199675 2.02306 0.083754 
227 -17.5306 -13.855 -6.46676 0.197717 -0.513974 0.411174 
228 -21.0059 -14.8628 -0.329418 0.508849 -1.93787 0.458908 
229 -20.2671 -13.8888 -0.445463 0.951305 -3.20498 0.431414 
230 -17.8585 -11.9865 -1.04023 1.44881 -4.25483 0.34838 
231 -4.70271 32.9542 14.7712 -0.317742 -4.46623 0.0799684 
232 -11.579 15.3439 -6.09015 -0.245829 -5.0904 -0.101536 
233 -10.8056 16.3624 -2.13853 -0.183517 -5.57837 -0.257445 
234 -5.8571 16.9053 1.17488 -0.217945 -5.78406 -0.344548 
235 -4.79891 16.196 -0.862921 -0.277245 -5.97671 -0.372621 
236 -2.42679 15.5533 -0.678492 -0.359129 -6.0244 -0.367416 
237 2.94548 15.0673 -0.498974 -0.465896 -5.71218 -0.370415 
238 6.77841 13.7547 -0.287694 -0.549088 -5.16421 -0.387853 
239 9.61053 12.2975 -0.0274982 -0.599875 -4.1727 -0.379044 
240 11.6933 10.5859 0.0143404 -0.601459 -3.13311 -0.351748 
241 12.8383 8.89261 -0.0272054 -0.551429 -2.09775 -0.308496 
242 17.6335 2.547 0.616045 -0.191662 -0.907239 -0.245678 
243 15.624 3.98596 -0.833397 0.0546496 0.151449 -0.187104 
244 13.2676 4.96148 -0.852777 0.219151 1.09838 -0.132293 
245 11.5175 9.74212 0.551715 0.453531 2.11674 -0.0457266 
246 7.58228 7.77669 -1.42611 0.397633 2.65665 -0.00243999 
247 4.38795 6.39468 -1.07444 0.395077 2.83163 0.0256583 
248 2.13512 5.39309 -0.863452 0.428522 2.88328 0.047466 
249 0.428624 4.96041 -0.749851 0.468683 2.83941 0.073203 
250 26.395 -33.658 3.64217 -4.4002 0.0308525 0.0944818 
251 29.4972 -45.8163 -10.0138 -3.94177 3.38328 4.05659 
252 21.0372 -6.51382 -16.758 -2.02997 4.20347 9.60012 
253 17.9718 0.237283 -6.20879 -0.977113 5.44172 10.394 
254 16.4292 13.2531 -4.45333 -1.44618 4.01703 5.79294 
255 11.0455 34.8279 0.767487 2.67022 8.89748 0.00748409 
256 16.4451 29.9291 1.13645 2.50732 9.85062 -0.0159929 
257 -72.0338 35.9941 68.2388 0.748498 5.9806 -0.00190243 
258 -35.062 15.9818 -32.4594 0.0789205 4.19081 0.000265307 
259 -39.9785 16.9838 -13.0973 -0.668271 2.09451 -0.00973372 
260 -40.3806 14.202 -9.28154 -1.2738 -0.00462644 -0.00922318 
261 -39.9605 11.9965 -9.25223 -1.77007 -2.099 -0.0138837 
262 6.1177 8.45405 16.5062 -2.09171 -1.68212 -0.00589148 
263 -0.710998 4.00664 -2.85633 -2.1784 -1.69504 -0.00769295 
264 0.432884 3.35441 0.392118 -2.24407 -1.64935 -0.00875703 
265 2.29065 2.79732 1.64288 -2.29682 -1.33339 0.0355323 
266 3.5813 1.84116 0.637141 -2.59852 -0.917955 0.0889935 
267 2.89212 1.56754 0.439532 -2.89742 -0.536942 0.138723 
268 4.03399 -0.0220459 0.795372 -3.12376 -0.101976 0.188818 
269 5.45913 -0.54573 1.67148 -3.49942 0.625046 0.301123 
270 8.26412 -2.40751 2.70664 -3.63697 1.29641 0.36045 
271 9.31552 -2.6207 1.57494 -3.78194 2.02571 0.42123 
272 9.74883 -2.66493 1.22617 -3.94537 2.78888 0.485581 
273 11.2425 -2.64556 -0.0372322 -4.12073 3.3638 0.484532 
274 9.15502 -2.82276 -0.555304 -4.30829 3.78902 0.475859 
275 13.1288 -13.7121 -9.33725 -8.99282 -2.52033 -0.357227 
276 2.1582 -1.38512 -1.54414 -8.27694 -1.88501 -0.341656 
277 0.101579 -1.91459 0.130799 -7.62289 -1.39357 -0.315206 
278 -1.37775 -2.35491 0.288046 -7.03017 -1.03634 -0.288527 
279 -2.41783 -2.71415 0.215236 -6.49366 -0.785073 -0.263246 
280 -4.34648 -0.974063 0.0644108 -5.96972 3.62947 0.492556 
281 1.14706 -2.16776 0.673077 -5.76712 3.60422 0.475674 
282 -73.4841 -95.606 69.772 -0.532251 2.00174 1.09091 
283 -13.491 -25.8801 -54.9583 1.26434 -1.25617 0.870014 
284 -1.36363 -20.2993 -18.833 2.5825 -1.41429 0.659189 
285 1.45298 -19.6847 -4.47643 3.81764 -1.43954 0.502835 
286 6.58898 -15.575 -2.84065 4.83375 -1.23418 0.319675 
287 10.3402 -12.5058 -2.11295 5.69731 -0.84666 0.155681 
288 12.8747 -10.381 -1.68509 6.46608 -0.341131 0.0141337 
289 14.5142 -8.9436 -1.50081 7.1842 0.232743 -0.110513 
290 15.5247 -7.97934 -1.49967 7.88331 0.8403 -0.22227 
291 16.1264 -7.31063 -1.63537 8.58554 1.45811 -0.323759 
292 16.4969 -6.79524 -1.87344 9.30574 2.07131 -0.416578 
293 16.7735 -6.32492 -2.18762 10.0532 2.67162 -0.501511 
294 27.1283 42.0847 24.2985 8.38257 4.2875 2.01937 
295 22.9714 34.1524 -8.17375 8.65112 4.83227 3.6575 
296 -9.01098 17.5056 13.476 7.67559 3.00681 -0.289022 
297 -33.3921 43.8055 14.6452 5.86628 0.729938 -0.41874 
298 -14.0392 37.2668 -8.34738 4.48182 -0.293089 -0.442791 
299 -8.56724 39.1512 -3.80129 3.04108 -0.487791 -0.363036 
300 -3.45283 39.9141 -1.12052 1.61147 -0.0067284 -0.21939 
301 4.56336 36.6504 2.37604 0.415458 0.975472 -0.0771699 
302 7.52131 33.7677 -0.541649 -0.548058 1.49702 -0.101454 
303 -13.5711 43.2 -9.76936 0.00330696 -3.01475 -0.930119 
304 -30.4446 26.8107 2.0451 -0.950211 -4.66283 -0.904075 
305 -26.5546 25.2645 -5.3478 -2.01643 -6.00337 -0.796766 
306 -21.7625 19.8799 -3.34052 -2.94321 -7.03198 -0.635647 
307 -15.9577 12.0292 -3.93983 -4.02792 -7.70767 -0.437933 
308 -8.59961 4.50398 -4.32232 -5.26819 -7.96707 -0.228763 
309 -6.16281 4.82117 -1.38544 -6.4815 -8.09229 -0.0287678 
310 9.82283 -49.6332 19.9778 -4.71697 -7.29119 0.30084 
311 2.10385 -32.629 -5.62659 -3.79882 -6.9749 0.904805 
312 2.37693 -32.4531 -1.60969 -2.83937 -6.56944 0.984208 
313 5.39406 -29.9504 -0.333033 -1.94921 -5.65804 1.09831 
314 6.98535 -26.8631 0.0474507 -1.1555 -4.71035 1.46548 
315 9.56138 -22.845 -0.154529 -0.546445 -3.69126 1.74356 
316 10.7985 -19.6456 0.0677135 -0.12221 -2.6976 1.6263 
317 12.0433 -16.7717 -0.187162 0.0304424 -1.79359 0.367988 
318 8.88459 -15.0484 0.996902 0.280486 -1.11078 0.237353 
319 8.00223 -12.6987 0.450386 0.449324 -0.417158 0.18018 
320 8.55249 -13.5139 2.83948 0.321809 0.914542 0.0517472 
321 7.48096 -11.2474 -0.488831 0.497154 1.25376 0.0176716 
322 5.36303 -10.0032 -0.80083 0.62453 1.46757 -0.0112784 
323 3.27013 -8.58872 -0.858003 0.699258 1.56152 -0.0339296 
324 1.7382 -7.34236 -0.773682 0.728179 1.56736 -0.0505808 
325 0.757943 -6.26472 -0.71119 0.718361 1.48989 -0.0599748 
326 42.7414 27.934 0.962891 5.81285 -1.10085 -0.0965297 
327 34.1614 61.5706 6.39321 5.98908 4.30144 -0.466641 
328 21.3251 29.6029 -35.3171 3.55872 9.49476 -0.962859 
329 21.165 24.7254 -41.7965 1.38063 12.6678 -1.25335 
330 -65.786 -27.7738 72.927 1.60139 2.81175 -0.749375 
331 -44.7044 -40.7305 -9.05211 -3.11258 1.46851 0.0536162 
332 -42.8883 -34.0251 -6.09697 -3.20016 -0.843078 0.0289817 
333 -10.5808 -39.3333 3.6224 -1.29113 -1.40974 0.0207079 
334 -13.9363 -31.2238 -7.42584 0.182723 -2.1937 -0.00170506 
335 -7.01562 -29.9248 -4.07794 1.60445 -2.62746 -0.0174645 
336 12.0236 -11.5854 6.47001 2.03656 -2.02982 -0.0225773 
337 7.03035 -10.3847 -1.93005 2.43321 -1.73179 -0.0281072 
338 6.26576 -7.92257 0.184766 2.70935 -1.48336 -0.0332228 
339 5.31065 -5.771 0.445589 2.88306 -1.29584 -0.037743 
340 4.62142 -3.81069 0.392955 2.96404 -1.1538 -0.0415246 
341 5.12567 -2.49903 1.32818 2.99457 -0.811934 -0.0892612 
342 5.54482 -0.998319 0.367802 3.247 -0.416035 -0.139861 
343 4.14731 -0.461669 0.582302 3.63861 0.126579 -0.242748 
344 7.36425 0.0242072 1.26801 3.87066 0.612838 -0.291108 
345 8.73585 0.0944009 1.56963 4.11847 1.18254 -0.343755 
346 9.15548 2.26046 2.49325 4.27 1.79025 -0.401472 
347 10.0097 2.35254 1.24441 4.43793 2.44142 -0.457591 
348 10.3133 2.40335 0.76012 4.62485 3.08044 -0.507341 
349 11.8576 2.49887 -0.586298 4.82007 3.51712 -0.488853 
350 9.38615 2.7008 -0.852422 5.03179 3.85544 -0.480243 
351 12.4347 14.378 -10.3123 10.0272 0.338134 -0.00371984 
352 4.26777 1.28315 -1.27693 9.31195 0.727938 -0.01445 
353 1.93607 1.84019 0.211946 8.66272 0.983284 -0.0279742 
354 0.176423 2.30843 0.327772 8.07997 1.12208 -0.0387858 
355 -1.11112 2.69394 0.236354 7.55848 1.17148 -0.0462487 
356 -3.09499 0.537614 0.266316 6.8837 3.64888 -0.485799 
357 0.270389 2.46254 0.0638782 6.8971 3.48682 -0.449483 
358 -72.7951 94.7635 69.3968 1.6358 0.452652 -1.72372 
359 -13.1831 24.6488 -55.979 -0.0394413 -1.48056 -1.20061 
360 -1.46385 21.2409 -17.1438 -1.35098 -1.68631 -0.928135 
361 13.1018 26.5607 -0.405883 -3.73772 -1.35731 -5.8177 
362 8.79618 17.1203 -7.58761 -4.67488 -1.10385 -5.02362 
363 10.6067 14.4922 -3.08162 -5.48194 -0.740131 -4.15023 
364 14.6656 9.38144 -2.458 -6.61803 -0.523575 -3.20987 
365 15.3879 9.85546 -1.04131 -7.2065 0.0462126 -2.3358 
366 16.0216 9.22257 -0.969488 -7.79166 0.628115 -1.45918 
367 16.3914 8.72816 -1.2187 -8.38822 1.20212 -0.571734 
368 16.7852 7.98668 -1.62619 -9.03392 1.75453 0.0615708 
369 24.2559 -0.42991 -4.56301 -10.339 2.02522 0.129903 
370 24.913 0.621898 -3.48771 -10.8132 2.86521 0.0359483 
371 7.72739 -35.4053 43.7412 -9.33631 2.94085 0.247979 
372 -0.552087 -21.3351 -10.5703 -8.71952 3.03315 0.191838 
373 1.92733 -25.3203 2.31046 -7.92629 3.46235 0.0820104 
374 -27.4265 -45.9089 18.0869 -6.07112 2.33701 -0.0285122 
375 -6.6129 -39.0922 -6.18054 -4.66864 2.43525 -0.140244 
376 -1.09084 -41.0892 -0.642506 -3.21313 2.90542 -0.250156 
377 2.91556 -39.0349 -1.14762 -1.95779 2.99301 -0.198353 
378 -6.49933 -36.5478 -9.74242 -0.946872 0.883414 0.195257 
379 -19.7011 -31.9715 -6.98332 -0.0741066 -1.67594 0.535685 
380 -24.3972 -29.6393 -2.96043 0.936343 -3.18849 0.567995 
381 -23.4015 -25.0528 -2.42352 1.88911 -4.53917 0.519687 
382 -19.595 -19.8035 -2.36582 2.72344 -5.61038 0.415258 
383 -15.2341 -14.3858 -2.35025 3.40927 -6.38949 0.27355 
384 -8.61351 -7.28692 -3.36716 4.48407 -6.77361 0.110405 
385 -5.20422 -5.24183 -2.00304 5.71511 -6.95349 -0.0527729 
386 9.21869 48.4706 19.6476 4.00535 -6.29304 -0.30219 
387 2.04009 32.2785 -5.0734 3.09437 -6.05012 -0.839007 
388 2.45894 31.1758 -1.40835 2.2028 -5.78553 -0.816884 
389 4.9308 27.6397 -0.76204 1.43824 -5.32433 -0.899859 
390 6.91825 24.1351 -0.185564 0.801583 -4.50985 -1.09581 
391 12.7716 23.7288 2.65621 0.801959 -2.61564 -0.311123 
392 13.7051 18.2858 -0.202849 0.431023 -1.54691 -0.0843646 
393 13.1439 14.54 -0.41664 0.181773 -0.527423 -0.107486 
394 12.2761 11.5163 -0.353785 0.0603096 0.401616 -0.143452 
395 11.2216 9.18644 -0.294313 0.0510288 1.22665 -0.0912997 
396 -1.09904 16.0202 3.57399 -0.384923 0.884176 -0.0243615 
397 1.86592 10.6302 -1.03851 -0.532831 1.51764 0.0224053 
398 2.01481 9.56958 -0.733847 -0.644799 1.58406 0.0480619 
399 1.12811 8.2915 -0.763602 -0.71086 1.59433 0.0671931 
400 0.186872 7.03653 -0.742327 -0.730944 1.54844 0.0807812 
401 -0.465812 5.99496 -0.655806 -0.714943 1.46269 0.0892374 
402 41.4591 -27.7336 -2.56632 -5.8612 -1.08211 0.0925854 
403 33.8148 -58.7586 3.81377 -5.44568 3.90469 1.22521 
404 21.5283 -31.0688 -33.9313 -3.17768 9.59222 1.00954 
405 21.4668 -24.9527 -41.5563 -1.03716 12.7302 1.27417 
406 -68.8018 30.154 81.3544 -1.30505 2.46202 0.0957417 
407 -45.7058 41.3461 -6.31359 3.2051 1.32998 -0.0316311 
408 -42.5723 32.4213 -7.67568 3.02601 -0.933238 -0.012377 
409 -15.6127 36.4286 0.267791 1.2723 -1.74477 -0.0133074 
410 -15.46 30.4418 -7.42572 -0.163543 -2.58234 0.00570054 
411 -7.56389 29.442 -4.38394 -1.56144 -3.01934 0.0171174 
412 11.8842 11.1822 6.11819 -1.97378 -2.40366 0.0188194 
413 7.44605 10.0773 -2.04348 -2.35548 -2.06018 0.0222247 
414 6.64558 7.90354 0.139178 -2.63212 -1.76937 0.0257771 
415 5.81218 5.80863 0.338818 -2.80893 -1.53357 0.0291248 
416 5.1365 3.8904 0.292011 -2.895 -1.34332 0.0320947 
417 7.2324 2.34494 1.57277 -3.06852 -0.654868 0.133107 
418 5.0828 2.23602 -0.0483768 -3.39075 -0.256128 0.186482 
419 5.61553 0.230756 0.575901 -3.61927 0.163436 0.234235 
420 6.9736 -0.267884 1.30496 -3.84006 0.656902 0.286421 
421 8.00646 -1.5231 2.10214 -4.01222 1.21485 0.342165 
422 8.87971 -2.48432 1.80673 -4.15236 1.82334 0.399035 
423 9.62192 -2.56862 1.12787 -4.30892 2.4763 0.457072 
424 9.56033 -2.61857 0.40101 -4.48099 3.02266 0.49038 
425 11.091 -2.65783 -0.625278 -4.66692 3.4474 0.473772 
426 8.68232 -2.85461 -0.821173 -4.86905 3.77625 0.466844 
427 10.5241 -13.6676 -9.9074 -9.59036 0.00531822 -0.0591204 
428 2.83468 -1.46472 -1.26253 -8.8908 0.359312 -0.0488116 
429 0.815553 -1.99912 0.211933 -8.25461 0.592446 -0.0346731 
430 -0.647635 -2.43624 0.330827 -7.68236 0.721362 -0.0227924 
431 -1.67003 -2.7944 0.250163 -7.16892 0.771754 -0.0137354 
432 -3.41647 -1.02204 -0.0325666 -6.65943 3.34422 0.447583 
433 1.10011 -1.56085 0.111892 -6.19637 3.08279 0.405722 
434 -70.9685 -92.9345 64.5926 -1.1373 0.329048 0.96461 
435 -9.27613 -22.3239 -52.1696 0.419822 -1.48467 0.632201 
436 0.73677 -19.435 -16.002 1.68102 -1.61015 0.653935 
437 1.93374 -20.31 -2.88791 2.90345 -1.69336 0.476648 
438 6.66568 -16.3959 -2.23845 3.92184 -1.5524 0.30246 
439 10.2549 -13.4828 -1.85052 4.79579 -1.24436 0.147182 
440 12.7758 -11.3971 -1.57262 5.57666 -0.825541 0.0154685 
441 14.5144 -9.90015 -1.46345 6.30263 -0.339189 -0.0977118 
442 15.7069 -8.80174 -1.49738 7.00164 0.183646 -0.196221 
443 16.5497 -7.94694 -1.6435 7.69348 0.721545 -0.282737 
444 17.2003 -7.21363 -1.87535 8.39151 1.26083 -0.358936 
445 17.7692 -6.52151 -2.16249 9.10311 1.79531 -0.425366 
446 22.479 -2.2484 -4.75996 9.65896 2.54058 -0.399811 
447 25.0561 -0.244371 -4.53523 10.171 3.38058 -0.35242 
448 1.28839 32.0461 43.7189 8.99852 3.08371 -0.250885 
449 0.0725032 22.2857 -8.1062 8.39064 3.08379 -0.228587 
450 -32.0816 45.7691 18.0337 6.53147 1.53452 -0.157185 
451 -9.90857 38.3434 -7.61408 5.15174 1.39166 -0.0411428 
452 -3.29829 40.3775 -2.60036 3.70885 1.65581 0.0799923 
453 3.72126 39.2657 1.30474 2.38556 2.38377 0.200859 
454 6.65599 37.1084 -0.760712 1.25911 2.67068 0.161685 
455 -1.35613 36.6004 -10.849 0.262508 0.833786 -0.218469 
456 -22.9974 38.4813 3.18627 0.802599 -2.70399 -0.693587 
457 -26.6369 29.9774 -3.72144 -0.502899 -4.18331 -0.630596 
458 -25.5469 26.5022 -5.09861 -1.77608 -5.52734 -0.505329 
459 -19.9677 17.7251 -4.78423 -3.12135 -6.51344 -0.338152 
460 -12.401 9.04298 -4.99686 -4.58644 -7.06068 -0.157876 
461 -6.47442 4.79284 -3.26982 -5.77212 -7.27282 0.0197566 
462 -4.38649 5.67793 -0.885654 -6.96712 -7.37012 0.187914 
463 12.8221 -52.9372 22.226 -4.95606 -6.53859 0.232451 
464 3.45402 -33.0002 -7.30155 -3.88702 -6.08505 1.60938 
465 6.58791 -33.7272 -0.794272 -2.73628 -5.36086 2.21659 
466 8.95537 -33.6305 0.580798 -1.58652 -4.30982 2.41975 
467 10.6652 -29.1381 -1.03806 -0.856781 -3.35384 0.973945 
468 11.4466 -23.486 -0.709998 -0.282668 -2.39744 0.371648 
469 11.7913 -18.8115 -0.37947 0.111467 -1.46375 0.159171 
470 11.5415 -14.6451 -0.246063 0.346962 -0.527063 0.115108 
471 11.0134 -11.1033 -0.158718 0.445082 0.343698 0.169515 
472 10.3685 -8.46778 -0.113654 0.412216 1.12872 0.115228 
473 0.647751 -12.927 2.94559 0.680807 1.15269 0.0531263 
474 1.08238 -10.1629 0.295506 0.805579 1.47364 -0.0128212 
475 1.49692 -8.50848 -0.252345 0.86348 1.63878 -0.057437 
476 1.63668 -7.56142 -0.585467 0.891036 1.66684 -0.0806314 
477 1.35214 -6.44169 -0.780084 0.880404 1.57195 -0.0900639 
478 0.884669 -5.47668 -0.768253 0.839224 1.43861 -0.0927033 
479 41.6927 27.9838 -2.38275 5.94077 -0.654689 -0.106801 
480 36.9775 63.996 15.5773 5.91234 5.24488 -0.81078 
481 23.401 31.6562 -27.3113 3.3389 10.955 -1.65905 
482 20.2972 25.0872 -39.3939 1.12578 15.5175 -2.25831 
483 -70.9981 -53.4088 86.6776 -3.49062 4.09129 0.0177625 
484 -36.267 -34.9815 -26.5175 -4.01791 2.19101 0.0224543 
485 -40.1453 -30.3693 -14.4337 -2.58767 0.0730889 0.0184788 
486 -40.6075 -28.6453 -12.1863 -1.25112 -2.07523 0.0175966 
487 -40.0013 -24.9999 -10.9329 -0.103779 -4.2025 0.00793924 
488 -37.7557 -21.3567 -10.4319 0.855648 -6.24665 0.00723242 
489 20.8108 -41.8013 16.9772 2.96334 -5.13802 -0.0583979 
490 5.25929 -26.7092 -6.81693 4.24425 -4.9311 -0.0629181 
491 23.2499 -6.17927 17.6916 4.439 -3.76534 -0.0591832 
492 17.7778 -5.85884 -3.99607 4.65449 -2.90411 -0.0608578 
493 14.3969 -2.57623 -0.400926 4.71191 -2.23615 -0.0618168 
494 10.7277 -1.87394 -0.650306 4.64297 -1.74657 -0.0572884 
495 8.7737 -0.163216 0.546151 4.61175 -1.39557 -0.0567232 
496 8.11242 -0.322402 1.17135 4.60913 -1.08801 -0.0582588 
497 8.22588 0.126142 1.74005 4.69366 -0.638188 -0.0942192 
498 8.14616 2.12145 2.20159 4.80723 -0.167945 -0.135903 
499 9.77626 2.08289 1.07642 4.94156 0.375625 -0.172421 
500 10.1479 2.11073 0.849521 5.09475 0.935443 -0.210129 
501 9.26617 2.22187 0.710259 5.26301 1.29338 -0.226669 
502 8.25493 2.31128 0.552852 5.44937 1.60452 -0.243902 
503 23.9814 15.8189 -3.38094 11.5817 -0.156973 -0.202264 
504 18.3267 5.39657 -5.38779 12.6133 0.91862 -0.211681 
505 13.0324 1.67448 -0.110983 11.9395 1.7041 -0.24054 
506 8.65021 2.35069 0.413902 11.3502 2.24301 -0.2665 
507 -6.27779 -7.61793 6.62497 6.92199 3.79986 -0.40878 
508 -2.28876 3.04249 -0.209707 7.31912 3.32044 -0.348209 
509 -3.56599 3.25258 -1.48881 7.7491 2.79228 -0.289132 
510 24.3454 64.1858 15.8363 4.91117 3.80747 -0.110497 
511 -13.3379 3.95205 -21.1737 5.37185 2.75947 -0.225491 
512 3.84894 41.239 5.54536 3.81754 2.71858 -0.202052 
513 -5.42486 28.5865 -6.91993 2.97457 2.13763 -0.132351 
514 -6.54206 29.0886 -4.12705 2.13773 1.59705 -0.0697881 
515 -7.85961 27.0063 -3.71822 1.23911 1.30817 -0.0583967 
516 -7.56946 25.2117 -1.9033 -0.13447 1.02498 -0.047654 
517 -6.68457 25.9921 -1.33415 -1.5219 0.77722 -0.0372867 
518 -7.1314 21.8481 -2.48474 -2.67396 0.48829 -0.0224301 
519 -7.2153 18.2994 -2.12083 -3.62927 0.188307 -0.00894996 
520 -6.71449 15.0812 -1.64882 -4.41223 -0.0938953 0.00137482 
521 -5.81336 12.1511 -1.22459 -5.04323 -0.337743 0.00700528 
522 -4.67939 9.47508 -0.860866 -5.54242 -0.530633 0.0074198 
523 -3.44036 7.03944 -0.546239 -5.92716 -0.667197 0.0029293 
524 -2.20678 4.81665 -0.275747 -6.21429 -0.747285 -0.00557156 
525 -0.941761 3.03523 0.0272408 -6.43053 -0.769313 -0.0170629 
526 0.678383 2.86399 0.61327 -6.66803 -0.717737 -0.0272046 
527 1.55814 2.64267 0.62929 -6.93023 -0.6353 -0.0296983 
528 1.98891 2.37385 0.575261 -7.21644 -0.533614 -0.0330991 
529 2.28588 2.06637 0.531868 -7.52884 -0.42099 -0.0361137 
530 1.59335 -0.249507 0.522551 -8.76891 -0.434919 -0.00751568 
531 -0.13306 1.33931 0.372961 -9.05095 -0.528917 0.0552406 
532 -0.137908 1.08867 1.91304 -9.22774 -0.285157 0.0170161 
533 0.581091 0.8664 2.2278 -9.33242 -0.241448 0.0060985 
534 0.951566 0.587923 1.84358 -9.3806 -0.234617 0.00430133 
535 1.18089 0.275074 1.44035 -9.38215 -0.216571 0.00261743 
536 23.448 -38.2766 17.982 -7.09805 1.02224 0.0114655 
537 -9.44164 -35.6276 0.529152 -4.69113 0.443808 -0.00910922 
538 0.538849 -26.6685 -7.42262 -2.81928 0.444722 -0.013982 
539 -0.196592 -22.3064 -4.17985 -1.216 0.396801 -0.017497 
540 -0.480432 -17.4387 -3.38589 0.0945112 0.335059 -0.0202143 
541 -0.554076 -12.627 -2.84149 1.12229 0.270445 -0.0221384 
542 -0.503503 -8.08669 -2.33137 1.88721 0.209425 -0.0237259 
543 -1.25381 -4.70092 -1.5532 2.45659 0.107365 -0.0249552 
544 -2.45838 -2.34453 -0.927572 2.88875 -0.0603027 -0.0237449 
545 -2.33674 -1.42404 -0.224783 3.26496 -0.221172 -0.0210671 
546 -1.38529 -1.63693 0.276524 3.64938 -0.331625 -0.0200807 
547 -0.534669 -1.82178 0.185693 4.04187 -0.397858 -0.0191121 
548 16.7925 36.4195 12.7213 2.37457 0.516243 -0.0565934 
549 3.73754 15.8924 -6.42982 1.79741 0.664023 -0.0522158 
550 1.75677 14.6355 -1.84245 1.27347 0.722244 -0.0507833 
551 0.117021 13.0214 -1.06869 0.828593 0.695163 -0.0478175 
552 -0.892782 12.0762 -0.783094 0.560957 0.617285 -0.043682 
553 -1.71563 10.3437 -0.634907 0.232583 0.497771 -0.0395771 
554 3.93454 7.91182 -3.81598 -4.83565 0.514852 -0.337023 
555 -3.14579 2.24092 -5.77197 -4.44026 0.300053 -0.0510334 
556 -2.32385 1.4755 0.0472893 -4.00605 0.174206 -0.042775 
557 7.84399 -20.1222 7.57609 -2.43983 0.614443 -0.0368662 
558 -2.23042 -8.57557 -0.34568 -1.55611 0.490252 -0.0372613 
559 -1.65504 13.8794 -0.235063 1.32128 0.464309 0.00416099 
560 -1.26877 11.0519 1.72923 0.852 0.4518 -0.0263214 
561 -2.13477 9.0526 -0.0196782 0.482302 0.319703 -0.0226876 
562 -2.64207 7.28703 -0.0568389 0.203635 0.162454 -0.0188038 
563 -2.15261 5.39548 0.105762 0.0226969 0.0334253 -0.0158456 
564 -1.45633 3.93554 0.105783 -0.0842433 -0.0575282 -0.014516 
565 -0.831679 2.92554 0.05658 -0.141322 -0.114714 -0.0136512 
566 -0.322568 2.23113 0.0180642 -0.165319 -0.144662 -0.0131548 
567 0.122814 2.15029 -0.0516181 -0.148641 -0.15162 -0.0124639 
568 0.339677 1.6113 -0.016889 -0.149802 -0.147259 -0.0119035 
569 0.492929 1.32944 -0.026685 -0.139046 -0.134962 -0.0114219 
570 0.585191 1.16127 -0.0340759 -0.122205 -0.117986 -0.0109948 
571 0.627498 1.06804 -0.0372751 -0.103072 -0.0989785 -0.0106009 
572 0.632523 1.02341 -0.0375631 -0.0839972 -0.0798999 -0.0102251 
573 0.612044 1.00858 -0.0359857 -0.0663773 -0.0620744 -0.00985767 
574 0.61037 1.22887 -0.0566372 -0.0405688 -0.0447323 -0.00931563 
575 0.533468 1.11025 -0.0256406 -0.0338159 -0.0312599 -0.00893538 
576 0.475064 1.07453 -0.0224478 -0.0267861 -0.0209653 -0.00855852 
577 0.428642 1.05862 -0.0208613 -0.0203128 -0.0131841 -0.00818634 
578 0.290233 -28.6488 -0.353062 -2.50093 -0.116691 -0.0285891 
579 3.02394 -11.3379 -1.3279 -1.45521 0.0373949 -0.0234209 
580 3.31087 -4.49207 -0.599855 -0.816054 0.216285 -0.023467 
581 2.68808 -0.30631 -0.303015 -0.439234 0.358947 -0.0227267 
582 2.55933 1.76998 0.301798 -0.206037 0.502498 -0.0232492 
583 2.83727 20.8426 1.26486 1.4332 0.703931 -0.0144128 
584 -1.2453 11.334 0.138865 0.86931 0.628746 -0.0127613 
585 -2.96096 8.35386 0.113615 0.464853 0.463174 -0.0111464 
586 -3.40146 6.22196 0.141928 0.17494 0.275386 -0.00961989 
587 -2.75215 4.09835 0.254594 -0.000878967 0.123623 -0.00845587 
588 -2.00479 2.69457 0.178998 -0.101964 0.0123398 -0.00749492 
589 -1.31012 1.75881 0.110708 -0.15387 -0.0616447 -0.00672178 
590 -0.732866 1.14214 0.0596752 -0.173657 -0.104862 -0.0061139 
591 -0.290246 0.746441 0.0237008 -0.17317 -0.124676 -0.00579134 
592 0.0348594 0.560678 -0.00457462 -0.15807 -0.127438 -0.00554729 
593 0.234439 0.391192 -0.0142327 -0.140629 -0.119885 -0.00536782 
594 0.354538 0.315124 -0.0224198 -0.119873 -0.106255 -0.00522408 
595 0.413659 0.290913 -0.025995 -0.0986596 -0.0897761 -0.00509999 
596 0.430087 0.303881 -0.0266947 -0.0784675 -0.0726881 -0.00498439 
597 0.417376 0.334728 -0.0250931 -0.0604878 -0.0565012 -0.00487073 
598 0.387652 0.376753 -0.0225134 -0.0450387 -0.0420784 -0.00475487 
599 0.348839 0.419213 -0.0191818 -0.0323899 -0.029864 -0.00463516 
600 0.308119 0.463629 -0.0161291 -0.0221579 -0.0199227 -0.00451074 
601 0.273955 0.536833 -0.0155691 -0.0127804 -0.0118677 -0.00437978 
602 0.233091 0.552236 -0.00986802 -0.00777902 -0.00604458 -0.00424706 
603 0.200314 0.572369 -0.00750334 -0.00409712 -0.00199001 -0.00411275 
604 0.174579 0.589134 -0.00573119 -0.00153403 0.000677389 -0.00397764 
605 0.150333 0.573183 -0.0022104 -0.0011436 0.00203236 -0.00384448 
606 0.135831 0.570746 -0.00167176 -0.000628876 0.0026159 -0.00371353 
607 0.127274 0.571645 -0.00139836 -0.000164587 0.0027482 -0.00358535 
608 0.122384 0.573728 -0.00121228 0.000187378 0.00262601 -0.00346051 
609 0.119775 0.575947 -0.00109393 0.000420912 0.00237116 -0.00333935 
610 0.118588 0.577852 -0.0010302 0.000553572 0.002059 -0.00322204 
611 0.118276 0.579299 -0.00100806 0.000610357 0.00173557 -0.00310866 
612 0.118488 0.580298 -0.00101529 0.000615432 0.00142797 -0.00299919 
613 0.118993 0.580918 -0.00104174 0.000589112 0.00115098 -0.00289361 
614 0.119639 0.581252 -0.00107913 0.000546661 0.000911347 -0.00279181 
615 0.120327 0.581382 -0.0011214 0.000498883 0.000710648 -0.0026937 
616 0.120996 0.581382 -0.00116408 0.000452583 0.000547252 -0.00259917 
617 0.121608 0.581306 -0.00120441 0.000411761 0.00041769 -0.00250808 
618 0.122146 0.581195 -0.00124056 0.000378138 0.000317562 -0.00242032 
619 0.122601 0.581074 -0.0012718 0.000352161 0.000242198 -0.00233574 
620 0.122975 0.580962 -0.00129783 0.000333248 0.000187035 -0.00225424 
621 0.123274 0.580866 -0.00131894 0.000320493 0.000147901 -0.00217569 
622 0.123506 0.580793 -0.00133551 0.00031265 0.000121117 -0.00209998 
623 0.123682 0.58074 -0.00134822 0.000308614 0.000103581 -0.00202699 
624 0.12381 0.580709 -0.0013576 0.000307234 9.27299e-05 -0.00195662 
625 0.123901 0.580693 -0.00136438 0.00030767 8.654e-05 -0.00188878 
626 0.123962 0.580692 -0.00136903 0.000309112 8.34295e-05 -0.00182337 
627 0.124001 0.580701 -0.00137214 0.000311074 8.22292e-05 -0.00176029 
628 0.124024 0.580719 -0.00137404 0.00031308 8.20779e-05 -0.00169946 
629 0.124036 0.58074 -0.00137516 0.000314935 8.23934e-05 -0.00164081 
630 0.12404 0.580767 -0.00137567 0.000316404 8.27783e-05 -0.00158425 
631 0.12404 0.580793 -0.00137587 0.000317482 8.30054e-05 -0.00152971 
632 0.124037 0.580821 -0.00137582 0.000318072 8.29401e-05 -0.00147711 
633 0.124033 0.580848 -0.00137573 0.00031827 8.25426e-05 -0.00142639 
634 0.124028 0.580876 -0.00137555 0.000318045 8.18056e-05 -0.00137748 
635 0.124024 0.580901 -0.00137545 0.000317529 8.07704e-05 -0.00133032 
636 0.124021 0.580926 -0.00137533 0.000316707 7.94764e-05 -0.00128484 
637 0.124019 0.580949 -0.00137532 0.000315717 7.79871e-05 -0.001241 
638 0.124017 0.580972 -0.00137531 0.000314538 7.63474e-05 -0.00119872 
639 0.124017 0.580993 -0.00137541 0.000313293 7.46155e-05 -0.00115795 
640 0.124017 0.581014 -0.0013755 0.000311949 7.2825e-05 -0.00111864 
641 0.124017 0.581034 -0.00137568 0.000310614 7.10197e-05 -0.00108075 
642 0.12402 0.581054 -0.0013758 0.000309226 6.91927e-05 -0.00104447 
643 0.124118 0.581064 -0.00137481 0.000307479 6.64032e-05 -0.00102033 
644 0.124169 0.581074 -0.00137739 0.0003063 6.65425e-05 -0.000996607 
645 0.124192 0.581083 -0.00137912 0.00030577 6.81731e-05 -0.000973315 
646 0.124198 0.581097 -0.00138001 0.000305647 7.03755e-05 -0.000950462 
647 0.124194 0.581113 -0.00138039 0.000305805 7.26046e-05 -0.000928054 
648 0.124184 0.581133 -0.00138034 0.000305991 7.45336e-05 -0.000906095 
649 0.124171 0.581154 -0.00138012 0.00030615 7.60104e-05 -0.000884586 
650 0.124156 0.581179 -0.00137974 0.000306123 7.69663e-05 -0.000863525 
651 0.124142 0.581202 -0.00137937 0.000305944 7.7415e-05 -0.000842911 
652 0.124129 0.581227 -0.00137898 0.000305528 7.73899e-05 -0.00082274 
653 0.124116 0.581251 -0.00137869 0.00030496 7.69622e-05 -0.000803006 
654 0.124105 0.581275 -0.00137841 0.00030419 7.61926e-05 -0.000783704 
655 0.124096 0.581298 -0.00137825 0.000303321 7.51597e-05 -0.000764827 
656 0.124087 0.581321 -0.00137812 0.00030231 7.39189e-05 -0.000746369 
657 0.12408 0.581342 -0.0013781 0.000301262 7.25358e-05 -0.000728322 
658 0.124073 0.581364 -0.00137808 0.000300129 7.10492e-05 -0.000710679 
659 0.124068 0.581384 -0.00137815 0.000299008 6.9507e-05 -0.000693433 
660 0.124063 0.581405 -0.00137821 0.000297842 6.79308e-05 -0.000676574 
661 0.124059 0.581425 -0.00137835 0.000296719 6.63528e-05 -0.000660096 
662 0.124055 0.581445 -0.00137846 0.000295575 6.47809e-05 -0.00064399 
663 0.124052 0.581464 -0.00137863 0.000294492 6.32359e-05 -0.000628249 
664 0.124048 0.581484 -0.00137875 0.000293398 6.17165e-05 -0.000612865 
665 0.124045 0.581503 -0.00137893 0.000292371 6.02364e-05 -0.00059783 
666 0.124042 0.581523 -0.00137907 0.000291336 5.87889e-05 -0.000583136 
667 0.124039 0.581542 -0.00137925 0.000290369 5.73835e-05 -0.000568776 
668 0.124036 0.581562 -0.00137938 0.000289393 5.6011e-05 -0.000554743 
669 0.124034 0.58158 -0.00137956 0.000288482 5.4679e-05 -0.000541029 
670 0.124031 0.5816 -0.00137968 0.00028756 5.33772e-05 -0.000527627 
671 0.124028 0.581619 -0.00137986 0.0002867 5.21128e-05 -0.00051453 
672 0.124026 0.581638 -0.00137998 0.000285825 5.08753e-05 -0.000501732 
673 0.124023 0.581657 -0.00138015 0.00028501 4.96718e-05 -0.000489225 
674 0.124021 0.581677 -0.00138026 0.000284177 4.8492e-05 -0.000477002 
675 0.124018 0.581695 -0.00138042 0.000283402 4.73436e-05 -0.000465059 
676 0.124016 0.581715 -0.00138053 0.000282607 4.62163e-05 -0.000453387 
677 0.124014 0.581733 -0.00138069 0.000281867 4.51182e-05 -0.000441982 
678 0.124011 0.581753 -0.0013808 0.000281107 4.40394e-05 -0.000430837 
679 0.124009 0.581771 -0.00138095 0.0002804 4.2988e-05 -0.000419946 
680 0.124007 0.58179 -0.00138107 0.000279686 4.19572e-05 -0.000409303 
681 0.124005 0.581809 -0.00138118 0.000278975 4.09447e-05 -0.000398902 
682 0.124003 0.581828 -0.00138134 0.000278316 3.99584e-05 -0.000388739 
683 0.124001 0.581847 -0.00138144 0.000277633 3.89886e-05 -0.000378808 
684 0.123999 0.581865 -0.00138159 0.000277002 3.80436e-05 -0.000369103 
685 0.123997 0.581885 -0.00138169 0.000276346 3.71139e-05 -0.00035962 
686 0.123995 0.581903 -0.00138184 0.000275742 3.62082e-05 -0.000350353 
687 0.123993 0.581922 -0.00138193 0.000275114 3.5317e-05 -0.000341297 
688 0.123991 0.58194 -0.00138208 0.000274536 3.44488e-05 -0.000332448 
689 0.123989 0.581959 -0.00138217 0.000273933 3.35944e-05 -0.000323801 
690 0.123988 0.581977 -0.00138232 0.000273381 3.27624e-05 -0.000315351 
691 0.123986 0.581997 -0.00138241 0.000272803 3.19434e-05 -0.000307094 
692 0.123985 0.582015 -0.00138255 0.000272275 3.11459e-05 -0.000299026 
693 0.123983 0.582034 -0.00138264 0.000271721 3.03608e-05 -0.000291141 
694 0.111874 0.638732 0.00110787 -0.0027856 -0.000632291 -0.000278256 
695 0.122201 0.580719 -0.00122728 -0.00273694 -0.000734124 -0.000269929 
696 0.124126 0.576284 -0.00154778 -0.00245875 -0.000734481 -0.000262796 
697 0.124497 0.576291 -0.00156916 -0.00218901 -0.000717625 -0.000255919 
698 0.124642 0.576643 -0.00155868 -0.00194544 -0.000695633 -0.000249202 
699 0.124744 0.57699 -0.00154554 -0.00172695 -0.000670734 -0.000242634 
700 0.124827 0.577303 -0.00153286 -0.00153095 -0.000643841 -0.000236209 
701 0.124896 0.577584 -0.00152086 -0.0013551 -0.000615627 -0.000229925 
702 0.124952 0.577834 -0.00150968 -0.00119722 -0.000586621 -0.000223778 
703 0.124998 0.578061 -0.0014992 -0.00105543 -0.000557273 -0.000217764 
704 0.125036 0.578263 -0.00148949 -0.000927994 -0.000527933 -0.000211881 
705 0.125066 0.578446 -0.00148043 -0.000813446 -0.000498901 -0.000206126 
706 0.125089 0.57861 -0.00147209 -0.000710385 -0.000470399 -0.000200497 
707 0.125108 0.578759 -0.00146433 -0.000617662 -0.000442616 -0.00019499 
708 0.125121 0.578893 -0.00145721 -0.000534152 -0.000415684 -0.000189604 
709 0.125131 0.579015 -0.00145061 -0.000458952 -0.000389715 -0.000184335 
710 0.125138 0.579125 -0.00144456 -0.000391155 -0.000364775 -0.000179181 
711 0.125142 0.579227 -0.00143896 -0.000330052 -0.000340923 -0.00017414 
712 0.125144 0.579318 -0.00143385 -0.000274907 -0.00031818 -0.000169209 
713 0.125144 0.579403 -0.00142911 -0.000225167 -0.000296566 -0.000164387 
714 0.125143 0.579479 -0.0014248 -0.000180233 -0.000276074 -0.00015967 
715 0.125141 0.579551 -0.00142081 -0.000139671 -0.000256699 -0.000155057 
716 0.125138 0.579615 -0.00141719 -0.000102993 -0.000238414 -0.000150546 
717 0.125133 0.579676 -0.00141383 -6.98599e-05 -0.000221198 -0.000146135 
718 0.125129 0.579732 -0.00141079 -3.98698e-05 -0.000205012 -0.000141821 
719 0.125124 0.579784 -0.00140796 -1.27623e-05 -0.000189827 -0.000137602 
720 0.125119 0.579832 -0.00140542 1.17977e-05 -0.000175595 -0.000133477 
721 0.125113 0.579878 -0.00140305 3.40091e-05 -0.000162284 -0.000129443 
722 0.125108 0.57992 -0.00140093 5.41521e-05 -0.000149843 -0.000125499 
723 0.125102 0.579961 -0.00139894 7.23769e-05 -0.000138237 -0.000121643 
724 0.125097 0.579998 -0.00139717 8.89201e-05 -0.000127416 -0.000117873 
725 0.125091 0.580035 -0.00139551 0.000103893 -0.000117345 -0.000114187 
726 0.125086 0.580068 -0.00139403 0.000117496 -0.000107974 -0.000110583 
727 0.125081 0.580101 -0.00139265 0.000129811 -9.92716e-05 -0.00010706 
728 0.125076 0.580131 -0.00139142 0.00014101 -9.11895e-05 -0.000103616 
729 0.125071 0.580162 -0.00139027 0.000151149 -8.36986e-05 -0.000100249 
730 0.125066 0.58019 -0.00138925 0.000160377 -7.67535e-05 -9.69572e-05 
731 0.125062 0.580218 -0.00138829 0.000168731 -7.03285e-05 -9.37396e-05 
732 0.125057 0.580244 -0.00138745 0.000176342 -6.4381e-05 -9.05945e-05 
733 0.125053 0.58027 -0.00138665 0.000183229 -5.88885e-05 -8.75202e-05 
734 0.125049 0.580294 -0.00138597 0.000189511 -5.38119e-05 -8.45152e-05 
735 0.125046 0.580319 -0.0013853 0.000195191 -4.91319e-05 -8.15779e-05 
736 0.125042 0.580342 -0.00138474 0.000200378 -4.48125e-05 -7.8707e-05 
737 0.125039 0.580366 -0.00138419 0.000205065 -4.08375e-05 -7.59009e-05 
738 0.125036 0.580388 -0.00138374 0.000209348 -3.71739e-05 -7.31583e-05 
739 0.125033 0.58041 -0.00138329 0.000213215 -3.38084e-05 -7.04777e-05 
740 0.12503 0.580431 -0.00138292 0.000216753 -3.0711e-05 -6.78579e-05 
741 0.125027 0.580453 -0.00138255 0.000219942 -2.7871e-05 -6.52973e-05 
742 0.125025 0.580474 -0.00138226 0.000222864 -2.52609e-05 -6.2795e-05 
743 0.125022 0.580495 -0.00138196 0.000225492 -2.28727e-05 -6.03492e-05 
744 0.12502 0.580515 -0.00138173 0.000227905 -2.06809e-05 -5.79592e-05 
745 0.125018 0.580535 -0.00138149 0.000230069 -1.868e-05 -5.56233e-05 
746 0.125016 0.580555 -0.00138132 0.000232059 -1.68465e-05 -5.33407e-05 
747 0.125015 0.580575 -0.00138112 0.000233839 -1.51768e-05 -5.11098e-05 
748 0.125013 0.580594 -0.00138099 0.000235479 -1.36495e-05 -4.89298e-05 
749 0.125011 0.580614 -0.00138084 0.00023694 -1.22625e-05 -4.67993e-05 
750 0.12501 0.580632 -0.00138075 0.00023829 -1.09961e-05 -4.47175e-05 
751 0.125009 0.580652 -0.00138063 0.000239487 -9.84983e-06 -4.2683e-05 
752 0.125007 0.58067 -0.00138057 0.000240595 -8.80548e-06 -4.06951e-05 
753 0.125006 0.580689 -0.00138048 0.000241572 -7.86381e-06 -3.87523e-05 
754 0.125005 0.580708 -0.00138045 0.000242481 -7.00791e-06 -3.6854e-05 
755 0.125004 0.580727 -0.00138038 0.000243276 -6.23975e-06 -3.49989e-05 
756 0.125003 0.580745 -0.00138037 0.000244018 -5.54352e-06 -3.31863e-05 
757 0.125002 0.580764 -0.00138032 0.000244661 -4.9222e-06 -3.14149e-05 
758 0.125001 0.580781 -0.00138033 0.000245266 -4.36094e-06 -2.96842e-05 
759 0.125001 0.5808 -0.0013803 0.000245783 -3.86362e-06 -2.79929e-05 
760 0.125 0.580818 -0.00138033 0.000246273 -3.41621e-06 -2.63404e-05 
761 0.124999 0.580836 -0.00138031 0.000246686 -3.02336e-06 -2.47255e-05 
762 0.124999 0.580854 -0.00138035 0.000247081 -2.67177e-06 -2.31478e-05 
763 0.124998 0.580873 -0.00138035 0.000247407 -2.36674e-06 -2.1606e-05 
764 0.124998 0.58089 -0.0013804 0.000247723 -2.09559e-06 -2.00997e-05 
765 0.124997 0.580908 -0.00138041 0.000247978 -1.86418e-06 -1.86277e-05 
766 0.124997 0.580926 -0.00138046 0.000248228 -1.66037e-06 -1.71896e-05 
767 0.124996 0.580944 -0.00138048 0.000248423 -1.4905e-06 -1.57843e-05 
768 0.124996 0.580961 -0.00138055 0.00024862 -1.3429e-06 -1.44114e-05 
769 0.124996 0.58098 -0.00138057 0.000248765 -1.22433e-06 -1.30697e-05 
770 0.124996 0.580997 -0.00138064 0.000248917 -1.12348e-06 -1.1759e-05 
771 0.124995 0.581015 -0.00138068 0.000249022 -1.04749e-06 -1.04782e-05 
772 0.124995 0.581032 -0.00138075 0.000249137 -9.85384e-07 -9.22695e-06 
773 0.124995 0.581051 -0.00138079 0.000249209 -9.44606e-07 -8.00423e-06 
774 0.124995 0.581068 -0.00138087 0.000249293 -9.14465e-07 -6.80974e-06 
775 0.124995 0.581086 -0.00138091 0.000249337 -9.02661e-07 -5.64251e-06 
776 0.124995 0.581103 -0.001381 0.000249396 -8.98744e-07 -4.50223e-06 
777 0.124994 0.581121 -0.00138104 0.000249418 -9.10647e-07 -3.38798e-06 
778 0.124994 0.581138 -0.00138113 0.000249457 -9.28123e-07 -2.29949e-06 
779 0.124994 0.581156 -0.00138118 0.00024946 -9.59287e-07 -1.23584e-06 
780 0.124994 0.581173 -0.00138127 0.000249483 -9.9407e-07 -1.96791e-07 
781 0.124994 0.581191 -0.00138132 0.000249471 -1.04075e-06 8.18534e-07 
782 0.124994 0.581208 -0.00138141 0.00024948 -1.08942e-06 1.81036e-06 
783 0.124994 0.581226 -0.00138146 0.000249456 -1.14848e-06 2.77955e-06 
784 0.124994 0.581243 -0.00138156 0.000249454 -1.20813e-06 3.72629e-06 
785 0.124994 0.581261 -0.00138161 0.000249421 -1.27693e-06 4.65141e-06 
786 0.124995 0.581278 -0.00138171 0.000249411 -1.34516e-06 5.5551e-06 
787 0.124995 0.581296 -0.00138177 0.00024937 -1.42149e-06 6.43815e-06 
788 0.124995 0.581313 -0.00138186 0.000249352 -1.49628e-06 7.30072e-06 
789 0.124995 0.581331 -0.00138192 0.000249306 -1.57828e-06 8.1436e-06 
790 0.124995 0.581348 -0.00138202 0.000249283 -1.65796e-06 8.96692e-06 
791 0.124995 0.581366 -0.00138208 0.000249232 -1.7441e-06 9.77144e-06 
792 0.124995 0.581383 -0.00138218 0.000249205 -1.82725e-06 1.05573e-05 
793 0.124995 0.581401 -0.00138223 0.00024915 -1.91625e-06 1.13252e-05 
794 0.124996 0.581418 -0.00138233 0.000249121 -2.00171e-06 1.20752e-05 
795 0.124996 0.581436 -0.00138239 0.000249063 -2.09253e-06 1.28082e-05 
796 0.124996 0.581453 -0.00138249 0.000249032 -2.17934e-06 1.3524e-05 
797 0.124996 0.581471 -0.00138255 0.000248973 -2.27109e-06 1.42236e-05 
798 0.124996 0.581488 -0.00138266 0.00024894 -2.35847e-06 1.49068e-05 
799 0.124997 0.581505 -0.00138272 0.00024888 -2.45044e-06 1.55745e-05 
800 0.124997 0.581522 -0.00138282 0.000248846 -2.53774e-06 1.62266e-05 
801 0.124997 0.58154 -0.00138288 0.000248785 -2.62935e-06 1.68639e-05 
802 0.124997 0.581557 -0.00138298 0.000248751 -2.71603e-06 1.74863e-05 
803 0.124997 0.581575 -0.00138304 0.000248691 -2.80682e-06 1.80944e-05 
804 0.124998 0.581592 -0.00138314 0.000248657 -2.89248e-06 1.86884e-05 
805 0.124998 0.58161 -0.0013832 0.000248596 -2.98206e-06 1.92689e-05 
806 0.124998 0.581626 -0.0013833 0.000248562 -3.06634e-06 1.98358e-05 
807 0.124999 0.581644 -0.00138337 0.000248502 -3.15441e-06 2.03898e-05 
808 0.124999 0.581661 -0.00138347 0.000248469 -3.23706e-06 2.09308e-05 
809 0.124999 0.581679 -0.00138353 0.00024841 -3.32339e-06 2.14595e-05 
810 0.124999 0.581696 -0.00138363 0.000248378 -3.4042e-06 2.19758e-05 
811 0.125 0.581714 -0.00138369 0.000248319 -3.4886e-06 2.24803e-05 
812 0.125 0.581731 -0.00138379 0.000248288 -3.56741e-06 2.29731e-05 
813 0.125 0.581748 -0.00138386 0.000248231 -3.64975e-06 2.34546e-05 
814 0.125001 0.581765 -0.00138396 0.000248201 -3.72645e-06 2.39248e-05 
815 0.125001 0.581783 -0.00138402 0.000248144 -3.80664e-06 2.43844e-05 
816 0.125001 0.5818 -0.00138412 0.000248115 -3.88114e-06 2.48331e-05 
817 0.125002 0.581818 -0.00138418 0.00024806 -3.9591e-06 2.52717e-05 
818 0.125002 0.581834 -0.00138429 0.000248033 -4.03136e-06 2.56999e-05 
819 0.125002 0.581852 -0.00138435 0.000247979 -4.10706e-06 2.61184e-05 
820 0.125003 0.581869 -0.00138445 0.000247952 -4.17704e-06 2.65271e-05 
821 0.125003 0.581887 -0.00138451 0.0002479 -4.25046e-06 2.69264e-05 
822 0.125003 0.581904 -0.00138461 0.000247875 -4.31815e-06 2.73164e-05 
823 0.125004 0.581921 -0.00138467 0.000247823 -4.38928e-06 2.76975e-05 
824 0.125004 0.581938 -0.00138478 0.0002478 -4.4547e-06 2.80696e-05 
825 0.125004 0.581956 -0.00138484 0.00024775 -4.52356e-06 2.84333e-05 
826 0.125005 0.581973 -0.00138494 0.000247727 -4.58672e-06 2.87884e-05 
827 0.125005 0.581991 -0.001385 0.000247679 -4.65333e-06 2.91354e-05 
828 0.125006 0.582007 -0.0013851 0.000247658 -4.71425e-06 2.94743e-05 
829 0.125006 0.582025 -0.00138516 0.00024761 -4.77865e-06 2.98054e-05 
830 0.125006 0.582042 -0.00138526 0.000247591 -4.83737e-06 3.01288e-05 
831 0.125007 0.58206 -0.00138532 0.000247545 -4.89959e-06 3.04448e-05 
832 0.125007 0.582076 -0.00138543 0.000247526 -4.95617e-06 3.07533e-05 
833 0.125008 0.582094 -0.0013855 0.000247495 -5.01356e-06 3.10547e-05 
834 0.125008 0.582111 -0.00138557 0.00024745 -5.07298e-06 3.13493e-05 
835 0.125008 0.582128 -0.00138567 0.000247434 -5.12648e-06 3.16368e-05 
836 0.125009 0.582146 -0.00138573 0.000247391 -5.18348e-06 3.19179e-05 
837 0.125009 0.582163 -0.00138583 0.000247376 -5.2349e-06 3.21923e-05 
838 0.12501 0.58218 -0.00138589 0.000247334 -5.28989e-06 3.24605e-05 
839 0.12501 0.582197 -0.001386 0.00024732 -5.33933e-06 3.27223e-05 
840 0.12501 0.582215 -0.00138606 0.000247279 -5.39237e-06 3.29782e-05 
841 0.125011 0.582232 -0.00138616 0.000247266 -5.43989e-06 3.3228e-05 
842 0.125011 0.58225 -0.00138622 0.000247227 -5.49105e-06 3.34721e-05 
843 0.125012 0.582266 -0.00138632 0.000247215 -5.53671e-06 3.37105e-05 
844 0.125012 0.582284 -0.00138638 0.000247177 -5.58603e-06 3.39434e-05 
845 0.125013 0.582301 -0.00138648 0.000247166 -5.62989e-06 3.41709e-05 
846 0.125013 0.582319 -0.00138654 0.000247129 -5.67744e-06 3.43931e-05 
847 0.125014 0.582335 -0.00138664 0.000247119 -5.71955e-06 3.46101e-05 
