# record data: step_count | acceleration (x y z) | gyro (x y z)
0 0.0854122 -0.00056638 -2.84983e-05 -0 -0 0 
1 0.0846361 -0.00164629 -0.000357377 0.000106396 -0.000116505 -0.00312178 
2 1.68649 -0.00536428 2.30697 0.000346187 0.087422 -0.00160571 
3 -1.60467 0.0044618 -2.70773 9.59987e-05 -0.00449427 -0.00305303 
4 -0.0146252 -5.68672e-05 0.0306678 7.03876e-05 -0.00954473 -0.0030103 
5 0.0933245 -0.000460775 0.0711398 6.68015e-05 -0.00884218 -0.00296816 
6 0.0991939 -0.000492038 0.0582251 6.51334e-05 -0.00786098 -0.0029266 
7 0.0981984 -0.000493329 0.0468717 6.37697e-05 -0.00696492 -0.00288563 
8 0.0968646 -0.000490965 0.0377148 6.25126e-05 -0.00616811 -0.00284522 
9 0.0956313 -0.000488873 0.030347 6.13755e-05 -0.00546163 -0.00280538 
10 0.0945195 -0.00048564 0.0244191 6.02952e-05 -0.00483591 -0.0027661 
11 0.0935219 -0.000483006 0.0196494 5.93022e-05 -0.00428219 -0.00272736 
12 0.0926291 -0.000479367 0.0158116 5.83401e-05 -0.00379255 -0.00268917 
13 0.0918319 -0.000476428 0.0127234 5.74445e-05 -0.00335986 -0.00265151 
14 0.0911216 -0.000472564 0.0102382 5.65631e-05 -0.00297772 -0.00261438 
15 0.0904898 -0.000469465 0.00823817 5.57348e-05 -0.00264043 -0.00257777 
16 0.0899289 -0.000465495 0.00662852 5.49101e-05 -0.00234286 -0.00254167 
17 0.0894317 -0.000462331 0.00533293 5.41298e-05 -0.00208045 -0.00250607 
18 0.0889915 -0.00045833 0.00429006 5.33463e-05 -0.00184914 -0.00247098 
19 0.0886025 -0.000455164 0.00345053 5.26019e-05 -0.00164533 -0.00243637 
20 0.0882592 -0.000451182 0.00277464 5.185e-05 -0.00146581 -0.00240225 
21 0.0879565 -0.000448052 0.00223043 5.11339e-05 -0.00130772 -0.00236861 
22 0.0876901 -0.000444119 0.00179221 5.04075e-05 -0.00116855 -0.00233544 
23 0.087456 -0.000441049 0.00143928 4.97149e-05 -0.00104607 -0.00230273 
24 0.0872504 -0.000437184 0.00115502 4.90104e-05 -0.000938302 -0.00227048 
25 0.0870702 -0.000434188 0.000926028 4.83384e-05 -0.000843494 -0.00223868 
26 0.0869125 -0.000430402 0.000741531 4.76536e-05 -0.000760106 -0.00220733 
27 0.0867746 -0.000427488 0.00059286 4.70004e-05 -0.000686776 -0.00217642 
28 0.0866544 -0.000423787 0.000473036 4.63338e-05 -0.0006223 -0.00214594 
29 0.0865498 -0.000420959 0.000376443 4.56985e-05 -0.000565619 -0.00211589 
30 0.0864589 -0.000417345 0.000298561 4.50493e-05 -0.000515795 -0.00208625 
31 0.0863802 -0.000414605 0.00023575 4.4431e-05 -0.000472006 -0.00205704 
32 0.0863122 -0.000411078 0.000185081 4.37987e-05 -0.000433524 -0.00202823 
33 0.0862536 -0.000408425 0.000144195 4.31971e-05 -0.000399709 -0.00199983 
34 0.0862034 -0.000404984 0.000111195 4.25812e-05 -0.000369998 -0.00197182 
35 0.0861605 -0.000402417 8.45494e-05 4.19958e-05 -0.000343896 -0.00194421 
36 0.0861241 -0.000399061 6.30281e-05 4.1396e-05 -0.000320966 -0.00191698 
37 0.0860934 -0.000396578 4.56386e-05 4.08266e-05 -0.000300823 -0.00189013 
38 0.0860677 -0.000393305 3.15819e-05 4.02426e-05 -0.00028313 -0.00186366 
39 0.0860465 -0.000390904 2.02139e-05 3.96889e-05 -0.000267591 -0.00183756 
40 0.0860291 -0.000387712 1.1016e-05 3.91204e-05 -0.000253943 -0.00181183 
41 0.0860151 -0.00038539 3.56968e-06 3.8582e-05 -0.000241956 -0.00178646 
42 0.0860042 -0.000382276 -2.46198e-06 3.80287e-05 -0.00023143 -0.00176144 
43 0.0859959 -0.000380031 -7.35093e-06 3.75053e-05 -0.000222187 -0.00173677 
44 0.0859899 -0.000376994 -1.13164e-05 3.69669e-05 -0.00021407 -0.00171245 
45 0.0859859 -0.000374824 -1.45352e-05 3.64582e-05 -0.000206943 -0.00168847 
46 0.0859838 -0.00037186 -1.71501e-05 3.59344e-05 -0.000200684 -0.00166483 
47 0.0859833 -0.000369763 -1.92764e-05 3.54401e-05 -0.000195189 -0.00164151 
48 0.0859841 -0.000366871 -2.10069e-05 3.49304e-05 -0.000190364 -0.00161852 
49 0.0859862 -0.000364845 -2.24169e-05 3.44501e-05 -0.000186128 -0.00159586 
50 0.0859893 -0.000362022 -2.3567e-05 3.39543e-05 -0.000182409 -0.00157351 
51 0.0859934 -0.000360064 -2.45064e-05 3.34877e-05 -0.000179144 -0.00155148 
52 0.0859982 -0.000357309 -2.52747e-05 3.30054e-05 -0.000176277 -0.00152975 
53 0.0860039 -0.000355418 -2.59041e-05 3.25521e-05 -0.00017376 -0.00150833 
54 0.0860101 -0.000352728 -2.64204e-05 3.20829e-05 -0.00017155 -0.00148721 
55 0.086017 -0.000350901 -2.68449e-05 3.16425e-05 -0.00016961 -0.00146638 
56 0.0860243 -0.000348275 -2.71944e-05 3.11862e-05 -0.000167907 -0.00144585 
57 0.086032 -0.000346511 -2.7483e-05 3.07584e-05 -0.000166412 -0.0014256 
58 0.0860402 -0.000343947 -2.77217e-05 3.03145e-05 -0.000165099 -0.00140564 
59 0.0860486 -0.000342243 -2.79198e-05 2.9899e-05 -0.000163946 -0.00138595 
60 0.0860574 -0.000339739 -2.80845e-05 2.94671e-05 -0.000162935 -0.00136655 
61 0.0860664 -0.000338095 -2.8222e-05 2.90636e-05 -0.000162047 -0.00134741 
62 0.0860757 -0.000335649 -2.83372e-05 2.86435e-05 -0.000161267 -0.00132854 
63 0.0860851 -0.000334063 -2.8434e-05 2.82515e-05 -0.000160582 -0.00130994 
64 0.0860947 -0.000331674 -2.85157e-05 2.78429e-05 -0.000159981 -0.0012916 
65 0.0861045 -0.000330143 -2.85851e-05 2.74622e-05 -0.000159454 -0.00127351 
66 0.0861144 -0.000327809 -2.86441e-05 2.70646e-05 -0.00015899 -0.00125568 
67 0.0861244 -0.000326333 -2.86947e-05 2.66949e-05 -0.000158584 -0.0012381 
68 0.0861345 -0.000324052 -2.87383e-05 2.63081e-05 -0.000158227 -0.00122076 
69 0.0861447 -0.000322629 -2.87761e-05 2.5949e-05 -0.000157913 -0.00120367 
70 0.086155 -0.0003204 -2.88091e-05 2.55727e-05 -0.000157638 -0.00118681 
71 0.0861654 -0.000319028 -2.88381e-05 2.5224e-05 -0.000157396 -0.0011702 
72 0.0861758 -0.00031685 -2.88637e-05 2.48579e-05 -0.000157184 -0.00115381 
73 0.0861863 -0.000315528 -2.88866e-05 2.45191e-05 -0.000156998 -0.00113765 
74 0.0861968 -0.0003134 -2.89071e-05 2.41629e-05 -0.000156834 -0.00112172 
75 0.0862074 -0.000312126 -2.89257e-05 2.3834e-05 -0.00015669 -0.00110602 
76 0.086218 -0.000310045 -2.89426e-05 2.34874e-05 -0.000156564 -0.00109053 
77 0.0862286 -0.000308818 -2.89581e-05 2.3168e-05 -0.000156453 -0.00107526 
78 0.0862393 -0.000306784 -2.89725e-05 2.28307e-05 -0.000156356 -0.00106021 
79 0.08625 -0.000305603 -2.89859e-05 2.25205e-05 -0.00015627 -0.00104536 
80 0.0862607 -0.000303614 -2.89984e-05 2.21924e-05 -0.000156195 -0.00103073 
81 0.0862714 -0.000302478 -2.90103e-05 2.18911e-05 -0.000156129 -0.00101629 
82 0.0862822 -0.000300533 -2.90215e-05 2.15718e-05 -0.000156071 -0.00100207 
83 0.0862929 -0.00029944 -2.90323e-05 2.12792e-05 -0.00015602 -0.000988035 
84 0.0863037 -0.000297538 -2.90426e-05 2.09685e-05 -0.000155976 -0.000974202 
85 0.0863145 -0.000296487 -2.90526e-05 2.06844e-05 -0.000155936 -0.000960562 
86 0.0863253 -0.000294626 -2.90622e-05 2.03821e-05 -0.000155902 -0.000947113 
87 0.0863361 -0.000293617 -2.90715e-05 2.01062e-05 -0.000155871 -0.000933853 
88 0.0863469 -0.000291796 -2.90806e-05 1.98119e-05 -0.000155845 -0.000920778 
89 0.0863577 -0.000290826 -2.90896e-05 1.95441e-05 -0.000155821 -0.000907887 
90 0.0863686 -0.000289045 -2.90983e-05 1.92577e-05 -0.000155801 -0.000895176 
91 0.0863794 -0.000288114 -2.91069e-05 1.89976e-05 -0.000155782 -0.000882643 
92 0.0863902 -0.000286371 -2.91153e-05 1.87189e-05 -0.000155766 -0.000870286 
93 0.0864011 -0.000285477 -2.91237e-05 1.84663e-05 -0.000155752 -0.000858102 
94 0.0864119 -0.000283772 -2.91319e-05 1.81951e-05 -0.00015574 -0.000846088 
95 0.0864227 -0.000282915 -2.91401e-05 1.79499e-05 -0.000155729 -0.000834243 
96 0.0864336 -0.000281245 -2.91482e-05 1.76859e-05 -0.000155719 -0.000822564 
97 0.0864444 -0.000280424 -2.91563e-05 1.74478e-05 -0.000155711 -0.000811048 
98 0.0864553 -0.000278789 -2.91642e-05 1.71908e-05 -0.000155703 -0.000799693 
99 0.0864661 -0.000278002 -2.91722e-05 1.69597e-05 -0.000155697 -0.000788498 
100 0.086477 -0.000276402 -2.91801e-05 1.67095e-05 -0.000155691 -0.00077746 
101 0.0864879 -0.000275648 -2.91879e-05 1.64852e-05 -0.000155686 -0.000766576 
102 0.0864987 -0.000274081 -2.91957e-05 1.62417e-05 -0.000155681 -0.000755844 
103 0.0865096 -0.000273361 -2.92035e-05 1.60239e-05 -0.000155677 -0.000745263 
104 0.0865204 -0.000271825 -2.92113e-05 1.57868e-05 -0.000155674 -0.00073483 
105 0.0865313 -0.000271137 -2.92191e-05 1.55754e-05 -0.000155671 -0.000724543 
106 0.0865421 -0.000269633 -2.92268e-05 1.53447e-05 -0.000155668 -0.000714401 
107 0.086553 -0.000268975 -2.92345e-05 1.51394e-05 -0.000155665 -0.0007044 
108 0.0865639 -0.000267502 -2.92422e-05 1.49148e-05 -0.000155663 -0.00069454 
109 0.0865747 -0.000266874 -2.92499e-05 1.47156e-05 -0.000155661 -0.000684817 
110 0.0865856 -0.00026543 -2.92575e-05 1.44969e-05 -0.000155659 -0.000675231 
111 0.0865965 -0.000264832 -2.92652e-05 1.43035e-05 -0.000155658 -0.000665779 
112 0.0866073 -0.000263417 -2.92728e-05 1.40906e-05 -0.000155656 -0.000656459 
113 0.0866182 -0.000262847 -2.92805e-05 1.39029e-05 -0.000155655 -0.00064727 
114 0.0866291 -0.00026146 -2.92881e-05 1.36956e-05 -0.000155654 -0.00063821 
115 0.0866399 -0.000260917 -2.92958e-05 1.35135e-05 -0.000155653 -0.000629277 
116 0.0866508 -0.000259558 -2.93034e-05 1.33117e-05 -0.000155652 -0.000620469 
117 0.0866616 -0.000259042 -2.9311e-05 1.31349e-05 -0.000155651 -0.000611784 
118 0.0866725 -0.000257709 -2.93186e-05 1.29384e-05 -0.000155651 -0.000603221 
119 0.0866834 -0.000257219 -2.93262e-05 1.27668e-05 -0.00015565 -0.000594777 
120 0.0866942 -0.000255911 -2.93338e-05 1.25755e-05 -0.000155649 -0.000586452 
121 0.0867051 -0.000255447 -2.93415e-05 1.2409e-05 -0.000155649 -0.000578244 
122 0.086716 -0.000254165 -2.9349e-05 1.22227e-05 -0.000155648 -0.000570151 
123 0.0867268 -0.000253725 -2.93566e-05 1.20612e-05 -0.000155648 -0.000562171 
124 0.0867377 -0.000252467 -2.93642e-05 1.18797e-05 -0.000155647 -0.000554302 
125 0.0867486 -0.000252051 -2.93718e-05 1.1723e-05 -0.000155647 -0.000546544 
126 0.0867594 -0.000250817 -2.93794e-05 1.15463e-05 -0.000155647 -0.000538895 
127 0.0867703 -0.000250424 -2.9387e-05 1.13942e-05 -0.000155646 -0.000531353 
128 0.0867812 -0.000249213 -2.93946e-05 1.12221e-05 -0.000155646 -0.000523916 
129 0.086792 -0.000248843 -2.94022e-05 1.10746e-05 -0.000155646 -0.000516584 
130 0.0868029 -0.000247654 -2.94097e-05 1.0907e-05 -0.000155645 -0.000509354 
131 0.0868138 -0.000247306 -2.94173e-05 1.07639e-05 -0.000155645 -0.000502226 
132 0.0868246 -0.000246139 -2.94249e-05 1.06006e-05 -0.000155645 -0.000495197 
133 0.0868355 -0.000245812 -2.94325e-05 1.04618e-05 -0.000155645 -0.000488267 
134 0.0868464 -0.000244666 -2.94401e-05 1.03028e-05 -0.000155645 -0.000481434 
135 0.0868572 -0.000244361 -2.94476e-05 1.01682e-05 -0.000155644 -0.000474697 
136 0.0868681 -0.000243235 -2.94552e-05 1.00132e-05 -0.000155644 -0.000468054 
137 0.086879 -0.000242949 -2.94628e-05 9.88267e-06 -0.000155644 -0.000461504 
138 0.0868898 -0.000241844 -2.94704e-05 9.73172e-06 -0.000155644 -0.000455046 
139 0.0869007 -0.000241578 -2.94779e-05 9.60512e-06 -0.000155644 -0.000448678 
140 0.0869116 -0.000240492 -2.94855e-05 9.45806e-06 -0.000155644 -0.0004424 
141 0.0869224 -0.000240245 -2.94931e-05 9.3353e-06 -0.000155643 -0.000436209 
142 0.0869333 -0.000239178 -2.95006e-05 9.19202e-06 -0.000155643 -0.000430105 
143 0.0869442 -0.00023895 -2.95082e-05 9.07299e-06 -0.000155643 -0.000424087 
144 0.086955 -0.0002379 -2.95157e-05 8.93338e-06 -0.000155643 -0.000418153 
145 0.0869659 -0.000237691 -2.95233e-05 8.81797e-06 -0.000155643 -0.000412302 
146 0.0869767 -0.000236659 -2.95309e-05 8.68194e-06 -0.000155643 -0.000406533 
147 0.0869876 -0.000236467 -2.95385e-05 8.57005e-06 -0.000155643 -0.000400845 
148 0.0869985 -0.000235453 -2.9546e-05 8.43749e-06 -0.000155643 -0.000395237 
149 0.0870093 -0.000235278 -2.95536e-05 8.32904e-06 -0.000155643 -0.000389707 
150 0.0870202 -0.000234281 -2.95611e-05 8.19985e-06 -0.000155642 -0.000384254 
151 0.0870311 -0.000234122 -2.95687e-05 8.09472e-06 -0.000155642 -0.000378878 
152 0.0870419 -0.000233141 -2.95762e-05 7.96882e-06 -0.000155642 -0.000373578 
153 0.0870528 -0.000232999 -2.95838e-05 7.86693e-06 -0.000155642 -0.000368351 
154 0.0870637 -0.000232034 -2.95914e-05 7.74423e-06 -0.000155642 -0.000363198 
155 0.0870745 -0.000231907 -2.95989e-05 7.64548e-06 -0.000155642 -0.000358117 
156 0.0870854 -0.000230958 -2.96065e-05 7.52588e-06 -0.000155642 -0.000353107 
157 0.0870963 -0.000230846 -2.9614e-05 7.43019e-06 -0.000155642 -0.000348167 
158 0.0871071 -0.000229912 -2.96216e-05 7.31361e-06 -0.000155642 -0.000343297 
159 0.087118 -0.000229816 -2.96292e-05 7.2209e-06 -0.000155642 -0.000338494 
160 0.0871289 -0.000228896 -2.96367e-05 7.10725e-06 -0.000155642 -0.000333759 
161 0.0871397 -0.000228814 -2.96443e-05 7.01742e-06 -0.000155642 -0.00032909 
162 0.0871506 -0.000227908 -2.96518e-05 6.90662e-06 -0.000155642 -0.000324487 
163 0.0871615 -0.00022784 -2.96594e-05 6.81962e-06 -0.000155642 -0.000319948 
164 0.0871723 -0.000226948 -2.96669e-05 6.71159e-06 -0.000155641 -0.000315473 
165 0.0871832 -0.000226894 -2.96745e-05 6.62731e-06 -0.000155641 -0.00031106 
166 0.0871941 -0.000226015 -2.9682e-05 6.52198e-06 -0.000155641 -0.00030671 
167 0.0872049 -0.000225974 -2.96896e-05 6.44036e-06 -0.000155641 -0.00030242 
168 0.0872158 -0.000225109 -2.96971e-05 6.33764e-06 -0.000155641 -0.00029819 
169 0.0872267 -0.000225081 -2.97047e-05 6.25861e-06 -0.000155641 -0.00029402 
170 0.0872375 -0.000224228 -2.97122e-05 6.15844e-06 -0.000155641 -0.000289907 
171 0.0872484 -0.000224212 -2.97198e-05 6.08192e-06 -0.000155641 -0.000285853 
172 0.0872593 -0.000223372 -2.97273e-05 5.98422e-06 -0.000155641 -0.000281855 
173 0.0872701 -0.000223369 -2.97349e-05 5.91014e-06 -0.000155641 -0.000277914 
174 0.087281 -0.000222541 -2.97424e-05 5.81486e-06 -0.000155641 -0.000274027 
175 0.0872919 -0.000222549 -2.975e-05 5.74315e-06 -0.000155641 -0.000270195 
176 0.0873027 -0.000221732 -2.97575e-05 5.6502e-06 -0.000155641 -0.000266417 
177 0.0873136 -0.000221752 -2.9765e-05 5.5808e-06 -0.000155641 -0.000262691 
178 0.0873245 -0.000220947 -2.97726e-05 5.49013e-06 -0.000155641 -0.000259018 
179 0.0873353 -0.000220978 -2.97801e-05 5.42297e-06 -0.000155641 -0.000255396 
180 0.0873462 -0.000220184 -2.97877e-05 5.33452e-06 -0.000155641 -0.000251825 
181 0.087357 -0.000220226 -2.97952e-05 5.26954e-06 -0.000155641 -0.000248304 
182 0.0873679 -0.000219442 -2.98028e-05 5.18323e-06 -0.000155641 -0.000244832 
183 0.0873788 -0.000219495 -2.98103e-05 5.12037e-06 -0.000155641 -0.000241409 
184 0.0873896 -0.000218722 -2.98179e-05 5.03615e-06 -0.000155641 -0.000238034 
185 0.0874005 -0.000218784 -2.98254e-05 4.97536e-06 -0.000155641 -0.000234706 
186 0.0874114 -0.000218022 -2.98329e-05 4.89317e-06 -0.000155641 -0.000231425 
187 0.0874222 -0.000218094 -2.98405e-05 4.83438e-06 -0.000155641 -0.00022819 
188 0.0874331 -0.000217341 -2.9848e-05 4.75417e-06 -0.000155641 -0.000225 
189 0.087444 -0.000217424 -2.98556e-05 4.69732e-06 -0.000155641 -0.000221855 
190 0.0874548 -0.00021668 -2.98631e-05 4.61903e-06 -0.000155641 -0.000218753 
191 0.0874657 -0.000216772 -2.98707e-05 4.56408e-06 -0.000155641 -0.000215696 
192 0.0874766 -0.000216038 -2.98782e-05 4.48766e-06 -0.000155641 -0.000212681 
193 0.0874874 -0.000216139 -2.98858e-05 4.43455e-06 -0.000155641 -0.000209708 
194 0.0874983 -0.000215414 -2.98933e-05 4.35994e-06 -0.000155641 -0.000206777 
195 0.0875092 -0.000215524 -2.99008e-05 4.30862e-06 -0.000155641 -0.000203887 
196 0.08752 -0.000214808 -2.99084e-05 4.23578e-06 -0.000155641 -0.000201037 
197 0.0875309 -0.000214926 -2.99159e-05 4.1862e-06 -0.000155641 -0.000198228 
198 0.0875418 -0.000214219 -2.99235e-05 4.11507e-06 -0.000155641 -0.000195457 
199 0.0875526 -0.000214346 -2.9931e-05 4.06718e-06 -0.000155641 -0.000192726 
200 0.0875635 -0.000213647 -2.99385e-05 3.99772e-06 -0.000155641 -0.000190033 
201 0.0875744 -0.000213782 -2.99461e-05 3.95148e-06 -0.000155641 -0.000187377 
202 0.0875686 0.00185845 0.000830039 6.77645e-05 -0.000156495 -0.000184747 
203 0.0876015 0.00610161 -9.19329e-05 0.000237786 -0.000155979 -0.000182105 
204 0.0876141 0.0103918 -0.000100618 0.000482188 -0.000154988 -0.000179453 
205 0.087626 0.0145713 -9.22745e-05 0.000782779 -0.000153361 -0.000176788 
206 0.0876382 0.0186497 -8.34745e-05 0.00112558 -0.000150864 -0.000174111 
207 0.0876507 0.0226468 -7.44702e-05 0.00149985 -0.000147233 -0.00017142 
208 0.0876635 0.0265884 -6.51724e-05 0.00189731 -0.000142163 -0.000168716 
209 0.0876769 0.0304985 -5.5467e-05 0.00231194 -0.000135308 -0.000165997 
210 0.0876907 0.0344065 -4.52179e-05 0.00273943 -0.000126265 -0.000163264 
211 0.087705 0.0383386 -3.42659e-05 0.00317701 -0.000114571 -0.000160517 
212 0.0877198 0.0423262 -2.24241e-05 0.00362312 -9.96853e-05 -0.000157753 
213 0.0877351 0.0463979 -9.47497e-06 0.00407728 -8.09814e-05 -0.000154974 
214 0.0877509 0.0505861 4.83427e-06 0.00453978 -5.77272e-05 -0.000152177 
215 0.087767 0.0549215 2.07977e-05 0.00501172 -2.9069e-05 -0.000149362 
216 0.0877836 0.0594382 3.87559e-05 0.0054947 5.99029e-06 -0.000146529 
217 0.0878005 0.0641688 5.91048e-05 0.00599093 4.86153e-05 -0.000143675 
218 0.0878176 0.0691491 8.23023e-05 0.00650295 0.000100167 -0.0001408 
219 0.0878349 0.0744142 0.000108881 0.00703377 0.000162236 -0.000137905 
220 0.0878521 0.0800026 0.000139459 0.00758662 0.00023668 -0.000134987 
221 0.0878693 0.085952 0.000174752 0.00816515 0.000325671 -0.000132048 
222 0.0878861 0.0923043 0.000215592 0.00877317 0.000431744 -0.000129089 
223 0.0879025 0.0991014 0.000262948 0.00941487 0.000557863 -0.000126112 
224 0.087918 0.106388 0.000317941 0.0100946 0.000707486 -0.000123122 
225 0.0879325 0.114212 0.00038188 0.010817 0.000884651 -0.000120125 
226 -40.1688 0.110721 1.19283 0.0121463 1.34558 -0.000132269 
227 -13.4084 0.535881 -0.364024 -0.0087765 0.278652 -0.000121897 
228 -2.97685 0.286493 -0.392803 -0.0158485 -0.195975 -0.000149899 
229 2.12488 0.411619 -0.265825 -0.00945056 -0.366414 -0.000179866 
230 29.0966 0.217834 -0.151006 -0.0120176 -1.36212 -0.000209084 
231 15.1614 0.178094 -0.454658 -0.0117809 -0.555271 -0.00024905 
232 7.67624 0.173745 0.174144 -0.0104688 -0.150923 -0.000256247 
233 3.6652 0.182607 0.113967 -0.00872746 0.0382693 -0.000258206 
234 1.56375 0.199823 0.0592853 -0.00694142 0.115135 -0.000258474 
235 0.50837 0.221942 0.0291478 -0.0053032 0.135952 -0.000258722 
236 0.0155341 0.246944 0.0138617 -0.00389042 0.130939 -0.000259784 
237 -0.183239 0.273755 0.00670656 -0.00271683 0.115861 -0.00026218 
238 -0.234975 0.301906 0.00385053 -0.00176437 0.0985787 -0.000266361 
239 -0.218597 0.331277 0.00320236 -0.00100148 0.0827273 -0.000272825 
240 -0.175243 0.361956 0.00365666 -0.000393486 0.0697467 -0.000282178 
241 -0.125382 0.394134 0.00465251 9.23248e-05 0.0599965 -0.000295184 
242 -0.0784108 0.428065 0.00592429 0.000484493 0.0533506 -0.000312808 
243 -0.0379718 0.464011 0.00736367 0.000806604 0.0495066 -0.000336269 
244 -0.0048582 0.502263 0.00894492 0.00107789 0.0481395 -0.000367105 
245 0.0214336 0.543108 0.0106848 0.00131361 0.0489711 -0.000407257 
246 0.0418989 0.586841 0.0126224 0.00152567 0.0517985 -0.000459171 
247 0.0576285 0.633753 0.0148085 0.00172321 0.0565006 -0.00052593 
248 0.0696308 0.684155 0.0173024 0.00191343 0.0630364 -0.000611414 
249 0.0787652 0.738372 0.0201699 0.00210239 0.07144 -0.000720513 
250 0.0857315 0.796726 0.0234842 0.00229401 0.0818161 -0.00085938 
251 -26.566 0.853237 0.24761 0.00273874 0.848133 -0.000165321 
252 -8.97562 0.940321 -0.265807 0.00219562 0.142079 -0.000144805 
253 -2.02537 0.9998 -0.215688 0.00240262 -0.170224 -0.00015361 
254 1.38063 1.07516 -0.11459 0.00279166 -0.28031 -0.000165399 
255 2.88136 1.16003 -0.0508216 0.00318648 -0.292595 -0.000178351 
256 19.3686 1.25795 0.233197 0.00353662 -0.57776 -0.00229011 
257 8.86719 1.34849 0.202116 0.00409506 -0.0910532 -0.00281209 
258 4.32739 1.46044 0.112638 0.00434234 0.151872 -0.00328144 
259 1.88589 1.57587 0.0464122 0.00456675 0.268533 -0.00384435 
260 0.605965 1.69882 0.012646 0.00484437 0.322013 -0.0045292 
261 -0.0420843 1.83122 -0.00176615 0.00518975 0.346937 -0.00537006 
262 -0.367218 5.05366 0.0860044 0.100579 0.414445 -0.00745741 
263 -0.504404 3.33341 -0.0111268 0.0314156 0.436076 -0.00916729 
264 -0.601861 2.81769 -0.00658521 0.000884563 0.462911 -0.0112324 
265 -0.656664 2.67323 0.00350772 -0.0101825 0.498738 -0.0137648 
266 -0.700606 2.73056 0.0137849 -0.0119418 0.545887 -0.0168987 
267 -0.750948 2.89962 0.0240884 -0.00961552 0.606081 -0.0207978 
268 -0.817078 3.1331 0.0345778 -0.00580293 0.680916 -0.0256644 
269 -0.904466 3.40692 0.0454459 -0.00172728 0.772128 -0.0317503 
270 -1.31478 3.71072 0.010353 0.00194275 0.72283 -0.0342665 
271 -1.98841 4.03687 -0.0361232 0.00509425 0.523865 -0.0317435 
272 -2.5309 4.38349 -0.0459426 0.00790491 0.304612 -0.0276996 
273 -2.92511 4.75456 -0.0459505 0.0103716 0.0708901 -0.0217401 
274 -3.26547 5.15101 -0.0436886 0.01254 -0.176652 -0.0133477 
275 -3.608 5.57473 -0.0410544 0.0144747 -0.440415 -0.00185153 
276 -2.54612 6.02913 0.0264547 0.0164275 -0.625869 0.00641048 
277 -0.213138 6.51941 0.14947 0.0184607 -0.657482 0.00681474 
278 0.900656 7.04657 0.218514 0.0202837 -0.628116 0.00708047 
279 1.64895 7.56565 0.264996 0.024284 -0.582659 0.00392214 
280 1.58012 7.32752 0.23128 -2.05435e-05 -0.512577 0.00392884 
281 1.46567 5.96719 0.0962797 -0.0570186 -0.448233 0.00416242 
282 1.32042 4.30995 -0.0140432 -0.115489 -0.391316 0.00451237 
283 1.17348 2.67256 -0.0977432 -0.163054 -0.341931 0.00492232 
284 1.04058 -3.52982 2.00838 -0.341481 -0.301002 0.0061252 
285 5.18622 -11.5239 2.71925 -0.597548 0.0254602 -0.0372283 
286 2.64202 -10.2655 -0.362353 -0.44735 0.0401346 -0.0242167 
287 1.17512 -9.39102 -0.440422 -0.318453 0.0276624 -0.0130692 
288 0.392437 -8.26843 -0.357489 -0.225845 0.0479215 -0.0122107 
289 0.0666094 -7.36773 -0.34526 -0.159117 0.0507452 -0.0114265 
290 -0.0759188 -6.63177 -0.333136 -0.110931 0.0458823 -0.0107026 
291 -0.124137 -6.01899 -0.318265 -0.0761143 0.0383397 -0.0100303 
292 -0.126157 -5.50065 -0.302169 -0.0509838 0.0305384 -0.00940303 
293 -0.107513 -5.05624 -0.285862 -0.0328941 0.0235305 -0.00881574 
294 -0.0812834 -4.67087 -0.269915 -0.0199326 0.0176695 -0.00826454 
295 -0.0537828 -4.33357 -0.254643 -0.0107108 0.0129727 -0.00774624 
296 -0.0277381 -4.03616 -0.240215 -0.00421783 0.00931352 -0.00725812 
297 -0.0040404 -3.77249 -0.226719 0.000283646 0.00651902 -0.00679776 
298 0.0173042 -3.53776 -0.214179 0.00333569 0.00441624 -0.00636295 
299 0.0366734 -3.32827 -0.202602 0.00533431 0.00285206 -0.00595165 
300 0.0545708 -3.14128 -0.191997 0.00656472 0.00169921 -0.00556187 
301 0.0715082 -2.97433 -0.182313 0.00724474 0.000855973 -0.00519179 
302 -5.94053 61.6119 1.1002 2.78716 -0.0684582 -0.119559 
303 2.01584 14.9178 -11.26 1.54278 0.0784245 -0.410148 
304 -4.70857 -8.17722 -4.11939 1.3071 -0.320938 0.0162379 
305 -2.59656 -9.46477 0.465687 1.2771 -0.487878 0.0226302 
306 -0.667155 -8.13313 1.17985 1.23355 -0.538237 0.0225295 
307 2.6905 -31.2296 9.56121 -1.72159 -0.573371 -0.000432644 
308 2.90996 -17.5048 0.463755 -0.887317 -0.43043 -0.000864234 
309 2.05878 -14.6284 -0.44897 -0.201087 -0.352988 0.0146127 
310 0.44451 -11.9192 -0.48931 0.342206 -0.383708 0.0509722 
311 -0.501047 -9.31568 -0.399253 0.749765 -0.470833 0.0882354 
312 -1.00099 -6.70906 -0.23723 1.02174 -0.59015 0.126104 
313 -1.37061 -3.40766 0.268042 1.24228 -0.575929 0.112422 
314 -0.895411 -0.913422 -0.049092 1.42626 -0.527416 0.093828 
315 -0.597917 0.964925 0.0074209 1.51603 -0.466468 0.0764448 
316 -0.970395 2.03575 0.36943 1.55616 -0.429164 0.0601407 
317 -1.1289 2.9385 0.383739 1.55559 -0.402652 0.0447137 
318 -1.20713 2.47567 -0.0832212 1.58896 -0.382546 0.0302936 
319 -0.508274 1.70268 0.205172 1.6757 -0.282817 -0.0303717 
320 1.24562 2.00003 0.612232 1.7574 -0.0792165 -0.104632 
321 2.5577 2.86142 0.69981 1.80367 0.149334 -0.167117 
322 2.78992 4.87277 1.07816 1.75342 0.381028 -0.229055 
323 5.06654 5.16623 0.599434 1.70062 0.73009 -0.29091 
324 6.94232 5.59308 -0.597982 1.6234 0.900229 -0.259762 
325 5.74156 5.72847 -1.09253 1.55156 1.00794 -0.228684 
326 4.53852 5.87038 -1.2248 1.48632 1.06475 -0.200343 
327 3.42123 6.01387 -1.29698 1.42831 1.07473 -0.174356 
328 2.14514 6.73162 -1.79553 1.39355 -0.255574 0.113097 
329 0.28014 4.89932 -0.319562 0.830953 -0.213986 0.104212 
330 0.106113 5.04656 -0.12113 0.284712 -0.188212 0.0947264 
331 0.0703003 5.14204 -0.128018 -0.249409 -0.175583 0.0861728 
332 0.203533 5.15137 -0.179685 -0.772011 -0.166972 0.0786011 
333 -0.57413 2.307 -1.46398 -1.45157 0.16447 -0.0353852 
334 0.199656 3.05027 -0.0220947 -1.84824 0.0744446 -0.0252026 
335 2.84757 3.75887 0.510526 -2.28739 0.125895 -0.0143155 
336 6.72497 -3.7243 3.68281 -2.32294 0.420167 -0.0072007 
337 5.38935 -4.49985 0.628025 -2.33252 0.655716 -0.0104293 
338 3.89647 -4.96049 0.448902 -2.32906 0.83588 -0.0202409 
339 2.8026 -5.58391 0.369896 -2.3063 0.910403 -0.0203798 
340 2.27754 -6.48312 0.182938 -2.25184 0.831647 0.00510392 
341 -4.48756 -12.6886 2.50299 -1.87515 0.361074 0.0325645 
342 -2.76066 -12.6746 -0.125906 -1.523 -0.0353857 0.0650825 
343 -1.33485 -12.7268 -0.301204 -1.1873 -0.320877 0.0865881 
344 0.0222485 -12.6503 -0.200716 -0.87636 -0.406396 0.0789335 
345 1.2541 -12.3922 -0.0892563 -0.602307 -0.442082 0.0715362 
346 2.16588 -12.1623 -0.0290334 -0.364727 -0.44614 0.064614 
347 3.00541 -12.0421 0.0119002 -0.160117 -0.423855 0.0584634 
348 3.56718 -11.8678 0.106084 0.00657971 -0.388785 0.0526513 
349 3.93593 -11.6874 0.210177 0.13207 -0.35186 0.0471371 
350 4.44021 -11.5134 0.333414 0.214437 -0.308508 0.0424045 
351 6.8734 -11.6551 1.8002 0.278413 0.122493 -0.0362905 
352 10.0129 -11.8827 2.85514 0.318413 0.865599 -0.144173 
353 14.0607 13.2853 10.7882 -1.0673 2.03912 -0.62955 
354 16.3185 -11.8193 0.911049 -1.10801 3.13677 -0.356446 
355 10.3285 -28.3598 0.0715985 -2.27815 1.37889 -0.0116278 
356 -10.9088 -16.9925 -3.63222 -2.00524 -0.840365 0.683625 
357 -12.452 -7.55279 3.14742 -2.00474 -1.99323 1.44733 
358 -12.0822 -5.69122 3.63097 -2.05871 -2.49746 0.313035 
359 -15.131 -11.4457 -5.38615 -1.54917 -3.90431 1.84605 
360 -16.0839 -6.6829 -3.20589 0.0785639 -5.29683 1.08778 
361 -12.1993 2.46034 -1.81113 0.836011 -5.75507 0.755127 
362 -8.88882 8.31354 -1.30515 1.20112 -5.97849 0.243222 
363 -6.38711 12.3709 -0.919711 1.32406 -6.0697 -0.145863 
364 -4.01407 15.2769 -0.897852 1.22969 -6.10844 -0.269428 
365 -1.50141 17.6289 -1.47183 0.958641 -5.84164 -0.327114 
366 0.153828 18.3423 -1.25693 0.600378 -5.35662 -0.225991 
367 1.91629 18.5415 -0.888023 0.229671 -4.93065 0.148391 
368 3.24247 17.4174 -0.528724 -0.153156 -4.50691 0.129883 
369 27.1591 -2.68334 8.47962 0.552828 -2.82366 0.103307 
370 20.296 7.90776 -4.00707 0.636161 -1.46191 0.334577 
371 17.8689 8.14142 -1.18266 0.621839 -0.36962 0.21466 
372 15.0205 8.35706 -0.805446 0.571731 0.553943 0.121725 
373 11.9662 7.98944 -0.520195 0.522363 1.30422 0.0692267 
374 8.9013 7.23864 -0.258384 0.496918 1.88275 0.057241 
375 5.9564 7.34775 -0.490378 0.455926 2.33204 0.155245 
376 4.36849 7.51991 -0.509067 0.41211 2.73053 0.539581 
377 2.19242 6.58833 -0.24705 0.348932 2.86819 0.411646 
378 0.36697 5.69118 -0.546422 0.330955 2.82608 0.348859 
379 42.9661 -43.275 6.79943 -3.61474 -1.42942 1.79587 
380 26.0375 -44.265 -14.5516 -4.54568 3.21946 5.99488 
381 20.5539 -10.9127 -17.4715 -2.581 3.98924 11.5676 
382 17.5372 -3.8866 -5.90238 -1.17574 5.42669 12.1905 
383 16.0483 13.1963 -4.39814 -1.42015 3.57425 8.41207 
384 9.27452 31.7682 0.413554 2.56185 9.27734 0.0375285 
385 16.0301 33.1401 4.14519 3.22029 10.1828 -0.0305544 
386 15.2372 25.1889 -3.19033 2.04991 11.0723 -0.00510039 
387 -74.9266 35.3933 75.6278 0.31201 7.08131 0.00133677 
388 8.15628 9.4355 -74.4417 -0.00982319 7.64303 -0.00637317 
389 -62.3903 23.5024 49.0564 -1.13161 4.37163 -0.00571068 
390 -36.8505 11.2543 -20.7198 -1.57508 2.5106 -0.0200469 
391 -39.7339 10.5706 -11.7722 -2.00443 0.47575 -0.0309526 
392 -40.0388 8.85417 -10.2905 -2.3526 -1.58187 -0.0395086 
393 -39.868 7.0011 -10.0737 -2.61385 -3.64825 -0.0441449 
394 6.40525 -1.01674 20.7879 -2.46603 -3.01414 0.0087838 
395 2.58339 -0.635672 -2.0079 -2.63637 -2.61398 0.0558754 
396 4.01114 0.275815 0.757388 -2.86973 -2.13287 0.10557 
397 7.89412 1.66366 2.44148 -3.19294 -1.45402 0.154381 
398 9.14407 0.200276 1.26351 -3.44956 -0.714383 0.204461 
399 10.3772 -1.14865 2.3669 -3.65242 0.0980059 0.260093 
400 11.2045 -2.0719 2.10141 -3.82419 0.954395 0.317977 
401 11.6139 -2.15893 1.4771 -4.01114 1.83479 0.37748 
402 10.4763 -2.22936 0.118511 -4.2059 2.40815 0.382019 
403 11.5016 -2.16364 -0.359126 -4.42538 2.98256 0.373667 
404 8.77288 -2.36132 -0.466859 -4.66031 3.44173 0.374233 
405 16.2535 -14.1445 -10.1077 -9.91492 -3.35426 -0.427328 
406 3.22434 -0.918194 -1.55665 -9.17696 -2.5568 -0.409989 
407 0.735462 -1.52445 0.27188 -8.50525 -1.9375 -0.380552 
408 -0.980294 -1.99711 0.404749 -7.90211 -1.47588 -0.350123 
409 -6.14779 1.32555 1.64553 -6.46881 3.78786 0.434215 
410 -96.371 -132.944 148.68 -1.66811 5.37711 5.86085 
411 -13.8981 -23.6096 -78.3951 0.448878 2.09581 4.06691 
412 -18.4898 -29.3822 -64.1017 3.33811 -1.60541 2.21814 
413 -23.8112 -34.3355 -53.7762 5.70139 -3.1457 2.12688 
414 -32.4126 -45.391 -30.5579 8.4284 -4.73265 2.12197 
415 34.3527 -3.93047 67.2727 8.7813 -5.01732 2.05028 
416 20.2477 -0.88467 -9.53878 9.87507 -4.17925 1.73936 
417 21.5977 -1.82402 -1.83125 10.3308 -3.26263 1.66169 
418 21.957 -1.72216 -0.274201 10.8151 -2.35928 1.57487 
419 22.0559 -1.53167 -0.433349 11.3341 -1.48327 1.47857 
420 28.2535 47.3737 37.4149 9.01279 -0.24332 -0.0470886 
421 20.1941 29.656 -12.0489 7.94455 0.460985 -0.133068 
422 21.5726 31.6567 -5.52361 6.79314 1.21117 -0.212407 
423 22.0495 32.4601 -4.52637 5.63769 1.94398 -0.291835 
424 22.4326 32.6509 -4.52293 4.50883 2.65143 -0.372077 
425 22.6759 32.5205 -4.78202 3.42381 3.32011 -0.453141 
426 23.3101 31.9542 -5.10305 2.40387 3.9633 -0.538021 
427 23.7766 31.4507 -3.53111 1.43634 4.82048 -0.556563 
428 24.6877 30.7851 -2.31324 0.534683 5.83366 -0.540048 
429 -59.248 23.3079 50.6223 0.0373665 3.36589 -0.411206 
430 -20.1755 18.6502 -14.4865 -0.167754 2.97238 -0.517179 
431 -16.2297 22.1561 -2.53443 -0.443277 2.27356 -0.43977 
432 -18.5065 22.3763 -9.2764 -0.778443 -0.144334 -0.23018 
433 -22.949 25.5809 -8.22877 -1.21216 -2.40302 -0.216118 
434 -23.4811 27.8922 -4.37884 -1.9647 -3.87152 -0.778292 
435 -23.6258 27.197 -4.5956 -3.01622 -5.13777 -0.811514 
436 -22.7579 15.3445 4.61217 -3.51893 -6.2825 -0.577347 
437 -13.0834 12.6674 -3.68076 -4.09804 -6.8307 -0.412534 
438 -13.5893 -4.37825 0.570458 -4.40068 -7.37131 -0.224392 
439 -14.6385 -13.214 3.65149 -5.49183 -8.51195 -0.0577957 
440 -11.589 -12.5971 0.913093 -5.65249 -8.5111 0.113536 
441 -6.97393 -14.3029 0.722793 -5.68192 -8.27187 0.241954 
442 -1.22612 -16.6123 0.962835 -5.55465 -7.71674 0.320322 
443 21.8763 -46.2151 18.1947 -3.63009 -5.93305 1.75233 
444 17.6153 -31.9214 -5.53649 -2.49998 -4.43554 2.36202 
445 17.1608 -29.8051 -2.78906 -1.53558 -3.14868 1.56277 
446 15.7446 -27.0733 -1.74021 -0.817869 -1.97851 0.961886 
447 14.1473 -24.0734 -1.33745 -0.200738 -0.944603 0.488766 
448 12.4819 -21.0383 -1.05709 0.317243 -0.0510893 0.130935 
449 10.9609 -17.7938 -0.869884 0.760594 0.706143 -0.0215682 
450 9.30801 -15.0278 -0.622668 1.08455 1.34833 -0.147241 
451 7.54805 -12.437 -0.65975 1.29602 1.79059 -0.199175 
452 5.07574 -10.8158 -1.26365 1.44401 1.99863 -0.182503 
453 2.99763 -9.41526 -1.17005 1.542 2.09079 -0.151537 
454 2.60062 -9.55644 -0.234545 1.67296 2.16732 -0.13334 
455 2.37847 -9.50693 -0.27837 1.8255 2.23465 -0.119502 
456 42.053 27.7216 -0.483939 6.85647 -0.615484 -0.349288 
457 33.7808 62.0033 7.13773 6.85421 4.96797 -0.612178 
458 20.9125 31.0277 -36.2654 4.36962 10.0444 -0.997561 
459 -27.73 -19.0113 -3.85904 4.8088 9.26141 -3.71916 
460 -35.7568 0.56559 5.66067 3.7387 2.31287 -2.62365 
461 -53.8343 -35.4207 11.4973 -1.45356 0.947533 -0.934316 
462 -45.2005 -29.4095 -1.08878 -1.99952 -1.49869 -0.00295757 
463 -40.5044 -21.6827 -10.5653 -1.01696 -3.69993 0.0157255 
464 25.1077 -24.8771 24.1253 0.159323 -2.34386 0.000992815 
465 7.39275 -13.7675 -6.72263 0.733939 -2.00266 -0.00524852 
466 7.59255 -11.4 -0.754695 1.19799 -1.65552 -0.0107217 
467 6.86111 -9.14966 0.198747 1.55043 -1.35881 -0.0156277 
468 5.73351 -7.29297 0.355185 1.81269 -1.13201 -0.0200932 
469 4.85696 -5.53481 0.303911 1.98961 -0.960228 -0.0240479 
470 5.12735 -4.38038 1.24089 2.12144 -0.600394 -0.072009 
471 5.3412 -2.92261 0.305433 2.47543 -0.197004 -0.126586 
472 3.88495 -2.38948 0.157215 2.81179 0.133049 -0.178534 
473 4.51331 -0.621314 0.571571 3.0656 0.491919 -0.226348 
474 5.75676 0.0444551 1.09605 3.30027 0.91937 -0.27833 
475 6.97882 0.69884 1.68389 3.51709 1.41974 -0.332999 
476 7.72816 2.25204 2.03141 3.66834 1.97046 -0.390824 
477 8.64772 2.34873 1.1071 3.8336 2.57185 -0.448308 
478 9.15808 2.39696 0.882795 4.01747 3.21342 -0.509151 
479 11.0023 2.44814 -0.171552 4.21195 3.72445 -0.514733 
480 9.07358 2.65275 -0.83012 4.41608 4.05589 -0.503464 
481 11.3366 14.3661 -10.3798 9.38741 -0.121399 0.0681279 
482 2.7524 1.21017 -1.44953 8.66187 0.255539 0.0585699 
483 2.05457 1.09733 -0.114117 7.80487 0.455291 0.0488458 
484 0.0830166 2.26619 0.303652 7.20357 0.652753 0.034996 
485 -2.76741 -0.551395 1.2113 6.05557 3.88967 -0.506881 
486 1.03318 2.79943 -0.488203 6.4281 3.79192 -0.483237 
487 -82.9073 114.084 109.468 0.406008 2.35315 -1.78754 
488 -13.6279 22.1365 -80.2458 -2.00165 -1.044 0.0753815 
489 -24.749 33.4728 -55.312 -4.08996 -1.35455 -0.85136 
490 19.3458 8.65382 10.2705 -4.80596 -2.47416 -0.869976 
491 14.4396 9.45676 -3.09077 -5.56974 -1.93911 -0.7075 
492 15.8841 8.56974 -0.735279 -6.29288 -1.3289 -0.598172 
493 17.2863 7.39205 -0.122971 -6.97435 -0.666881 -0.507347 
494 18.1179 6.54538 -0.303066 -7.63999 0.0159603 -0.433728 
495 18.5548 5.98636 -0.669583 -8.3119 0.697415 -0.375653 
496 18.7746 5.58044 -1.10775 -9.00524 1.36362 -0.331841 
497 19.0267 5.09188 -1.6563 -9.72373 2.01314 -0.308101 
498 27.7787 -40.9463 24.9259 -7.79517 3.60715 -1.98534 
499 12.0187 -18.1319 -5.68013 -8.07121 4.0745 -3.18203 
500 12.3374 -22.0391 -4.51871 -7.88621 4.79882 -5.55293 
501 -16.2572 -9.33 17.4316 -8.05404 3.43155 -5.50105 
502 -29.9327 -37.4795 9.88519 -5.31294 0.6212 -1.55804 
503 -9.92566 -37.0336 -7.27789 -4.45594 -0.0663018 0.24645 
504 -5.36992 -40.0967 -2.2901 -3.02917 0.0808581 0.122921 
505 -0.439562 -40.9045 -1.06947 -1.60782 0.554429 -0.0102935 
506 4.671 -41.557 -0.542526 -0.200064 1.38022 -0.139046 
507 6.71408 -41.2244 -3.23662 1.11715 1.70423 -0.09825 
508 4.42141 -33.7385 -7.26242 1.92641 0.216413 0.283702 
509 -19.0389 -21.9184 -2.41954 2.1643 -1.91068 0.271649 
510 -14.2473 -24.2159 -4.77335 2.88883 -2.95555 0.530567 
511 -23.0226 -15.599 1.91496 3.35126 -4.34254 0.5178 
512 -15.745 -13.6934 -3.46324 3.85135 -5.20788 0.414228 
513 -11.7075 -10.4734 -1.60083 4.32038 -5.80143 0.276914 
514 -7.46207 -5.32745 -2.39936 5.16904 -6.12454 0.115756 
515 -20.3633 16.7663 7.15166 5.19518 -7.10491 -0.0714558 
516 -11.4401 11.6168 -1.67452 5.4993 -7.61657 -0.196074 
517 -7.96016 12.558 -0.52225 5.70502 -7.93821 -0.309811 
518 17.1731 49.0118 13.6841 3.77757 -6.82676 -1.46821 
519 15.7063 33.3615 -4.99943 2.39552 -5.55596 -4.33426 
520 16.4193 35.5975 0.147374 1.09108 -4.10148 -5.01639 
521 17.3886 35.892 1.88854 0.787098 -2.09271 -1.72778 
522 15.463 27.7976 -1.06299 -0.00602749 -0.956459 -1.03061 
523 12.7334 22.9068 -0.748007 -0.600139 -0.0226198 -0.518942 
524 10.27 18.5508 -0.433872 -1.01459 0.733424 -0.160709 
525 8.19492 14.4885 -0.235197 -1.29732 1.32805 -0.065106 
526 4.71812 13.3501 -0.147498 -1.19099 1.77014 0.0737943 
527 2.57967 9.89171 -0.881572 -1.30034 1.86475 0.0857265 
528 0.489738 7.82221 -0.729687 -1.32412 1.92128 0.0938929 
529 -0.807109 6.13707 -0.619403 -1.28085 1.87887 0.0993651 
530 -1.46063 4.80802 -0.568999 -1.18776 1.73887 0.0992428 
531 42.4928 -27.8215 0.600535 -6.32985 -1.00433 0.0958518 
532 34.0744 -61.7452 5.73956 -6.16365 4.16878 0.887719 
533 21.2047 -30.6584 -35.2011 -3.79499 9.66556 0.986296 
534 21.1962 -25.3811 -41.5523 -1.59746 12.9695 1.27812 
535 -67.7528 27.8178 78.4073 -2.09469 2.70986 1.83982 
536 -45.494 39.9672 -8.26236 2.79721 1.68851 0.57724 
537 -43.0366 32.7827 -6.7283 2.94039 -0.593951 -0.00648005 
538 -40.9688 26.7695 -11.3719 1.71167 -2.79055 -0.00854255 
539 -2.67069 38.5419 6.25202 -0.169801 -2.91976 0.0113831 
540 -6.56832 29.5052 -7.33767 -1.56389 -3.31896 0.0198097 
541 15.2151 11.3484 7.27547 -1.98466 -2.53036 0.0206653 
542 8.80511 10.7492 -2.29738 -2.40264 -2.12187 0.0245185 
543 7.69895 8.34063 0.263198 -2.70246 -1.78154 0.0285047 
544 6.38786 6.17797 0.237727 -2.89919 -1.52185 0.0323221 
545 5.49855 4.12639 0.296194 -2.99831 -1.31893 0.0356981 
546 5.80323 2.69844 1.26599 -3.04048 -0.927848 0.0833664 
547 6.01403 1.10907 0.323538 -3.30013 -0.493547 0.134558 
548 4.61773 0.441839 0.20354 -3.53815 -0.129913 0.182393 
549 5.75296 -0.353904 1.46075 -3.90726 0.504152 0.289318 
550 9.0461 -0.152681 1.63674 -4.15357 1.09607 0.339864 
551 9.47491 -2.30274 2.53096 -4.30445 1.7323 0.398161 
552 10.2336 -2.4472 1.30996 -4.469 2.40716 0.45513 
553 10.556 -2.49426 0.980833 -4.65447 3.11147 0.515425 
554 13.1998 -2.54261 0.719881 -4.8601 3.903 0.562196 
555 10.6823 -2.7708 -0.709194 -5.06869 4.29486 0.547679 
556 11.944 -14.0241 -10.2808 -9.966 0.13197 -0.0438084 
557 3.4184 -1.3452 -1.50092 -9.25892 0.521155 -0.0327628 
558 1.12167 -1.88716 0.0301854 -8.61802 0.775767 -0.0175309 
559 -0.571929 -2.34166 0.169362 -8.04323 0.913547 -0.00492578 
560 -1.77726 -2.71576 0.0975094 -7.52933 0.962781 0.00438613 
561 -3.57021 -0.801504 0.046329 -6.91577 3.78484 0.504889 
562 0.0846697 -2.37098 0.135323 -6.86899 3.61286 0.466658 
563 -75.8694 -98.2767 75.1953 -1.61543 1.9202 1.0726 
564 -19.9585 -29.7831 -60.19 0.415898 -0.996712 0.53871 
565 -1.64138 -21.0947 -19.5265 1.76852 -2.0623 0.604097 
566 1.18936 -20.6214 -4.28038 3.00487 -2.16683 0.436809 
567 6.87734 -16.2004 -2.55118 3.99833 -2.00816 0.250913 
568 10.9786 -12.9429 -1.80637 4.82476 -1.65188 0.0878535 
569 14.3828 -11.4803 -1.10243 5.58765 -1.13345 -0.049632 
570 15.449 -9.17539 -1.61986 6.24999 -0.58194 -0.170286 
571 16.4767 -8.28729 -1.27116 6.89273 0.00183452 -0.27777 
572 17.0964 -7.63539 -1.35468 7.53496 0.593503 -0.375739 
573 17.4751 -7.13142 -1.58292 8.19119 1.17768 -0.465721 
574 17.7583 -6.67107 -1.88772 8.87037 1.74596 -0.548635 
575 24.544 0.681569 -4.43901 10.1609 2.02035 -0.692991 
576 24.8949 -0.581907 -3.48038 10.6359 2.84807 -0.646975 
577 31.2438 43.4455 28.4321 8.82789 4.04532 -0.143309 
578 -7.44567 19.576 3.93259 8.33969 3.45844 -0.267786 
579 -1.55402 23.1423 0.972591 7.67169 3.74142 -0.156057 
580 -23.8215 52.5944 29.427 6.94062 3.03514 0.14378 
581 -1.86645 39.5407 -5.05753 5.49793 3.52806 0.257971 
582 0.0446629 40.6878 -3.4545 4.08395 3.50729 0.205018 
583 -5.91252 39.1523 -10.6538 2.88249 1.47328 -0.20784 
584 -18.5894 39.3199 -11.5164 1.57797 -1.16611 -0.642128 
585 -22.3734 40.9761 -7.20945 -0.0752628 -2.51635 -0.674953 
586 -33.3747 27.351 2.16282 -1.15969 -4.35261 -0.599985 
587 -27.8023 26.7348 -6.61451 -2.38451 -5.814 -0.480203 
588 -25.3731 23.7571 -6.01653 -3.59082 -7.09573 -0.323527 
589 -22.9755 15.9322 -9.28799 -5.42021 -8.21932 -0.144235 
590 3.77357 5.53107 6.78297 -6.64055 -7.87157 0.0529189 
591 -1.4911 5.72631 -3.84615 -7.83657 -7.82492 0.220429 
592 18.3818 -59.7337 25.0213 -5.45757 -6.71916 0.149437 
593 5.85965 -35.0894 -9.33555 -4.26702 -6.11439 1.77068 
594 7.81999 -35.6436 -1.58353 -3.01785 -5.40515 2.37064 
595 9.74716 -35.4824 0.694673 -1.76214 -4.3011 2.63713 
596 11.1301 -31.835 -0.260925 -0.816168 -3.27686 1.74637 
597 11.7452 -26.2448 -0.690314 -0.170149 -2.3039 0.644681 
598 11.7397 -20.5788 -0.343487 0.319729 -1.36748 0.318876 
599 11.5466 -16.0333 -0.142287 0.612761 -0.495977 0.171083 
600 10.8513 -12.0221 -0.0843097 0.748699 0.365019 0.158971 
601 10.1018 -8.9165 -0.0404419 0.741099 1.1402 0.10198 
602 9.22884 -6.4693 -0.0425007 0.631817 1.8309 0.047773 
603 -0.893203 -11.1684 3.10421 0.840082 1.85859 -0.0161243 
604 -0.318599 -8.95259 0.0374914 0.923373 1.96239 -0.0651898 
605 -0.10304 -7.61081 -0.616016 0.954558 1.90459 -0.0893439 
606 -0.573996 -6.29233 -0.699018 0.939342 1.81641 -0.10729 
607 41.5101 27.9419 -3.55895 6.03454 -0.523453 -0.106136 
608 34.9249 58.6664 6.46151 5.07101 4.36711 -1.46946 
609 24.1645 21.7287 -33.2404 2.32947 7.04831 -4.86548 
610 19.9605 -11.8015 -22.3115 1.67797 8.26622 -7.14103 
611 -55.004 -13.1748 46.3308 2.52533 3.52527 -0.134309 
612 -47.8752 -39.4869 -1.08832 -2.07566 2.32103 0.0401584 
613 -33.2517 -32.6215 -0.907713 -1.59075 0.548908 0.0371404 
614 -24.755 -28.1564 -4.64434 -0.250065 -0.775181 0.0181161 
615 -18.1177 -26.5928 -4.46438 1.01732 -1.756 -0.000904875 
616 2.02495 -13.2212 4.76863 1.56719 -1.65942 -0.00587349 
617 2.05469 -10.9321 -1.43591 2.0189 -1.58787 -0.00991453 
618 3.62302 -7.35633 0.0502385 2.29105 -1.43401 -0.014372 
619 3.3023 -5.50828 0.602243 2.47951 -1.3089 -0.0178602 
620 3.07507 -3.75052 0.546655 2.58755 -1.20316 -0.0207371 
621 2.92323 -2.16928 0.439737 2.62422 -1.11219 -0.0229684 
622 2.84546 -0.784501 0.350441 2.59921 -1.03156 -0.0239968 
623 2.60536 -0.488223 -0.0457092 2.57052 -0.970353 -0.0232113 
624 1.54057 -0.626174 -0.203902 2.56094 -0.968077 -0.0216493 
625 1.85219 0.305862 0.175393 2.5119 -0.957568 -0.0200011 
626 2.43991 0.148931 0.492418 2.48273 -0.920856 -0.0204603 
627 3.60002 1.20096 1.4509 2.50031 -0.6835 -0.0575904 
628 4.75749 2.58808 1.43746 2.57131 -0.366042 -0.0991661 
629 7.44572 2.49077 0.706647 2.65802 0.0830721 -0.136951 
630 8.35859 2.51073 0.659745 2.75552 0.577682 -0.176593 
631 8.13717 2.61156 0.624207 2.85981 0.90305 -0.193282 
632 7.65581 2.68899 0.548974 2.97376 1.20847 -0.210965 
633 23.0854 16.1523 -5.7007 9.02034 -0.380975 -0.153601 
634 14.8909 3.90502 -2.07668 9.1384 0.513075 -0.159572 
635 10.8427 2.097 0.332455 8.44334 1.18584 -0.174494 
636 7.33546 2.68201 0.484904 7.81615 1.65846 -0.187806 
637 4.27951 3.19491 0.347711 7.25062 1.95787 -0.197602 
638 -6.60549 -4.13974 4.9345 3.99156 3.13032 -0.326657 
639 -3.02019 3.48866 -0.24612 4.26944 2.64332 -0.263655 
640 -2.85241 3.70948 -1.1703 4.56729 2.17667 -0.202936 
641 23.9463 63.4172 14.8828 1.61742 3.20723 0.0883034 
642 -12.0135 4.32721 -19.8369 1.9552 2.24261 -0.128638 
643 -11.9389 4.7489 -4.49724 2.24124 1.32325 -0.0469153 
644 0.912017 31.0438 5.65359 1.09777 1.34467 -0.0435727 
645 -5.37015 18.4291 -4.45404 0.0684537 1.13833 -0.0448378 
646 -5.98417 16.5135 -2.20847 -0.90633 0.909745 -0.0459773 
647 -6.08463 14.4397 -1.64028 -1.75319 0.667704 -0.0457763 
648 -5.77596 12.3977 -1.30336 -2.48119 0.434782 -0.0461 
649 -5.65147 9.59748 -1.3574 -3.42859 0.180985 -0.033007 
650 -4.69325 8.52211 -0.7774 -3.94456 -0.00666551 -0.0373676 
651 -3.68086 6.75907 -0.515223 -4.37607 -0.147767 -0.0443833 
652 -3.04927 5.18041 -0.3203 -4.73938 -0.277767 -0.0384464 
653 -2.4847 3.74091 -0.157666 -5.04483 -0.388168 -0.0301699 
654 -1.4145 3.49498 0.280158 -5.36176 -0.445984 -0.024713 
655 -0.503816 3.30179 0.339778 -5.69717 -0.458849 -0.0220312 
656 0.195137 3.07197 0.309335 -6.05234 -0.439279 -0.0208725 
657 0.670269 2.8064 0.275812 -6.42939 -0.398806 -0.020596 
658 0.861642 2.50244 0.250132 -6.82979 -0.351959 -0.0208352 
659 1.14639 2.16565 0.249343 -7.25715 -0.294582 -0.0207922 
660 1.30801 1.78921 0.262495 -7.71392 -0.231605 -0.0206768 
661 1.65723 1.29882 0.280394 -8.25107 -0.203227 -0.0198276 
662 21.4694 -34.6366 16.6983 -6.73786 0.942715 0.0201551 
663 7.04535 -21.7534 -3.84524 -5.8623 1.38806 0.0283167 
664 -14.509 -37.2163 6.91205 -4.0361 0.711622 -0.00454732 
665 -4.73641 -28.4644 -2.94349 -2.63531 0.446281 -0.00629388 
666 -3.38918 -25.0862 -1.65164 -1.35166 0.246299 -0.00797269 
667 -2.24466 -20.9516 -1.72127 -0.21321 0.108255 -0.00950969 
668 -1.3032 -14.3234 -3.05601 1.01748 0.0208943 -0.0104667 
669 -0.686328 -9.16028 -2.72231 1.94324 -0.033615 -0.0110112 
670 12.9577 29.3509 9.26558 0.770067 0.721089 -0.121171 
671 0.84134 11.3462 -3.87637 0.556179 0.751852 -0.148945 
672 -0.510661 12.0343 -1.45973 0.561969 0.691526 -0.0844454 
673 -1.48981 9.52458 -0.653954 0.350263 0.594468 -0.0689411 
674 -1.83986 8.11901 -0.49613 0.194294 0.482551 -0.0573349 
675 -1.8383 6.99612 -0.412422 0.0800243 0.373474 -0.0476448 
676 -1.6525 6.07047 -0.355181 -0.00213423 0.276516 -0.039576 
677 -1.38596 5.29485 -0.31366 -0.0592219 0.195521 -0.0329464 
678 -0.929565 6.20846 -0.51433 0.00171177 0.139266 -0.0233476 
679 -0.873136 4.72439 -0.243392 -0.0673338 0.0889482 -0.0223206 
680 -0.708128 3.92923 -0.207334 -0.106432 0.0479627 -0.0212661 
681 -0.516729 3.33817 -0.19084 -0.125595 0.017547 -0.0202737 
682 -0.33801 2.88896 -0.178294 -0.13164 -0.00309972 -0.0193553 
683 -0.188969 2.54142 -0.167164 -0.129271 -0.0156512 -0.018516 
684 -2.27743 -39.0423 -1.96788 -3.16085 -0.304142 -0.0901446 
685 -0.235263 -23.5007 -4.11606 -1.3791 -0.336084 -0.0223299 
686 3.02944 -10.9807 -0.788748 -0.30056 -0.147109 -0.0230973 
687 2.28135 -5.8479 -1.73345 0.468681 -0.0113075 -0.0223681 
688 2.05822 -0.0936036 -0.577508 0.892986 0.106602 -0.0199552 
689 9.75307 35.6469 7.65013 2.81936 0.744881 -0.0104432 
690 3.20917 22.1266 -0.6739 1.72146 0.921388 -0.0120968 
691 -1.96101 15.4829 -0.188139 0.977905 0.819893 -0.0124346 
692 -4.29598 11.3119 -0.0438867 0.455217 0.595441 -0.0129689 
693 -5.02012 8.54371 0.0153528 0.0770828 0.333536 -0.0127188 
694 -4.85871 6.57625 0.0388107 -0.20016 0.0807783 -0.0122328 
695 -4.24179 5.07787 0.0443456 -0.402129 -0.139203 -0.0116999 
696 -3.42344 3.87026 0.0411798 -0.544699 -0.31627 -0.011231 
697 -0.161107 -0.241443 0.735695 -0.469298 -0.316236 -0.0101885 
698 0.363939 -0.33924 -0.00860914 -0.39475 -0.292686 -0.00988714 
699 0.711171 -0.0191623 -0.105807 -0.306744 -0.252239 -0.00936035 
700 0.777076 -0.177941 -0.0720436 -0.250988 -0.207943 -0.00914968 
701 0.766413 -0.168287 -0.0685361 -0.198863 -0.164725 -0.00894025 
702 0.703987 -0.106486 -0.0636372 -0.152782 -0.125243 -0.00872378 
703 0.611835 -0.020688 -0.0568275 -0.113751 -0.0909859 -0.00849966 
704 0.506987 0.0715568 -0.0492185 -0.0818391 -0.062542 -0.00826853 
705 0.401441 0.158844 -0.0415598 -0.0566012 -0.0398736 -0.00803213 
706 0.303304 0.236339 -0.0345167 -0.0372141 -0.0225264 -0.00779177 
707 0.216817 0.299813 -0.0281742 -0.02285 -0.00983143 -0.00754981 
708 0.144213 0.349749 -0.0228308 -0.0125546 -0.00101496 -0.00730773 
709 -4.55004 -38.4169 -2.79351 -2.18858 -0.353471 -0.0116924 
710 0.997029 -17.5493 -1.53379 -0.81918 -0.284977 -0.012087 
711 2.12544 -9.37843 -1.47561 0.0784712 -0.156439 -0.0138527 
712 2.39394 -2.92552 -0.612919 0.591165 -0.0231635 -0.0127527 
713 2.29843 1.9046 0.0915749 0.810799 0.104918 -0.0115863 
714 7.98318 28.3577 5.0485 2.14284 0.604127 -0.00903722 
715 1.77918 16.3444 0.0622335 1.29375 0.701582 -0.00847639 
716 -1.96123 11.3058 0.107483 0.715981 0.599634 -0.00818516 
717 -3.59261 8.12995 0.127313 0.309269 0.412069 -0.00768044 
718 -4.02803 6.01398 0.124901 0.0158141 0.202244 -0.00701644 
719 -3.15928 3.66314 0.291582 -0.15149 0.040063 -0.0063769 
720 -2.22274 2.10372 0.20988 -0.236382 -0.0717958 -0.00586626 
721 -1.40068 1.09989 0.126715 -0.268698 -0.139834 -0.00547563 
722 -0.738294 0.52897 0.0611713 -0.265661 -0.172823 -0.00517466 
723 -0.2697 0.112111 0.0252187 -0.247935 -0.181231 -0.00495206 
724 0.0501959 -0.109999 -0.00172369 -0.219328 -0.173058 -0.00477757 
725 0.24676 -0.211875 -0.0178673 -0.186259 -0.154882 -0.00463327 
726 0.348237 -0.23704 -0.0259936 -0.152881 -0.131743 -0.0045069 
727 0.395854 -0.124068 -0.0355468 -0.117647 -0.106465 -0.00441577 
728 0.370272 -0.12091 -0.0270312 -0.0921375 -0.0828949 -0.00434285 
729 0.325586 -0.0705451 -0.0246549 -0.0695493 -0.0619708 -0.00426976 
730 0.270126 -0.0106994 -0.0213647 -0.0506076 -0.0442065 -0.00419461 
731 0.211407 0.0501803 -0.0176533 -0.0353056 -0.0297229 -0.00411714 
732 0.155183 0.109842 -0.0142042 -0.0232285 -0.0183409 -0.0040379 
733 0.103844 0.160833 -0.0108021 -0.0141667 -0.00975845 -0.00395698 
734 0.0594181 0.203 -0.00786483 -0.0076141 -0.00358738 -0.00387466 
735 0.0180701 0.2076 -0.00329094 -0.00435478 0.000346335 -0.00378718 
736 -0.0110922 0.221455 -0.00189464 -0.00185349 0.00271848 -0.00370009 
737 -0.0315757 0.234976 -0.000951538 -8.22498e-05 0.00400108 -0.0036137 
738 -0.0457292 0.246576 -0.000268583 0.00106738 0.00453711 -0.00352837 
739 -0.0552081 0.255746 0.000196489 0.00172916 0.00457867 -0.00344437 
740 -0.0612346 0.262536 0.000482877 0.0020326 0.00431089 -0.00336189 
741 -0.0647402 0.267249 0.000629826 0.00208992 0.00386808 -0.00328106 
742 -0.0664467 0.270284 0.000673806 0.0019912 0.00334535 -0.00320196 
743 -0.0669135 0.272036 0.000646138 0.00180488 0.00280757 -0.00312464 
744 -0.0665704 0.272862 0.00057267 0.00157996 0.00229655 -0.0030491 
745 -0.0657401 0.273055 0.000473398 0.00134967 0.00183688 -0.00297535 
746 -0.0646594 0.272851 0.000363382 0.00113462 0.00144061 -0.00290336 
747 -0.0634944 0.27242 0.000253053 0.000946288 0.00111109 -0.00283309 
748 -0.0623564 0.27189 0.000149434 0.000789435 0.000845874 -0.00276451 
749 -0.061314 0.271342 5.65072e-05 0.000664557 0.000639074 -0.00269757 
750 -0.0604043 0.270831 -2.36536e-05 0.00056928 0.000482955 -0.00263223 
751 -0.0596415 0.270384 -9.06943e-05 0.000499899 0.000369182 -0.00256844 
752 -0.0590249 0.270016 -0.000145058 0.000451948 0.000289582 -0.00250615 
753 -0.0585437 0.269727 -0.000188015 0.000421089 0.000236669 -0.00244531 
754 -0.0581821 0.269514 -0.000220945 0.000403161 0.000203881 -0.0023859 
755 -0.0579213 0.269364 -0.000245545 0.000394682 0.000185718 -0.00232786 
756 -0.057743 0.269271 -0.000263268 0.000392624 0.000177703 -0.00227116 
757 -0.0576296 0.26922 -0.000275649 0.000394711 0.000176344 -0.00221577 
758 -0.0575657 0.269204 -0.000283842 0.000399076 0.000178979 -0.00216165 
759 -0.0575379 0.269212 -0.000289013 0.000404488 0.000183687 -0.00210877 
760 -0.0575357 0.269237 -0.000291925 0.000409971 0.000189111 -0.00205709 
761 -0.0575501 0.269273 -0.000293372 0.00041502 0.000194379 -0.0020066 
762 -0.0575749 0.269317 -0.000293778 0.000419225 0.000198949 -0.00195727 
763 -0.0576049 0.269362 -0.00029364 0.000422511 0.000202553 -0.00190905 
764 -0.0576371 0.269409 -0.000293134 0.000424773 0.000205088 -0.00186194 
765 -0.0576689 0.269454 -0.000292557 0.000426143 0.000206586 -0.0018159 
766 -0.0576991 0.269499 -0.000291929 0.000426646 0.000207132 -0.00177092 
767 -0.0577268 0.26954 -0.000291427 0.000426483 0.000206868 -0.00172696 
768 -0.0577519 0.26958 -0.000290985 0.000425711 0.000205931 -0.00168401 
769 -0.057774 0.269616 -0.00029072 0.00042453 0.000204474 -0.00164203 
770 -0.0577938 0.269651 -0.000290523 0.000422978 0.00020262 -0.00160102 
771 -0.0578112 0.269683 -0.000290487 0.000421227 0.000200493 -0.00156094 
772 -0.0578269 0.269715 -0.000290489 0.000419283 0.000198179 -0.00152178 
773 -0.0578408 0.269744 -0.000290616 0.000417284 0.000195763 -0.00148351 
774 -0.0578537 0.269774 -0.000290744 0.000415204 0.000193294 -0.00144612 
775 -0.0578655 0.269801 -0.000290963 0.000413155 0.000190826 -0.00140958 
776 -0.0578768 0.26983 -0.000291154 0.000411087 0.000188378 -0.00137388 
777 -0.0578873 0.269856 -0.000291412 0.000409092 0.000185981 -0.001339 
778 -0.0578977 0.269883 -0.000291623 0.000407105 0.000183637 -0.00130491 
779 -0.0579077 0.269909 -0.000291886 0.000405207 0.000181362 -0.00127161 
780 -0.0579176 0.269936 -0.000292092 0.000403323 0.000179148 -0.00123906 
781 -0.0579273 0.269962 -0.000292343 0.00040153 0.000177004 -0.00120726 
782 -0.0579371 0.269989 -0.000292533 0.000399749 0.000174917 -0.00117619 
783 -0.0579467 0.270014 -0.000292767 0.000398054 0.000172894 -0.00114583 
784 -0.0579564 0.270041 -0.000292938 0.000396365 0.00017092 -0.00111617 
785 -0.0579659 0.270067 -0.000293155 0.000394754 0.000169002 -0.00108718 
786 -0.0579756 0.270094 -0.00029331 0.000393144 0.000167125 -0.00105886 
787 -0.057985 0.270119 -0.000293512 0.000391607 0.000165296 -0.00103119 
788 -0.0579946 0.270146 -0.000293654 0.000390065 0.000163503 -0.00100415 
789 -0.0580039 0.270171 -0.000293845 0.000388592 0.000161753 -0.000977729 
790 -0.0580134 0.270198 -0.000293977 0.00038711 0.000160033 -0.000951914 
791 -0.0580226 0.270223 -0.000294159 0.000385694 0.000158351 -0.00092669 
792 -0.0580319 0.270249 -0.000294285 0.000384267 0.000156698 -0.000902045 
793 -0.058041 0.270274 -0.000294461 0.000382903 0.000155079 -0.000877964 
794 -0.0580501 0.270301 -0.000294581 0.000381526 0.000153487 -0.000854435 
795 -0.0580591 0.270326 -0.000294751 0.000380211 0.000151929 -0.000831446 
796 -0.0580681 0.270352 -0.000294867 0.000378882 0.000150394 -0.000808983 
797 -0.0580769 0.270377 -0.000295034 0.000377614 0.000148893 -0.000787035 
798 -0.0580858 0.270403 -0.000295146 0.000376332 0.000147414 -0.000765591 
799 -0.0580944 0.270428 -0.00029531 0.000375109 0.000145967 -0.000744638 
800 -0.0581031 0.270454 -0.000295419 0.000373871 0.000144542 -0.000724166 
801 -0.0581116 0.270478 -0.000295579 0.000372692 0.000143147 -0.000704164 
802 -0.0581202 0.270504 -0.000295685 0.000371496 0.000141774 -0.00068462 
803 -0.0581286 0.270528 -0.000295842 0.000370359 0.000140431 -0.000665525 
804 -0.0581371 0.270554 -0.000295945 0.000369205 0.000139107 -0.000646868 
805 -0.0581453 0.270579 -0.0002961 0.000368109 0.000137813 -0.00062864 
806 -0.0581536 0.270604 -0.0002962 0.000366995 0.000136538 -0.000610829 
807 -0.0581617 0.270628 -0.000296351 0.000365939 0.000135291 -0.000593428 
808 -0.0581699 0.270654 -0.000296449 0.000364863 0.000134062 -0.000576426 
809 -0.0581779 0.270678 -0.000296598 0.000363845 0.000132861 -0.000559814 
810 -0.058186 0.270703 -0.000296692 0.000362806 0.000131677 -0.000543584 
811 -0.0581938 0.270727 -0.000296839 0.000361824 0.000130519 -0.000527727 
812 -0.0582018 0.270753 -0.000296931 0.000360822 0.000129378 -0.000512233 
813 -0.0582095 0.270777 -0.000297074 0.000359875 0.000128262 -0.000497097 
814 -0.0582174 0.270802 -0.000297164 0.000358907 0.000127163 -0.000482307 
815 -0.058225 0.270826 -0.000297305 0.000357993 0.000126087 -0.000467858 
816 -0.0582328 0.270851 -0.000297392 0.000357059 0.000125028 -0.000453741 
817 -0.0582403 0.270875 -0.000297531 0.000356178 0.000123991 -0.000439948 
818 -0.0582479 0.2709 -0.000297616 0.000355275 0.00012297 -0.000426472 
819 -0.0582554 0.270923 -0.000297752 0.000354426 0.000121971 -0.000413307 
820 -0.0582629 0.270948 -0.000297835 0.000353554 0.000120986 -0.000400444 
821 -0.0582702 0.270972 -0.000297969 0.000352734 0.000120023 -0.000387877 
822 -0.0582777 0.270996 -0.00029805 0.000351892 0.000119074 -0.000375599 
823 -0.0582849 0.27102 -0.000298182 0.000351102 0.000118145 -0.000363604 
824 -0.0582923 0.271045 -0.00029826 0.000350288 0.00011723 -0.000351884 
825 -0.0582994 0.271068 -0.00029839 0.000349525 0.000116335 -0.000340435 
826 -0.0583067 0.271093 -0.000298467 0.000348739 0.000115452 -0.000329249 
827 -0.07152 0.328263 0.00220771 -0.00273242 -0.000605979 -0.000317131 
828 -0.060083 0.269812 -0.000143065 -0.00268544 -0.000707398 -0.000305811 
829 -0.0580708 0.265328 -0.000466369 -0.00240624 -0.000702638 -0.000295376 
830 -0.0577039 0.265335 -0.000488157 -0.00213525 -0.00068073 -0.000285247 
831 -0.0575697 0.265692 -0.000477795 -0.00189047 -0.000654141 -0.000275363 
832 -0.0574789 0.266045 -0.000464738 -0.00167084 -0.000625094 -0.000265712 
833 -0.0574065 0.266363 -0.000452127 -0.00147378 -0.000594461 -0.000256288 
834 -0.0573482 0.266649 -0.000440201 -0.00129694 -0.000562874 -0.000247084 
835 -0.0573013 0.266906 -0.00042907 -0.00113813 -0.000530826 -0.000238095 
836 -0.0572646 0.267138 -0.000418643 -0.000995483 -0.000498735 -0.000229315 
837 -0.0572361 0.267346 -0.000408979 -0.000867252 -0.000466921 -0.000220739 
838 -0.0572149 0.267534 -0.000399966 -0.000751973 -0.000435657 -0.000212361 
839 -0.0571996 0.267704 -0.000391653 -0.000648239 -0.000405142 -0.000204178 
840 -0.0571895 0.267859 -0.000383925 -0.0005549 -0.000375545 -0.000196184 
841 -0.0571836 0.267998 -0.000376825 -0.000470827 -0.000346977 -0.000188375 
842 -0.0571814 0.268126 -0.000370235 -0.000395115 -0.000319535 -0.000180746 
843 -0.057182 0.268242 -0.000364202 -0.000326853 -0.000293267 -0.000173293 
844 -0.0571853 0.268349 -0.000358608 -0.000265329 -0.00026822 -0.000166011 
845 -0.0571904 0.268446 -0.000353501 -0.000209807 -0.000244402 -0.000158898 
846 -0.0571973 0.268536 -0.000348767 -0.000159728 -0.000221822 -0.000151948 
847 -0.0572053 0.268618 -0.000344457 -0.000114491 -0.000200462 -0.000145159 
848 -0.0572146 0.268694 -0.000340461 -7.36618e-05 -0.000180309 -0.000138525 
849 -0.0572245 0.268765 -0.000336832 -3.67468e-05 -0.000161326 -0.000132045 
850 -0.0572352 0.268831 -0.000333465 -3.40749e-06 -0.000143487 -0.000125714 
851 -0.0572462 0.268892 -0.000330416 2.67619e-05 -0.000126744 -0.000119529 
852 -0.0572577 0.26895 -0.000327582 5.40234e-05 -0.000111063 -0.000113486 
853 -0.0572692 0.269003 -0.000325025 7.87138e-05 -9.63899e-05 -0.000107582 
854 -0.057281 0.269054 -0.000322644 0.000101034 -8.26878e-05 -0.000101814 
855 -0.0572927 0.269101 -0.000320503 0.000121266 -6.99008e-05 -9.61796e-05 
856 -0.0573045 0.269147 -0.000318504 0.000139561 -5.79909e-05 -9.06747e-05 
857 -0.0573161 0.269189 -0.000316714 0.000156157 -4.69026e-05 -8.52969e-05 
858 -0.0573277 0.269231 -0.000315038 0.000171167 -3.6599e-05 -8.0043e-05 
859 -0.057339 0.269269 -0.000313544 0.000184795 -2.70265e-05 -7.49104e-05 
860 -0.0573503 0.269307 -0.00031214 0.000197119 -1.81508e-05 -6.98962e-05 
861 -0.0573613 0.269343 -0.000310896 0.000208317 -9.92093e-06 -6.49979e-05 
862 -0.0573722 0.269378 -0.00030972 0.000218442 -2.30568e-06 -6.02126e-05 
863 -0.0573827 0.269411 -0.000308687 0.000227648 4.74258e-06 -5.5538e-05 
864 -0.0573932 0.269444 -0.000307704 0.000235969 1.12516e-05 -5.09713e-05 
865 -0.0574032 0.269475 -0.000306848 0.00024354 1.72655e-05 -4.65103e-05 
866 -0.0574133 0.269506 -0.000306027 0.000250379 2.28084e-05 -4.21524e-05 
867 -0.0574229 0.269535 -0.00030532 0.000256606 2.7921e-05 -3.78954e-05 
868 -0.0574325 0.269565 -0.000304636 0.000262226 3.26239e-05 -3.37368e-05 
869 -0.0574417 0.269593 -0.000304054 0.000267346 3.69543e-05 -2.96747e-05 
870 -0.0574508 0.269622 -0.000303486 0.00027196 4.09295e-05 -2.57066e-05 
871 -0.0574596 0.269648 -0.000303009 0.000276168 4.45834e-05 -2.18305e-05 
872 -0.0574684 0.269676 -0.000302537 0.000279954 4.79303e-05 -1.80442e-05 
873 -0.0574768 0.269702 -0.000302149 0.000283408 5.10012e-05 -1.43458e-05 
874 -0.0574852 0.269728 -0.000301759 0.00028651 5.38073e-05 -1.07331e-05 
875 -0.0574933 0.269754 -0.000301445 0.000289342 5.6377e-05 -7.20432e-06 
876 -0.0575014 0.26978 -0.000301124 0.000291877 5.8719e-05 -3.75738e-06 
877 -0.0575091 0.269804 -0.000300873 0.000294195 6.0859e-05 -3.90635e-07 
878 -0.0575169 0.26983 -0.000300609 0.000296262 6.28035e-05 2.89801e-06 
879 -0.0575243 0.269854 -0.000300411 0.000298153 6.45762e-05 6.11008e-06 
880 -0.0575318 0.269879 -0.000300195 0.000299833 6.61813e-05 9.24759e-06 
881 -0.057539 0.269902 -0.000300042 0.000301372 6.76404e-05 1.2312e-05 
882 -0.0575463 0.269927 -0.000299867 0.000302731 6.89563e-05 1.53052e-05 
883 -0.0575532 0.26995 -0.000299751 0.000303977 7.01487e-05 1.82286e-05 
884 -0.0575603 0.269975 -0.000299611 0.00030507 7.12186e-05 2.1084e-05 
885 -0.057567 0.269998 -0.000299526 0.000306074 7.21844e-05 2.38728e-05 
886 -0.0575739 0.270022 -0.000299415 0.000306946 7.30457e-05 2.65968e-05 
887 -0.0575804 0.270044 -0.000299357 0.00030775 7.38195e-05 2.9257e-05 
888 -0.0575871 0.270068 -0.000299269 0.000308439 7.45042e-05 3.18554e-05 
889 -0.0575935 0.270091 -0.000299233 0.000309077 7.51157e-05 3.4393e-05 
890 -0.0576 0.270114 -0.000299166 0.000309615 7.56512e-05 3.68715e-05 
891 -0.0576062 0.270137 -0.000299149 0.000310114 7.61258e-05 3.9292e-05 
892 -0.0576126 0.27016 -0.000299099 0.000310527 7.65358e-05 4.16561e-05 
893 -0.0576187 0.270182 -0.000299097 0.000310912 7.68952e-05 4.39649e-05 
894 -0.0576249 0.270205 -0.000299062 0.000311221 7.71997e-05 4.62197e-05 
895 -0.0576309 0.270228 -0.000299073 0.000311512 7.74624e-05 4.84218e-05 
896 -0.057637 0.270251 -0.000299049 0.000311736 7.76785e-05 5.05724e-05 
897 -0.0576429 0.270273 -0.000299072 0.000311949 7.78604e-05 5.26726e-05 
898 -0.0576489 0.270296 -0.000299058 0.000312102 7.80026e-05 5.47237e-05 
899 -0.0576547 0.270318 -0.00029909 0.000312251 7.81172e-05 5.67266e-05 
900 -0.0576606 0.270341 -0.000299085 0.000312345 7.8198e-05 5.86828e-05 
901 -0.0576664 0.270362 -0.000299125 0.000312441 7.82566e-05 6.0593e-05 
902 -0.0576722 0.270385 -0.000299126 0.000312488 7.82865e-05 6.24585e-05 
903 -0.0576778 0.270407 -0.000299173 0.000312541 7.82989e-05 6.42801e-05 
904 -0.0576836 0.27043 -0.00029918 0.000312548 7.82868e-05 6.60591e-05 
905 -0.0576891 0.270451 -0.000299232 0.000312566 7.82611e-05 6.77962e-05 
906 -0.0576948 0.270474 -0.000299244 0.000312542 7.82145e-05 6.94926e-05 
907 -0.0577003 0.270496 -0.0002993 0.000312531 7.81578e-05 7.1149e-05 
908 -0.057706 0.270518 -0.000299317 0.00031248 7.80832e-05 7.27666e-05 
909 -0.0577114 0.27054 -0.000299376 0.000312446 7.80012e-05 7.43461e-05 
910 -0.057717 0.270562 -0.000299396 0.000312375 7.79039e-05 7.58885e-05 
911 -0.0577224 0.270584 -0.000299459 0.000312322 7.78016e-05 7.73945e-05 
912 -0.0577279 0.270607 -0.000299482 0.000312234 7.76863e-05 7.88652e-05 
913 -0.0577332 0.270628 -0.000299547 0.000312166 7.75679e-05 8.0301e-05 
914 -0.0577387 0.27065 -0.000299572 0.000312066 7.74382e-05 8.17032e-05 
915 -0.057744 0.270672 -0.00029964 0.000311986 7.73072e-05 8.30722e-05 
916 -0.0577494 0.270694 -0.000299667 0.000311875 7.71664e-05 8.4409e-05 
917 -0.0577547 0.270716 -0.000299736 0.000311786 7.70257e-05 8.57142e-05 
918 -0.0577601 0.270738 -0.000299764 0.000311667 7.68766e-05 8.69887e-05 
919 -0.0577653 0.27076 -0.000299835 0.000311572 7.67286e-05 8.82329e-05 
920 -0.0577706 0.270782 -0.000299865 0.000311447 7.65733e-05 8.94479e-05 
921 -0.0577758 0.270803 -0.000299936 0.000311347 7.64202e-05 9.0634e-05 
922 -0.0577811 0.270826 -0.000299967 0.000311218 7.62606e-05 9.17922e-05 
923 -0.0577862 0.270847 -0.00030004 0.000311114 7.6104e-05 9.29228e-05 
924 -0.0577915 0.270869 -0.000300071 0.000310982 7.59417e-05 9.40268e-05 
925 -0.0577966 0.27089 -0.000300144 0.000310876 7.5783e-05 9.51046e-05 
926 -0.0578019 0.270913 -0.000300177 0.000310742 7.56193e-05 9.61569e-05 
927 -0.057807 0.270934 -0.00030025 0.000310635 7.54597e-05 9.71842e-05 
928 -0.0578122 0.270956 -0.000300283 0.000310501 7.52956e-05 9.81872e-05 
929 -0.0578173 0.270977 -0.000300357 0.000310393 7.51361e-05 9.91663e-05 
930 -0.0578225 0.271 -0.00030039 0.000310259 7.49724e-05 0.000100122 
931 -0.0578275 0.271021 -0.000300465 0.000310151 7.48138e-05 0.000101055 
932 -0.0578326 0.271043 -0.000300498 0.000310017 7.46514e-05 0.000101966 
933 -0.0578376 0.271064 -0.000300573 0.000309911 7.44943e-05 0.000102856 
934 -0.0578428 0.271086 -0.000300607 0.000309778 7.43336e-05 0.000103724 
935 -0.0578478 0.271108 -0.000300681 0.000309673 7.41785e-05 0.000104572 
936 -0.0578529 0.27113 -0.000300715 0.000309542 7.402e-05 0.000105399 
937 -0.0578578 0.271151 -0.00030079 0.000309438 7.38674e-05 0.000106206 
938 -0.057863 0.271173 -0.000300824 0.000309309 7.37115e-05 0.000106995 
939 -0.0578679 0.271194 -0.000300899 0.000309207 7.35616e-05 0.000107764 
940 -0.057873 0.271216 -0.000300933 0.00030908 7.34086e-05 0.000108516 
941 -0.0578779 0.271237 -0.000301008 0.00030898 7.32617e-05 0.000109249 
942 -0.0578829 0.27126 -0.000301041 0.000308855 7.31118e-05 0.000109965 
943 -0.0578878 0.271281 -0.000301116 0.000308758 7.29681e-05 0.000110663 
944 -0.0578929 0.271303 -0.00030115 0.000308635 7.28215e-05 0.000111345 
945 -0.0578977 0.271324 -0.000301225 0.00030854 7.26811e-05 0.000112011 
946 -0.0579028 0.271346 -0.000301258 0.00030842 7.25379e-05 0.000112661 
947 -0.0579076 0.271367 -0.000301333 0.000308328 7.24009e-05 0.000113295 
948 -0.0579126 0.271389 -0.000301367 0.00030821 7.22612e-05 0.000113913 
949 -0.0579175 0.27141 -0.000301441 0.000308121 7.21277e-05 0.000114517 
950 -0.0579225 0.271432 -0.000301475 0.000308006 7.19914e-05 0.000115107 
951 -0.0579273 0.271453 -0.000301549 0.000307919 7.18614e-05 0.000115682 
952 -0.0579322 0.271475 -0.000301582 0.000307807 7.17287e-05 0.000116244 
953 -0.0579371 0.271496 -0.000301657 0.000307722 7.16023e-05 0.000116792 
954 -0.057942 0.271518 -0.00030169 0.000307613 7.14731e-05 0.000117327 
955 -0.0579468 0.271539 -0.000301764 0.000307531 7.13501e-05 0.000117849 
956 -0.0579517 0.271561 -0.000301797 0.000307424 7.12244e-05 0.000118358 
957 -0.0579565 0.271582 -0.000301871 0.000307345 7.1105e-05 0.000118855 
958 -0.0579614 0.271604 -0.000301904 0.000307241 7.09827e-05 0.00011934 
959 -0.0579662 0.271625 -0.000301978 0.000307164 7.08667e-05 0.000119814 
960 -0.0579711 0.271647 -0.000302011 0.000307062 7.07479e-05 0.000120276 
961 -0.0579759 0.271668 -0.000302085 0.000306989 7.06353e-05 0.000120726 
962 -0.0579808 0.27169 -0.000302117 0.000306889 7.05199e-05 0.000121166 
963 -0.0579855 0.271711 -0.000302191 0.000306818 7.04106e-05 0.000121595 
964 -0.0579904 0.271733 -0.000302223 0.000306721 7.02984e-05 0.000122014 
965 -0.0579951 0.271754 -0.000302297 0.000306653 7.01925e-05 0.000122423 
966 -0.058 0.271776 -0.000302329 0.000306558 7.00835e-05 0.000122822 
967 -0.0580047 0.271797 -0.000302402 0.000306492 6.99808e-05 0.000123211 
968 -0.0580095 0.271819 -0.000302434 0.0003064 6.9875e-05 0.00012359 
969 -0.0580142 0.271839 -0.000302508 0.000306336 6.97754e-05 0.000123961 
970 -0.0580191 0.271861 -0.000302539 0.000306247 6.96727e-05 0.000124322 
971 -0.0580238 0.271882 -0.000302613 0.000306185 6.95761e-05 0.000124675 
972 -0.0580286 0.271904 -0.000302644 0.000306098 6.94765e-05 0.000125019 
973 -0.0580333 0.271925 -0.000302717 0.000306039 6.93829e-05 0.000125354 
974 -0.0580381 0.271947 -0.000302749 0.000305954 6.92862e-05 0.000125682 
975 -0.0580427 0.271968 -0.000302821 0.000305897 6.91954e-05 0.000126001 
976 -0.0580476 0.27199 -0.000302853 0.000305814 6.91016e-05 0.000126313 
977 -0.0580522 0.272011 -0.000302926 0.000305759 6.90137e-05 0.000126616 
978 -0.058057 0.272032 -0.000302957 0.000305678 6.89227e-05 0.000126913 
979 -0.0580617 0.272053 -0.000303029 0.000305625 6.88375e-05 0.000127202 
980 -0.0580664 0.272075 -0.00030306 0.000305547 6.87491e-05 0.000127484 
981 -0.0580711 0.272096 -0.000303133 0.000305496 6.86667e-05 0.000127759 
982 -0.0580759 0.272118 -0.000303164 0.000305419 6.85809e-05 0.000128028 
983 -0.0580805 0.272139 -0.000303236 0.000305371 6.8501e-05 0.00012829 
984 -0.0580853 0.272161 -0.000303267 0.000305296 6.84179e-05 0.000128545 
985 -0.0580899 0.272181 -0.000303339 0.000305249 6.83405e-05 0.000128794 
986 -0.0580946 0.272203 -0.00030337 0.000305176 6.82598e-05 0.000129037 
987 -0.0580992 0.272224 -0.000303442 0.000305131 6.81848e-05 0.000129274 
988 -0.058104 0.272246 -0.000303472 0.00030506 6.81065e-05 0.000129505 
989 -0.0581086 0.272267 -0.000303544 0.000305017 6.8034e-05 0.00012973 
990 -0.0581133 0.272289 -0.000303575 0.000304948 6.7958e-05 0.00012995 
991 -0.0581179 0.272309 -0.000303646 0.000304907 6.78877e-05 0.000130165 
992 -0.0581227 0.272331 -0.000303677 0.000304839 6.7814e-05 0.000130374 
993 -0.0581272 0.272352 -0.000303748 0.000304799 6.7746e-05 0.000130577 
994 -0.058132 0.272374 -0.000303778 0.000304734 6.76745e-05 0.000130776 
995 -0.0581365 0.272395 -0.00030385 0.000304696 6.76086e-05 0.00013097 
996 -0.0581413 0.272416 -0.00030388 0.000304632 6.75392e-05 0.000131159 
997 -0.0581458 0.272437 -0.000303952 0.000304595 6.74754e-05 0.000131343 
998 -0.0581505 0.272459 -0.000303982 0.000304532 6.74081e-05 0.000131523 
999 -0.0581551 0.27248 -0.000304053 0.000304498 6.73463e-05 0.000131698 
1000 -0.0581598 0.272501 -0.000304083 0.000304437 6.72809e-05 0.000131869 
1001 -0.0581643 0.272522 -0.000304154 0.000304403 6.72211e-05 0.000132036 
1002 -0.058169 0.272544 -0.000304184 0.000304344 6.71577e-05 0.000132198 
1003 -0.0581736 0.272565 -0.000304255 0.000304312 6.70998e-05 0.000132356 
1004 -0.0581783 0.272587 -0.000304284 0.000304254 6.70383e-05 0.000132511 
1005 -0.0581828 0.272607 -0.000304356 0.000304223 6.69823e-05 0.000132661 
1006 -0.0581875 0.272629 -0.000304385 0.000304166 6.69226e-05 0.000132808 
1007 -0.058192 0.27265 -0.000304456 0.000304137 6.68683e-05 0.00013295 
1008 -0.0581967 0.272672 -0.000304486 0.000304082 6.68104e-05 0.00013309 
1009 -0.0582012 0.272692 -0.000304556 0.000304054 6.67578e-05 0.000133226 
1010 -0.0582059 0.272714 -0.000304586 0.000304 6.67016e-05 0.000133358 
1011 -0.0582104 0.272735 -0.000304657 0.000303973 6.66507e-05 0.000133487 
1012 -0.0582151 0.272757 -0.000304686 0.000303921 6.65962e-05 0.000133613 
1013 -0.0582196 0.272777 -0.000304757 0.000303895 6.65469e-05 0.000133735 
1014 -0.0582242 0.272799 -0.000304786 0.000303844 6.6494e-05 0.000133855 
1015 -0.0582287 0.27282 -0.000304856 0.00030382 6.64463e-05 0.000133971 
1016 -0.0582334 0.272842 -0.000304885 0.000303769 6.63949e-05 0.000134085 
1017 -0.0582379 0.272862 -0.000304956 0.000303746 6.63488e-05 0.000134195 
1018 -0.0582425 0.272884 -0.000304985 0.000303697 6.62989e-05 0.000134303 
1019 -0.058247 0.272905 -0.000305056 0.000303675 6.62542e-05 0.000134408 
1020 -0.0582517 0.272926 -0.000305084 0.000303627 6.62058e-05 0.00013451 
1021 -0.0582562 0.272947 -0.000305155 0.000303607 6.61626e-05 0.00013461 
1022 -0.0582608 0.272969 -0.000305184 0.00030356 6.61155e-05 0.000134707 
1023 -0.0582653 0.27299 -0.000305254 0.00030354 6.60737e-05 0.000134801 
1024 -0.0582699 0.273011 -0.000305283 0.000303494 6.60281e-05 0.000134894 
1025 -0.0582744 0.273032 -0.000305353 0.000303475 6.59876e-05 0.000134983 
1026 -0.058279 0.273054 -0.000305382 0.00030343 6.59433e-05 0.000135071 
1027 -0.0582835 0.273074 -0.000305452 0.000303413 6.59041e-05 0.000135156 
1028 -0.0582881 0.273096 -0.000305481 0.000303369 6.58611e-05 0.000135239 
1029 -0.0582926 0.273117 -0.000305551 0.000303352 6.58232e-05 0.00013532 
1030 -0.0582972 0.273138 -0.000305579 0.000303309 6.57814e-05 0.000135399 
1031 -0.0583016 0.273159 -0.00030565 0.000303294 6.57447e-05 0.000135475 
1032 -0.0583063 0.273181 -0.000305678 0.000303252 6.57041e-05 0.00013555 
1033 -0.0583107 0.273202 -0.000305748 0.000303237 6.56687e-05 0.000135623 
1034 -0.0583153 0.273223 -0.000305776 0.000303196 6.56292e-05 0.000135694 
1035 -0.0583198 0.273244 -0.000305846 0.000303182 6.55949e-05 0.000135763 
1036 -0.0583244 0.273266 -0.000305875 0.000303141 6.55566e-05 0.00013583 
1037 -0.0583288 0.273286 -0.000305945 0.000303129 6.55235e-05 0.000135895 
1038 -0.0583334 0.273308 -0.000305973 0.000303089 6.54863e-05 0.000135959 
1039 -0.0583379 0.273329 -0.000306043 0.000303077 6.54542e-05 0.000136021 
1040 -0.0583425 0.27335 -0.000306071 0.000303038 6.54181e-05 0.000136081 
1041 -0.0583469 0.273371 -0.000306141 0.000303027 6.5387e-05 0.00013614 
1042 -0.0583515 0.273393 -0.000306169 0.000302989 6.53519e-05 0.000136197 
1043 -0.058356 0.273413 -0.000306239 0.000302978 6.53219e-05 0.000136253 
1044 -0.0583605 0.273435 -0.000306267 0.000302941 6.52878e-05 0.000136307 
1045 -0.058365 0.273456 -0.000306337 0.000302932 6.52588e-05 0.00013636 
1046 -0.0583696 0.273477 -0.000306365 0.000302895 6.52257e-05 0.000136411 
1047 -0.058374 0.273498 -0.000306435 0.000302886 6.51976e-05 0.000136461 
1048 -0.0583786 0.27352 -0.000306463 0.000302851 6.51655e-05 0.00013651 
1049 -0.058383 0.27354 -0.000306532 0.000302842 6.51383e-05 0.000136557 
1050 -0.0583876 0.273562 -0.00030656 0.000302807 6.51071e-05 0.000136603 
1051 -0.058392 0.273583 -0.00030663 0.0003028 6.50809e-05 0.000136648 
1052 -0.0583966 0.273604 -0.000306658 0.000302765 6.50505e-05 0.000136692 
1053 -0.058401 0.273625 -0.000306727 0.000302758 6.50252e-05 0.000136734 
1054 -0.0584056 0.273647 -0.000306755 0.000302725 6.49957e-05 0.000136776 
1055 -0.05841 0.273667 -0.000306825 0.000302719 6.49712e-05 0.000136816 
1056 -0.0584146 0.273689 -0.000306853 0.000302686 6.49425e-05 0.000136855 
1057 -0.058419 0.27371 -0.000306922 0.00030268 6.49188e-05 0.000136893 
1058 -0.0584235 0.273731 -0.00030695 0.000302648 6.4891e-05 0.00013693 
1059 -0.058428 0.273752 -0.000307019 0.000302643 6.48681e-05 0.000136966 
1060 -0.0584325 0.273773 -0.000307047 0.000302611 6.48411e-05 0.000137001 
1061 -0.0584369 0.273794 -0.000307117 0.000302606 6.4819e-05 0.000137035 
1062 -0.0584415 0.273816 -0.000307144 0.000302575 6.47927e-05 0.000137068 
1063 -0.0584459 0.273836 -0.000307214 0.000302571 6.47714e-05 0.0001371 
1064 -0.0584505 0.273858 -0.000307241 0.000302541 6.47458e-05 0.000137131 
1065 -0.0584549 0.273879 -0.000307311 0.000302537 6.47252e-05 0.000137162 
1066 -0.0584594 0.2739 -0.000307338 0.000302508 6.47004e-05 0.000137191 
1067 -0.0584638 0.273921 -0.000307408 0.000302505 6.46805e-05 0.00013722 
1068 -0.0584684 0.273943 -0.000307435 0.000302475 6.46564e-05 0.000137248 
1069 -0.0584728 0.273963 -0.000307505 0.000302473 6.46371e-05 0.000137275 
1070 -0.0584773 0.273985 -0.000307532 0.000302444 6.46137e-05 0.000137302 
1071 -0.0584817 0.274005 -0.000307602 0.000302442 6.45951e-05 0.000137327 
1072 -0.0584863 0.274027 -0.000307629 0.000302414 6.45724e-05 0.000137352 
1073 -0.0584906 0.274048 -0.000307698 0.000302413 6.45545e-05 0.000137376 
1074 -0.0584952 0.274069 -0.000307726 0.000302385 6.45323e-05 0.0001374 
1075 -0.0584996 0.27409 -0.000307795 0.000302384 6.4515e-05 0.000137423 
1076 -0.0585041 0.274112 -0.000307822 0.000302356 6.44935e-05 0.000137445 
1077 -0.0585085 0.274132 -0.000307892 0.000302356 6.44769e-05 0.000137467 
1078 -0.0585131 0.274154 -0.000307919 0.000302329 6.4456e-05 0.000137488 
1079 -0.0585174 0.274174 -0.000307988 0.000302329 6.44399e-05 0.000137508 
1080 -0.058522 0.274196 -0.000308016 0.000302303 6.44196e-05 0.000137528 
1081 -0.0585264 0.274217 -0.000308085 0.000302303 6.4404e-05 0.000137547 
1082 -0.0585309 0.274238 -0.000308112 0.000302277 6.43843e-05 0.000137566 
1083 -0.0585353 0.274259 -0.000308181 0.000302278 6.43693e-05 0.000137584 
1084 -0.0585398 0.274281 -0.000308209 0.000302253 6.43501e-05 0.000137601 
1085 -0.0585442 0.274301 -0.000308278 0.000302254 6.43357e-05 0.000137618 
1086 -0.0585487 0.274323 -0.000308305 0.000302229 6.43171e-05 0.000137635 
1087 -0.0585531 0.274343 -0.000308374 0.000302231 6.43032e-05 0.000137651 
1088 -0.0585576 0.274365 -0.000308401 0.000302206 6.42851e-05 0.000137667 
1089 -0.058562 0.274386 -0.000308471 0.000302208 6.42717e-05 0.000137682 
1090 -0.0585665 0.274407 -0.000308498 0.000302183 6.42541e-05 0.000137697 
1091 -0.0585709 0.274428 -0.000308567 0.000302186 6.42412e-05 0.000137711 
1092 -0.0585755 0.274449 -0.000308594 0.000302162 6.4224e-05 0.000137725 
1093 -0.0585798 0.27447 -0.000308663 0.000302165 6.42117e-05 0.000137738 
1094 -0.0585843 0.274492 -0.00030869 0.000302141 6.4195e-05 0.000137751 
1095 -0.0585887 0.274512 -0.000308759 0.000302145 6.41831e-05 0.000137764 
1096 -0.0585932 0.274534 -0.000308787 0.000302121 6.41669e-05 0.000137776 
1097 -0.0585976 0.274554 -0.000308856 0.000302125 6.41554e-05 0.000137788 
1098 -0.0586021 0.274576 -0.000308883 0.000302102 6.41396e-05 0.000137799 
1099 -0.0586065 0.274597 -0.000308952 0.000302106 6.41286e-05 0.000137811 
1100 -0.058611 0.274618 -0.000308979 0.000302083 6.41133e-05 0.000137821 
1101 -0.0586154 0.274639 -0.000309048 0.000302088 6.41027e-05 0.000137832 
1102 -0.0586199 0.27466 -0.000309075 0.000302065 6.40878e-05 0.000137842 
1103 -0.0586243 0.274681 -0.000309144 0.00030207 6.40777e-05 0.000137852 
1104 -0.0586288 0.274703 -0.000309171 0.000302048 6.40632e-05 0.000137862 
1105 -0.0586332 0.274723 -0.00030924 0.000302053 6.40534e-05 0.000137871 
1106 -0.0586377 0.274745 -0.000309267 0.000302031 6.40393e-05 0.00013788 
1107 -0.058642 0.274765 -0.000309336 0.000302036 6.403e-05 0.000137888 
1108 -0.0586466 0.274787 -0.000309363 0.000302015 6.40163e-05 0.000137897 
1109 -0.0586509 0.274808 -0.000309432 0.00030202 6.40073e-05 0.000137905 
1110 -0.0586554 0.274829 -0.000309459 0.000301999 6.39939e-05 0.000137913 
1111 -0.0586598 0.27485 -0.000309528 0.000302005 6.39853e-05 0.000137921 
1112 -0.0586643 0.274871 -0.000309555 0.000301984 6.39724e-05 0.000137928 
1113 -0.0586687 0.274892 -0.000309624 0.00030199 6.39641e-05 0.000137935 
1114 -0.0586732 0.274914 -0.000309651 0.00030197 6.39515e-05 0.000137942 
1115 -0.0586775 0.274934 -0.00030972 0.000301976 6.39436e-05 0.000137949 
1116 -0.058682 0.274956 -0.000309747 0.000301956 6.39314e-05 0.000137955 
1117 -0.0586864 0.274976 -0.000309816 0.000301963 6.39238e-05 0.000137962 
1118 -0.0586909 0.274998 -0.000309843 0.000301943 6.39119e-05 0.000137968 
1119 -0.0586953 0.275019 -0.000309912 0.000301949 6.39047e-05 0.000137974 
1120 -0.0586998 0.27504 -0.000309939 0.00030193 6.38931e-05 0.000137979 
1121 -0.0587041 0.275061 -0.000310008 0.000301937 6.38862e-05 0.000137985 
1122 -0.0587086 0.275082 -0.000310035 0.000301917 6.38749e-05 0.00013799 
1123 -0.058713 0.275103 -0.000310103 0.000301925 6.38683e-05 0.000137995 
1124 -0.0587175 0.275125 -0.00031013 0.000301905 6.38574e-05 0.000138 
1125 -0.0587218 0.275145 -0.000310199 0.000301913 6.38511e-05 0.000138005 
1126 -0.0587263 0.275167 -0.000310226 0.000301894 6.38404e-05 0.00013801 
1127 -0.0587307 0.275187 -0.000310295 0.000301902 6.38344e-05 0.000138014 
1128 -0.0587352 0.275209 -0.000310322 0.000301883 6.38241e-05 0.000138018 
1129 -0.0587395 0.275229 -0.000310391 0.000301891 6.38184e-05 0.000138023 
1130 -0.0587441 0.275251 -0.000310418 0.000301872 6.38083e-05 0.000138027 
1131 -0.0587484 0.275272 -0.000310487 0.000301881 6.38029e-05 0.00013803 
1132 -0.0587529 0.275293 -0.000310513 0.000301862 6.37931e-05 0.000138034 
1133 -0.0587573 0.275314 -0.000310582 0.000301871 6.37879e-05 0.000138038 
1134 -0.0587618 0.275335 -0.000310609 0.000301852 6.37784e-05 0.000138041 
1135 -0.0587661 0.275356 -0.000310678 0.000301861 6.37735e-05 0.000138045 
1136 -0.0587706 0.275378 -0.000310705 0.000301843 6.37642e-05 0.000138048 
1137 -0.058775 0.275398 -0.000310774 0.000301852 6.37596e-05 0.000138051 
1138 -0.0587795 0.27542 -0.0003108 0.000301834 6.37506e-05 0.000138054 
1139 -0.0587838 0.27544 -0.000310869 0.000301843 6.37462e-05 0.000138057 
1140 -0.0587883 0.275462 -0.000310896 0.000301826 6.37374e-05 0.00013806 
1141 -0.0587926 0.275482 -0.000310965 0.000301835 6.37333e-05 0.000138063 
1142 -0.0587971 0.275504 -0.000310992 0.000301817 6.37247e-05 0.000138065 
1143 -0.0588015 0.275525 -0.000311061 0.000301827 6.37208e-05 0.000138068 
1144 -0.058806 0.275546 -0.000311088 0.00030181 6.37125e-05 0.00013807 
1145 -0.0588103 0.275567 -0.000311156 0.000301819 6.37089e-05 0.000138073 
1146 -0.0588148 0.275588 -0.000311183 0.000301802 6.37008e-05 0.000138075 
1147 -0.0588192 0.275609 -0.000311252 0.000301812 6.36973e-05 0.000138077 
1148 -0.0588237 0.275631 -0.000311279 0.000301795 6.36895e-05 0.000138079 
1149 -0.058828 0.275651 -0.000311348 0.000301805 6.36862e-05 0.000138081 
1150 -0.0588325 0.275673 -0.000311374 0.000301788 6.36786e-05 0.000138083 
1151 -0.0588368 0.275693 -0.000311443 0.000301798 6.36756e-05 0.000138085 
1152 -0.0588413 0.275715 -0.00031147 0.000301782 6.36681e-05 0.000138087 
1153 -0.0588457 0.275735 -0.000311539 0.000301792 6.36653e-05 0.000138089 
1154 -0.0588502 0.275757 -0.000311566 0.000301776 6.36581e-05 0.00013809 
1155 -0.0588545 0.275778 -0.000311634 0.000301786 6.36555e-05 0.000138092 
1156 -0.058859 0.275799 -0.000311661 0.00030177 6.36484e-05 0.000138093 
1157 -0.0588634 0.27582 -0.00031173 0.00030178 6.3646e-05 0.000138095 
1158 -0.0588679 0.275841 -0.000311757 0.000301764 6.36392e-05 0.000138096 
1159 -0.0588722 0.275862 -0.000311826 0.000301775 6.3637e-05 0.000138098 
1160 -0.0588767 0.275883 -0.000311852 0.000301759 6.36303e-05 0.000138099 
1161 -0.058881 0.275904 -0.000311921 0.00030177 6.36282e-05 0.0001381 
1162 -0.0588855 0.275926 -0.000311948 0.000301754 6.36218e-05 0.000138101 
1163 -0.0588899 0.275946 -0.000312017 0.000301765 6.36199e-05 0.000138103 
1164 -0.0588944 0.275968 -0.000312044 0.000301749 6.36136e-05 0.000138104 
1165 -0.0588987 0.275988 -0.000312112 0.00030176 6.36119e-05 0.000138105 
1166 -0.0589032 0.27601 -0.000312139 0.000301745 6.36058e-05 0.000138106 
1167 -0.0589075 0.27603 -0.000312208 0.000301756 6.36043e-05 0.000138107 
1168 -0.058912 0.276052 -0.000312235 0.000301741 6.35983e-05 0.000138108 
1169 -0.0589163 0.276073 -0.000312304 0.000301752 6.35969e-05 0.000138109 
1170 -0.0589208 0.276094 -0.00031233 0.000301737 6.35911e-05 0.00013811 
