unit: [ms]
latency_max
17.472
latency_min
5.765
latency_ave
9.99008
all_latency
6.247
8.555
9.688
9.658
10.164
9.969
14.618
8.896
7.537
9.631
10.34
9.204
9.682
10.025
10.08
9.908
9.853
10.143
9.923
9.88
10.037
15.043
10.641
8.856
6.787
8.964
9.88
9.938
9.828
10.355
9.888
10.082
9.91
10.071
9.927
9.838
10.069
10.115
9.931
10.269
9.969
10.082
9.986
9.944
9.766
10.079
10.072
9.902
10.041
17.013
8.096
7.403
7.916
10.021
9.413
10.284
10.383
9.728
9.729
9.914
10.59
9.311
10.179
10.092
10.037
9.746
10.195
9.854
16.759
10.211
6.807
7.142
9.376
9.739
10.044
9.886
10.004
10.02
14.935
9.665
6.98
9.083
9.875
9.626
15.109
7.561
8.211
9.436
9.628
9.861
10.309
9.793
10.113
9.852
10.01
10.046
10.012
9.873
10.017
10.374
9.939
9.948
10.057
10.018
9.8
9.959
13.752
9.585
11.227
7.041
8.932
9.538
10.202
9.889
10.031
9.99
9.786
10.148
9.957
15.158
9.581
9.666
7.141
8.888
9.718
9.853
9.85
10.078
10.066
9.781
10.151
9.836
14.615
9.542
9.695
7.362
9.198
9.998
9.775
16.807
6.015
8.125
9.304
9.623
10.112
9.941
10.094
10.271
10.007
16.473
7.383
6.794
9.229
9.676
10
10.39
17.062
10.014
6.636
7.985
8.56
9.735
9.798
9.883
10.096
10.139
10.053
9.508
10.25
9.959
10.124
9.843
10.475
10.124
9.971
9.877
9.715
10.05
16.223
10.441
7.444
7.006
9.225
9.557
10.673
9.26
9.973
9.882
15.609
7.596
8.112
9.254
9.624
9.831
10.416
9.603
17.472
9.937
6.902
6.901
9.291
9.805
10.394
10.029
9.554
10.249
9.697
10.117
9.903
14.467
10.366
7.383
8.245
9.285
9.843
12.499
9.804
8.952
9.287
9.617
10.005
10.072
9.869
10.02
16.277
9.497
11.486
5.765
7.836
9.661
9.9
9.819
10.099
9.883
10.074
10.002
10.015
9.965
9.973
9.959
10.177
9.886
9.946
10.005
10.05
9.95
10.1
16.009
8.388
6.613
9.134
9.61
9.813
10.123
10.117
9.852
10.158
10.048
10.113
9.949
10.003
10.165
10.07
14.312
8.822
7.238
9.385
9.876
10.022
10.028
10.077
9.876
10.099
9.975
9.988
10.121
14.795
10.54
9.005
6.735
9.081
9.781
11.192
9.002
10.014
10.186
9.81
10.124
9.878
9.999
9.729
10.067
13.532
9.992
7.402
9.288
9.776
9.893
9.888
10.076
10.148
9.956
10.015
10.018
10.286
9.622
10.084
10.089
9.906
10.104
10.072
10.041
14.568
10.771
8.723
6.829
9.297
9.391
10.07
15.193
6.893
8.535
9.57
9.795
10.035
9.853
10.352
9.661
10.174
14.939
9.924
10.114
7.442
8.251
9.508
9.707
10.115
10.045
9.802
10.198
9.967
9.912
9.984
10.04
10.055
9.85
10.025
10.081
10
15.368
9.535
9.661
6.734
9.039
9.689
9.863
10.021
14.948
9.715
6.745
9.071
9.571
9.938
10.098
9.975
9.992
14.554
10.004
10.343
7.214
8.426
9.547
9.794
13.731
10.654
7.004
10.235
9.615
9.568
9.548
9.822
9.986
10.067
9.813
15.289
10.013
9.407
6.564
9.108
11.011
9.744
9.171
12.009
10.478
8.077
9.562
9.647
10.324
9.672
10.044
9.929
9.853
10.071
10.053
9.958
10.332
9.911
9.959
10.012
15.292
9.305
8.473
7.607
9.478
9.838
9.802
10.159
9.826
9.994
10.224
9.831
10.1
10.018
10.183
9.787
13.71
10.242
6.846
9.626
9.719
12.258
9.682
9.79
8.405
10.023
10.156
9.563
10.077
10.01
9.889
10.093
9.784
10.373
9.947
9.958
10.043
10.522
9.486
14.962
12.162
7.458
6.462
9.115
10.127
9.453
10.344
9.871
9.947
15.984
9.915
8.887
7.643
8.395
9.687
9.461
9.96
9.984
10.126
16.429
6.618
8.07
10.723
8.888
9.398
9.916
9.67
10.06
10.113
10.13
9.668
10.012
10.149
10.09
9.904
10.031
10.069
9.962
10.016
9.997
14.68
9.909
6.83
9.08
10.888
9.074
9.636
9.913
9.75
9.973
9.993
10.109
9.886
9.997
10.221
9.81
10.304
10.004
9.863
10.076
10.325
10.391
9.625
10.077
9.903
10.026
9.954
9.974
10.054
9.969
9.962
9.959
10.117
10.019
10.011
9.415
16.911
10.859
6.112
7.64
8.895
9.637
10.284
9.579
14.165
11.308
8.319
8.073
10.854
8.474
9.13
9.782
10.12
9.984
9.955
10.089
10.46
9.77
10.04
10.636
9.818
10.408
15.209
9.878
6.24
8.384
9.351
11.2
9.287
9.582
