unit: [ms]
latency_max
7.545
latency_min
0.538
latency_ave
1.74316
all_latency
6.281
2.514
1.291
0.95
0.707
0.821
0.812
4.808
3.874
1.742
1.293
1.739
1.02
0.759
0.683
0.687
0.716
0.671
0.756
0.668
0.659
0.695
4.885
5.589
4.593
1.645
0.849
0.645
0.556
0.579
0.791
0.747
0.968
0.673
0.814
0.668
0.679
0.704
0.67
0.71
1.001
0.98
0.988
1.033
0.924
0.744
0.715
0.761
0.714
0.747
7.146
5.234
2.83
1.238
1.275
0.712
1.005
1.206
1.101
0.77
0.738
1.214
0.73
0.856
0.89
0.791
0.737
0.762
0.744
6.918
7.087
3.849
1.53
1.04
0.774
0.671
0.63
0.689
0.671
4.958
4.804
2.094
1.277
1.158
0.844
5.241
3.105
1.54
1.143
0.75
0.702
0.908
0.8
0.927
0.859
0.795
0.711
0.696
0.738
0.808
0.877
0.869
0.889
1.025
1.021
0.812
0.788
3.971
3.708
4.591
2.033
1.268
0.872
1.001
0.966
1.015
1.015
0.87
0.875
0.901
5.481
5.016
4.891
2.236
1.264
0.899
0.874
0.757
0.738
0.84
0.751
0.8
0.629
4.58
4.227
3.845
1.712
1.07
1.118
0.727
6.995
3.157
1.642
1.049
0.8
0.702
0.718
0.71
1.121
0.99
7.054
4.41
1.634
1.036
0.764
0.664
1.036
7.285
7.496
4.24
2.509
1.329
0.901
0.709
0.717
0.709
0.848
1.046
0.668
0.691
0.769
0.882
0.805
1.169
1.204
1.292
1.207
0.883
0.838
6.561
6.97
4.391
1.828
1.167
0.749
1.389
0.788
0.683
0.702
5.48
3.485
1.855
1.126
0.823
0.669
0.973
0.746
7.206
7.414
4.418
1.757
1.129
0.903
1.214
1.326
0.958
1.137
0.916
0.91
0.869
4.841
5.128
2.838
1.316
0.665
0.538
2.705
2.498
1.596
1.102
0.671
0.686
0.716
0.687
0.638
6.261
5.962
7.183
3.362
1.37
0.943
0.903
0.875
0.893
0.885
0.909
0.854
0.94
0.871
0.898
0.861
0.922
0.865
0.871
0.864
0.911
0.864
1.006
6.25
4.672
1.743
1.077
0.742
0.659
0.705
0.67
0.654
0.701
0.826
0.956
0.787
0.891
0.988
1.191
4.898
3.73
1.341
0.876
0.644
0.678
0.712
0.783
0.768
0.799
0.806
0.822
0.796
5.059
5.486
4.678
1.864
1.089
0.783
1.904
1.07
1.086
1.153
1.098
1.069
1.075
1.07
0.831
0.856
3.711
3.806
1.603
1.066
0.77
0.679
0.722
0.666
0.891
0.693
0.74
0.888
1.046
0.81
0.854
0.827
0.883
0.912
0.951
1.061
4.873
5.803
4.824
1.776
1.277
0.778
0.771
5.394
2.63
1.285
0.913
0.705
0.727
0.723
0.81
0.677
0.703
5.16
4.926
5.138
2.765
1.415
0.978
0.738
0.702
0.697
0.714
0.697
0.806
0.756
0.719
0.761
0.655
0.652
0.692
0.649
0.705
5.452
5.048
4.887
1.764
1.058
0.792
0.693
0.702
5.085
4.791
1.876
1.035
0.729
0.7
0.662
0.662
0.647
4.708
4.729
4.974
2.483
1.145
0.679
0.597
3.722
4.353
1.789
1.809
1.722
1.37
0.918
0.775
0.727
0.708
0.71
5.264
5.269
4.779
1.666
1.047
1.874
1.61
0.94
2.76
3.167
1.401
1.066
0.793
0.824
0.733
0.739
0.745
0.685
0.774
0.709
0.694
0.768
0.842
0.858
0.87
5.446
4.91
3.405
1.423
0.926
0.724
0.695
0.699
0.692
0.706
0.787
0.724
0.751
0.705
0.937
0.789
3.92
4.021
1.379
1.075
0.806
2.771
2.618
2.457
1.02
1.123
1.129
0.833
0.802
0.802
0.804
0.79
0.754
0.887
1.03
0.954
1.034
1.48
0.929
5.256
7.415
4.921
1.82
1.071
1.017
0.55
1.042
0.799
0.801
6.204
6.234
5.002
3.005
1.461
1.15
0.763
0.802
0.828
0.947
6.695
3.488
1.916
2.532
1.563
1.082
0.85
0.729
0.74
0.709
0.863
0.672
0.683
0.782
0.76
0.793
0.819
0.861
0.837
0.856
0.842
4.911
4.832
2.005
1.291
2.03
1.243
0.91
0.692
0.683
0.697
0.688
0.739
0.693
0.693
0.795
0.614
0.843
0.781
0.769
0.815
1.196
1.508
1.159
1.096
1.101
1.109
1.12
1.11
1.085
1.085
1.082
1.081
1.111
1.108
1.073
0.674
6.941
7.545
3.976
1.905
1.021
0.579
0.77
0.548
4.149
5.311
3.835
2.16
2.962
1.652
0.94
0.704
0.677
0.639
0.717
0.705
1.117
1.001
0.989
1.684
1.424
1.811
6.542
6.378
2.906
1.54
0.948
1.949
1.332
1.051
