unit: [ms]
latency_max
0.161
latency_min
0.013
latency_ave
0.0339625
all_latency
0.161
0.09
0.024
0.02
0.015
0.057
0.032
0.068
0.062
0.032
0.057
0.032
0.021
0.016
0.016
0.015
0.021
0.016
0.016
0.014
0.013
0.014
0.084
0.07
0.062
0.034
0.021
0.018
0.015
0.017
0.038
0.016
0.016
0.015
0.027
0.015
0.016
0.014
0.018
0.021
0.02
0.019
0.025
0.018
0.027
0.017
0.016
0.018
0.015
0.017
0.081
0.075
0.075
0.025
0.038
0.021
0.018
0.024
0.02
0.016
0.016
0.024
0.015
0.016
0.04
0.017
0.016
0.017
0.016
0.061
0.079
0.122
0.029
0.02
0.017
0.017
0.015
0.015
0.019
0.155
0.064
0.047
0.03
0.03
0.055
0.128
0.067
0.043
0.03
0.016
0.03
0.018
0.016
0.018
0.014
0.015
0.019
0.015
0.017
0.016
0.048
0.017
0.021
0.021
0.022
0.02
0.021
0.06
0.07
0.078
0.045
0.029
0.019
0.034
0.027
0.026
0.033
0.017
0.021
0.02
0.074
0.054
0.076
0.048
0.031
0.032
0.022
0.018
0.017
0.043
0.027
0.019
0.019
0.12
0.063
0.134
0.034
0.021
0.018
0.016
0.078
0.124
0.04
0.029
0.019
0.016
0.016
0.015
0.024
0.041
0.078
0.118
0.052
0.02
0.018
0.014
0.019
0.093
0.079
0.069
0.042
0.021
0.022
0.015
0.018
0.015
0.018
0.019
0.015
0.016
0.018
0.019
0.017
0.02
0.021
0.024
0.021
0.019
0.019
0.107
0.087
0.084
0.049
0.041
0.017
0.036
0.026
0.021
0.02
0.079
0.073
0.032
0.032
0.029
0.016
0.023
0.018
0.073
0.081
0.111
0.032
0.027
0.019
0.027
0.02
0.019
0.023
0.019
0.021
0.02
0.066
0.074
0.048
0.032
0.019
0.019
0.051
0.058
0.044
0.018
0.016
0.016
0.015
0.015
0.016
0.077
0.059
0.07
0.049
0.026
0.045
0.04
0.02
0.019
0.018
0.023
0.019
0.021
0.02
0.02
0.019
0.02
0.022
0.019
0.02
0.021
0.019
0.037
0.08
0.09
0.035
0.021
0.017
0.015
0.015
0.015
0.018
0.016
0.031
0.019
0.021
0.021
0.022
0.023
0.062
0.073
0.033
0.023
0.017
0.015
0.017
0.018
0.016
0.016
0.033
0.017
0.018
0.061
0.09
0.072
0.03
0.023
0.018
0.036
0.021
0.025
0.026
0.022
0.067
0.02
0.028
0.022
0.022
0.067
0.083
0.034
0.024
0.019
0.016
0.022
0.015
0.018
0.016
0.018
0.016
0.024
0.018
0.023
0.018
0.018
0.019
0.02
0.022
0.096
0.068
0.06
0.034
0.02
0.016
0.022
0.061
0.037
0.026
0.022
0.02
0.024
0.016
0.017
0.015
0.016
0.067
0.075
0.064
0.088
0.027
0.019
0.016
0.015
0.015
0.016
0.016
0.027
0.018
0.016
0.02
0.017
0.019
0.02
0.017
0.019
0.059
0.121
0.065
0.029
0.022
0.037
0.015
0.017
0.062
0.071
0.031
0.022
0.016
0.017
0.016
0.014
0.015
0.061
0.063
0.095
0.042
0.049
0.019
0.038
0.065
0.101
0.032
0.078
0.026
0.025
0.02
0.015
0.015
0.016
0.015
0.067
0.088
0.078
0.066
0.018
0.032
0.028
0.02
0.036
0.047
0.026
0.021
0.021
0.054
0.023
0.021
0.016
0.015
0.016
0.016
0.014
0.033
0.022
0.018
0.017
0.075
0.105
0.07
0.022
0.044
0.016
0.016
0.016
0.015
0.015
0.028
0.017
0.038
0.017
0.074
0.018
0.072
0.059
0.034
0.024
0.022
0.038
0.039
0.037
0.022
0.022
0.02
0.019
0.017
0.016
0.017
0.02
0.018
0.019
0.021
0.018
0.022
0.02
0.021
0.061
0.089
0.067
0.041
0.022
0.07
0.017
0.067
0.015
0.015
0.107
0.085
0.066
0.037
0.058
0.052
0.018
0.02
0.017
0.02
0.066
0.055
0.033
0.048
0.024
0.018
0.016
0.018
0.016
0.016
0.035
0.014
0.015
0.019
0.019
0.017
0.018
0.02
0.018
0.021
0.017
0.08
0.072
0.048
0.027
0.037
0.035
0.019
0.014
0.017
0.017
0.015
0.018
0.014
0.014
0.021
0.017
0.03
0.021
0.021
0.022
0.025
0.026
0.022
0.05
0.049
0.023
0.022
0.021
0.022
0.022
0.023
0.023
0.022
0.022
0.023
0.015
0.063
0.062
0.091
0.037
0.022
0.018
0.066
0.018
0.074
0.088
0.068
0.059
0.055
0.03
0.019
0.015
0.017
0.016
0.018
0.017
0.068
0.02
0.021
0.026
0.033
0.023
0.063
0.075
0.048
0.027
0.055
0.034
0.025
0.025
