unit: [ms]
latency_max
7.219
latency_min
0.49
latency_ave
1.52669
all_latency
3.96
0.675
0.768
5.215
5.15
5.116
2.169
1.265
0.951
2.95
1.351
1.031
0.781
0.783
0.783
0.795
0.858
0.776
0.896
5.419
4.916
2.819
1.522
1.005
0.733
0.496
0.523
0.511
0.517
0.515
0.776
0.675
0.714
0.681
0.742
0.731
0.728
0.815
0.772
0.855
5.187
5.558
2.837
1.57
1.108
0.927
0.903
0.928
0.899
0.902
0.955
0.697
0.74
0.787
0.741
0.843
4.952
5.182
5.262
2.015
1.295
0.855
0.685
0.659
5.906
5.108
2.916
1.977
1.716
1.255
0.903
0.812
0.74
1.008
0.768
0.848
7.178
5.311
6.294
2.04
1.382
0.919
0.793
0.774
0.686
0.833
0.783
0.655
0.709
0.672
0.76
0.647
0.793
0.796
0.885
1.174
0.909
0.975
0.887
0.885
0.956
0.922
0.929
1.251
0.951
0.789
0.722
0.866
0.72
0.832
0.952
0.964
1.044
1.221
6.486
5.539
2.889
1.58
1.067
0.786
2.982
2.568
1.692
1.059
0.88
5.325
2.843
1.606
1.107
0.846
0.699
0.551
0.584
3.929
3.893
4.741
2.353
1.521
1.051
1.065
0.863
6.305
5.117
2.919
1.796
1.043
0.842
0.655
0.665
0.88
0.717
0.839
0.682
4.89
4.718
2.785
1.646
1.028
0.766
0.655
0.807
0.653
0.786
0.659
0.936
0.689
0.779
0.756
0.861
0.865
0.648
0.667
0.675
0.753
0.767
0.951
0.912
0.906
0.922
0.916
5.091
4.943
2.051
1.198
0.999
0.551
0.506
0.511
0.64
0.492
0.691
0.646
0.873
0.696
0.659
0.663
0.738
0.858
0.906
0.939
0.935
0.932
0.979
0.943
6.912
5.863
2.008
1.304
0.973
0.698
0.749
0.675
0.557
5.098
5.198
5.047
2.427
1.573
1.106
0.749
0.827
6.735
4.674
3.097
1.845
2.221
1.287
0.94
1.125
0.855
1.385
1.094
1.131
0.753
0.753
1.093
4.933
4.89
3.27
1.534
1.098
0.728
0.686
0.674
0.667
0.749
5.069
5.305
1.968
1.214
0.963
0.81
0.853
5.262
5.215
4.969
2.212
1.264
0.945
0.736
0.678
0.679
0.836
0.679
0.715
0.6
0.554
0.607
0.561
0.542
0.744
0.807
0.959
1.022
0.965
1.025
0.948
0.949
1.081
0.961
1.115
0.911
1.108
0.976
5.312
3.11
1.588
1.162
0.794
0.672
0.687
0.511
0.576
0.592
0.523
0.527
0.669
0.717
0.685
0.748
0.843
0.666
0.806
0.648
0.737
0.941
1.119
1.616
1.271
1.249
1.251
1.454
1.874
1.894
1.719
0.87
0.838
1.314
0.666
0.748
0.739
0.685
0.939
0.713
0.696
0.835
0.863
0.907
0.91
1.03
1.249
1.373
0.998
1.258
0.841
0.904
0.874
0.852
1.008
1.006
0.957
1.145
0.865
0.854
0.852
5.28
5.539
2.171
1.398
1.273
1.096
0.79
0.811
0.819
0.778
0.842
0.678
1.036
0.65
0.652
0.832
0.784
0.762
0.7
0.709
0.752
5.1
5.067
3.236
1.73
1.35
0.959
2.36
1.296
4.003
1.602
1.331
0.96
0.809
0.702
0.785
0.667
0.734
0.738
0.718
0.849
0.737
0.746
0.752
5.277
5.137
5.117
1.986
1.311
1.381
0.819
0.67
0.693
5.465
7.219
6.367
1.891
1.472
1.048
2.499
2.611
1.446
1.138
0.927
0.902
0.961
0.919
0.959
0.901
0.707
0.701
0.655
0.659
0.673
0.676
0.66
0.668
0.646
0.721
0.616
0.49
0.571
0.625
0.509
0.492
0.691
0.79
0.673
0.895
0.7
0.995
0.818
0.691
0.806
0.796
0.92
0.974
0.669
0.623
0.843
1.213
0.644
1.018
0.654
0.652
0.798
0.633
0.681
5.186
2.791
1.409
1.073
0.924
0.644
0.788
0.718
1.213
1.037
0.959
1.138
0.952
0.987
0.747
0.806
0.693
0.839
0.694
0.829
0.696
0.747
5.344
5.384
2.933
1.546
1.096
0.83
0.892
0.747
0.822
0.769
0.78
0.751
0.755
0.689
0.695
0.727
0.693
0.701
0.774
0.714
0.78
0.694
0.738
0.686
0.702
0.792
5.5
5.748
2.722
1.538
1.004
2.188
1.383
0.922
0.589
0.818
0.944
0.74
0.839
0.804
0.805
0.777
0.797
0.78
0.824
5.236
6.216
2.86
1.675
0.753
0.717
0.701
0.669
0.648
0.839
0.719
0.536
0.529
0.532
0.534
3.901
5.337
3.204
1.572
1.027
2.268
1.335
1.333
0.768
0.677
0.756
0.709
0.734
0.734
0.962
0.776
0.848
0.748
0.813
0.758
0.779
5.46
5.692
6.287
4.355
