unit: [ms]
latency_max
0.173
latency_min
0.014
latency_ave
0.0311089
all_latency
0.173
0.016
0.017
0.075
0.061
0.078
0.037
0.022
0.02
0.039
0.035
0.026
0.017
0.017
0.018
0.018
0.029
0.019
0.027
0.073
0.066
0.061
0.036
0.022
0.017
0.014
0.016
0.017
0.016
0.015
0.017
0.017
0.017
0.016
0.017
0.016
0.018
0.018
0.02
0.026
0.061
0.078
0.062
0.043
0.025
0.024
0.025
0.025
0.024
0.022
0.028
0.023
0.029
0.03
0.025
0.067
0.08
0.087
0.081
0.046
0.038
0.024
0.028
0.019
0.079
0.088
0.067
0.031
0.033
0.033
0.022
0.02
0.02
0.026
0.053
0.022
0.075
0.075
0.076
0.043
0.026
0.027
0.043
0.021
0.016
0.019
0.038
0.018
0.017
0.016
0.016
0.015
0.026
0.018
0.05
0.028
0.021
0.022
0.019
0.019
0.027
0.019
0.019
0.021
0.02
0.02
0.018
0.07
0.021
0.042
0.019
0.023
0.019
0.025
0.078
0.064
0.062
0.033
0.021
0.023
0.054
0.038
0.036
0.021
0.023
0.058
0.07
0.039
0.022
0.02
0.026
0.016
0.015
0.061
0.074
0.098
0.039
0.031
0.017
0.019
0.02
0.062
0.091
0.062
0.034
0.021
0.027
0.016
0.017
0.016
0.016
0.016
0.015
0.076
0.079
0.056
0.034
0.02
0.017
0.014
0.016
0.015
0.02
0.015
0.02
0.016
0.022
0.022
0.025
0.019
0.016
0.016
0.015
0.018
0.018
0.02
0.021
0.022
0.02
0.038
0.072
0.065
0.04
0.033
0.03
0.022
0.016
0.016
0.019
0.015
0.045
0.016
0.052
0.016
0.017
0.015
0.017
0.017
0.02
0.023
0.026
0.02
0.021
0.02
0.075
0.07
0.039
0.025
0.019
0.016
0.015
0.036
0.019
0.06
0.07
0.067
0.055
0.027
0.019
0.016
0.016
0.073
0.075
0.062
0.04
0.052
0.025
0.019
0.03
0.028
0.059
0.025
0.019
0.024
0.019
0.03
0.096
0.07
0.075
0.036
0.027
0.016
0.015
0.015
0.015
0.015
0.074
0.057
0.045
0.026
0.022
0.017
0.019
0.066
0.066
0.054
0.071
0.025
0.034
0.018
0.015
0.016
0.027
0.015
0.017
0.016
0.016
0.016
0.016
0.016
0.019
0.023
0.019
0.024
0.02
0.028
0.02
0.02
0.019
0.019
0.022
0.023
0.018
0.029
0.092
0.055
0.034
0.031
0.018
0.015
0.016
0.017
0.022
0.017
0.015
0.017
0.016
0.019
0.015
0.02
0.015
0.018
0.048
0.02
0.027
0.021
0.026
0.032
0.029
0.027
0.034
0.031
0.035
0.029
0.025
0.018
0.018
0.025
0.016
0.021
0.015
0.016
0.017
0.021
0.02
0.023
0.028
0.026
0.022
0.029
0.021
0.057
0.019
0.052
0.018
0.019
0.018
0.018
0.021
0.024
0.028
0.021
0.022
0.018
0.018
0.088
0.078
0.079
0.032
0.038
0.04
0.023
0.02
0.037
0.021
0.024
0.018
0.062
0.016
0.018
0.017
0.016
0.018
0.017
0.018
0.017
0.065
0.071
0.069
0.038
0.033
0.023
0.052
0.029
0.076
0.045
0.03
0.02
0.019
0.016
0.019
0.017
0.016
0.016
0.016
0.03
0.016
0.02
0.016
0.074
0.073
0.053
0.041
0.036
0.024
0.043
0.016
0.025
0.074
0.076
0.087
0.041
0.027
0.038
0.05
0.038
0.032
0.02
0.025
0.022
0.04
0.028
0.027
0.019
0.018
0.024
0.016
0.015
0.015
0.015
0.015
0.017
0.016
0.021
0.014
0.015
0.016
0.02
0.017
0.017
0.017
0.031
0.017
0.034
0.025
0.035
0.019
0.015
0.028
0.017
0.022
0.037
0.018
0.014
0.02
0.02
0.015
0.02
0.016
0.015
0.016
0.016
0.016
0.06
0.072
0.037
0.065
0.019
0.014
0.019
0.019
0.041
0.049
0.02
0.024
0.02
0.02
0.016
0.02
0.019
0.016
0.015
0.027
0.015
0.016
0.062
0.082
0.053
0.032
0.024
0.017
0.017
0.018
0.018
0.016
0.018
0.017
0.02
0.021
0.019
0.019
0.021
0.019
0.021
0.019
0.019
0.017
0.017
0.016
0.017
0.027
0.06
0.071
0.068
0.032
0.032
0.081
0.027
0.025
0.018
0.021
0.051
0.022
0.068
0.018
0.017
0.016
0.017
0.018
0.019
0.075
0.061
0.065
0.034
0.019
0.026
0.016
0.021
0.018
0.018
0.014
0.016
0.018
0.015
0.015
0.065
0.07
0.068
0.038
0.024
0.053
0.025
0.024
0.018
0.022
0.018
0.021
0.02
0.019
0.025
0.02
0.021
0.022
0.023
0.02
0.02
0.074
0.079
0.066
0.069
