unit: [ms]
latency_max
17.434
latency_min
5.126
latency_ave
10.0006
all_latency
6.509
10.095
14.996
9.98
9.938
6.659
8.941
9.773
12.082
8.35
9.59
9.699
9.942
10.203
9.81
10.062
9.911
10.216
15.099
9.42
7.765
8.482
9.324
9.606
9.749
10.065
10.004
9.998
9.966
10.297
9.891
10.163
9.858
10.097
9.94
10.007
10.121
9.974
10.074
15.101
10.175
7.223
8.36
9.41
9.778
10.112
9.905
9.969
9.953
10.079
9.683
10.144
10.036
9.992
10.212
14.607
10.284
10.028
6.347
9.144
9.325
9.886
9.945
16.038
9.156
7.585
8.766
9.783
9.596
9.378
9.898
10.089
10.12
9.855
9.992
17.434
7.607
10.979
5.391
9.156
9.503
9.923
9.928
9.893
10.163
10.06
9.683
10.056
9.979
10.096
9.844
10.251
10.044
10.064
10.409
9.757
9.922
9.828
10.055
10.167
9.882
10.114
10.244
9.759
9.749
10.021
10.34
9.618
10.099
10.088
9.996
10.113
10.182
15.913
8.898
7.327
8.267
9.427
9.666
12.63
9.381
9.21
9.076
9.902
14.903
7.432
8.479
9.433
9.645
9.795
9.868
10.041
13.877
10.099
10.886
7.145
9.025
9.467
9.977
9.768
16.07
9.028
7.414
8.649
9.077
9.913
9.682
10.032
10.211
9.841
10.078
9.846
14.841
9.903
7.737
8.677
9.171
9.903
9.67
10.34
9.704
10.296
9.747
10.28
9.703
10.3
9.767
10.101
10.079
9.909
9.832
9.995
10.091
10.18
10.034
9.951
10.002
10.084
10
14.954
9.51
6.886
8.923
9.721
9.53
10.13
9.853
10.187
9.794
10.434
9.797
10.443
9.509
10.134
9.78
10.182
10.17
10.024
9.993
10.065
9.879
10.271
9.876
16.597
8.654
5.834
9.18
9.706
9.642
10.196
9.929
9.781
15.028
10.272
9.717
7.201
8.889
9.462
9.538
10.128
16.521
7.902
8.257
8.61
10.425
8.799
9.599
10.198
9.761
10.665
9.596
9.98
9.633
10.025
10.335
15.264
9.095
8.477
7.651
9.567
9.48
10.036
9.951
9.952
10.129
15.042
10
6.427
9.072
9.751
9.789
10.178
14.963
9.895
9.671
7.016
8.797
9.571
9.85
10.057
9.83
10.273
9.769
10.225
9.734
10.104
9.894
10.112
9.829
10.231
10.045
10.123
10.044
10.025
10.027
9.988
9.902
10.175
9.768
10.191
9.777
10.163
9.956
15.047
7.447
8.241
9.524
9.443
9.879
10.212
9.741
10.051
10.082
9.847
10.099
10.19
9.867
9.991
10.067
10.307
9.569
10.252
9.812
10.098
10.142
10.202
10.58
9.721
9.871
10.054
10.194
10.531
9.917
9.799
9.032
10.132
10.48
9.21
10.084
9.991
9.91
10.364
9.674
10.031
10.112
10.093
9.999
10.028
10.116
10.228
10.314
9.57
10.188
9.46
10.068
10.144
9.777
10.324
9.894
9.88
10.194
9.785
9.911
10.118
15.094
10.215
6.732
8.581
9.832
9.787
9.578
10.196
9.888
10.061
9.929
9.847
10.553
9.408
9.978
10.203
9.932
10.209
9.695
10.045
10.068
14.939
9.859
8.191
8.1
9.783
9.446
11.738
8.569
13.34
7.042
9.702
9.435
9.9
9.86
10.048
9.996
10.006
10.028
10.059
10.04
10.051
9.825
10.196
14.948
9.986
9.65
6.72
9.207
9.978
9.456
9.965
9.974
15.277
11.808
9.022
5.126
9.667
9.331
11.694
10.096
8.795
9.488
9.836
9.964
10.206
9.892
10.139
9.687
9.811
10.009
9.949
9.971
10.028
9.955
10.049
10.034
9.96
10.102
9.838
9.887
10.114
10.025
9.865
9.968
10.243
10.237
9.767
10.254
9.777
10.333
9.714
9.875
10.224
9.936
10.254
10.044
9.556
9.929
10.245
10.435
9.354
10.418
9.597
9.956
10.327
9.709
10.079
14.938
7.511
8.406
9.803
9.506
9.833
10.013
9.924
10.652
9.81
9.847
10.211
9.771
10.073
9.712
10.046
9.895
10.341
9.712
10.124
9.751
10.199
15.007
10.414
7.106
8.386
9.391
9.744
10.041
9.959
9.952
10.152
9.852
10.12
9.878
9.873
10.002
10.054
9.943
10.101
9.955
10.094
9.934
9.908
10.102
9.856
10.082
10.118
15.256
10.279
6.817
8.479
9.431
11.476
8.97
9.501
9.559
10.305
10.053
9.886
10.181
9.773
9.981
9.98
9.959
10.049
10.053
15.178
10.786
6.494
8.515
8.893
10.036
10.096
9.808
10.118
10.035
9.852
9.836
10.096
9.937
10.158
13.901
11.231
7.909
8.077
9.144
11.621
8.885
9.961
9.297
10.08
9.947
10.071
9.886
10.033
10.233
9.811
10.013
9.963
10.033
10.127
9.878
15.295
10.238
10.595
7.931
