unit: [ms]
latency_max
0.183
latency_min
0.014
latency_ave
0.0335589
all_latency
0.183
0.02
0.02
0.015
0.017
0.015
0.066
0.063
0.028
0.024
0.018
0.015
0.019
0.014
0.017
0.035
0.018
0.015
0.017
0.015
0.016
0.027
0.02
0.015
0.016
0.017
0.057
0.054
0.087
0.05
0.032
0.019
0.016
0.018
0.053
0.017
0.014
0.017
0.018
0.027
0.067
0.018
0.016
0.014
0.017
0.059
0.077
0.065
0.049
0.025
0.021
0.019
0.032
0.016
0.025
0.03
0.023
0.015
0.024
0.016
0.022
0.021
0.026
0.021
0.021
0.028
0.019
0.056
0.02
0.022
0.021
0.021
0.02
0.024
0.04
0.019
0.021
0.019
0.02
0.02
0.024
0.02
0.023
0.018
0.02
0.02
0.022
0.018
0.023
0.08
0.077
0.072
0.042
0.02
0.021
0.02
0.016
0.021
0.025
0.074
0.064
0.086
0.027
0.026
0.022
0.023
0.023
0.02
0.019
0.031
0.038
0.035
0.018
0.019
0.087
0.078
0.029
0.022
0.018
0.044
0.026
0.021
0.023
0.022
0.023
0.023
0.022
0.057
0.023
0.024
0.05
0.023
0.024
0.022
0.026
0.047
0.024
0.03
0.02
0.023
0.02
0.023
0.024
0.025
0.018
0.024
0.025
0.022
0.042
0.032
0.018
0.026
0.023
0.02
0.023
0.018
0.022
0.025
0.018
0.025
0.022
0.073
0.022
0.025
0.023
0.024
0.035
0.02
0.047
0.035
0.032
0.026
0.025
0.025
0.018
0.057
0.065
0.025
0.022
0.017
0.061
0.067
0.07
0.037
0.023
0.017
0.016
0.017
0.015
0.015
0.016
0.017
0.017
0.015
0.101
0.022
0.02
0.022
0.084
0.096
0.035
0.037
0.021
0.017
0.026
0.017
0.075
0.091
0.04
0.026
0.028
0.017
0.017
0.017
0.024
0.014
0.017
0.016
0.019
0.021
0.041
0.015
0.018
0.017
0.034
0.023
0.026
0.021
0.018
0.032
0.017
0.02
0.059
0.068
0.076
0.036
0.025
0.019
0.018
0.028
0.023
0.016
0.025
0.066
0.056
0.066
0.068
0.026
0.022
0.036
0.029
0.017
0.022
0.033
0.031
0.066
0.022
0.02
0.038
0.038
0.022
0.02
0.021
0.061
0.074
0.057
0.063
0.027
0.02
0.016
0.116
0.015
0.034
0.016
0.018
0.018
0.016
0.016
0.075
0.075
0.068
0.047
0.026
0.018
0.016
0.018
0.02
0.039
0.016
0.019
0.015
0.016
0.018
0.06
0.094
0.087
0.078
0.038
0.026
0.037
0.106
0.028
0.027
0.059
0.072
0.056
0.036
0.021
0.017
0.026
0.076
0.071
0.057
0.071
0.033
0.021
0.017
0.015
0.018
0.016
0.023
0.015
0.019
0.078
0.083
0.06
0.063
0.072
0.071
0.038
0.028
0.016
0.025
0.029
0.015
0.016
0.016
0.015
0.018
0.018
0.02
0.079
0.07
0.049
0.021
0.018
0.026
0.017
0.015
0.015
0.015
0.016
0.067
0.062
0.062
0.039
0.02
0.02
0.056
0.024
0.021
0.015
0.051
0.017
0.02
0.04
0.027
0.017
0.019
0.015
0.018
0.018
0.029
0.019
0.025
0.031
0.019
0.021
0.021
0.019
0.023
0.032
0.019
0.022
0.019
0.018
0.02
0.024
0.032
0.019
0.019
0.019
0.052
0.025
0.036
0.035
0.018
0.023
0.021
0.021
0.078
0.019
0.065
0.066
0.081
0.043
0.108
0.029
0.026
0.022
0.036
0.018
0.072
0.053
0.028
0.023
0.016
0.016
0.02
0.116
0.02
0.015
0.019
0.016
0.016
0.015
0.017
0.016
0.016
0.061
0.073
0.062
0.033
0.021
0.025
0.02
0.017
0.038
0.016
0.018
0.028
0.029
0.058
0.064
0.072
0.034
0.027
0.02
0.017
0.017
0.023
0.018
0.03
0.017
0.018
0.022
0.018
0.019
0.017
0.079
0.085
0.071
0.08
0.04
0.021
0.019
0.024
0.026
0.023
0.016
0.022
0.065
0.07
0.068
0.037
0.046
0.038
0.018
0.021
0.02
0.023
0.026
0.02
0.021
0.02
0.021
0.032
0.026
0.026
0.047
0.033
0.034
0.03
0.025
0.02
0.02
0.078
0.083
0.033
0.025
0.022
0.016
0.019
0.019
0.024
0.019
0.023
0.021
0.02
0.019
0.02
0.019
0.074
0.147
0.108
0.026
0.03
0.018
0.017
0.02
0.038
0.018
0.02
0.019
0.02
0.018
0.019
0.088
0.018
0.074
0.08
0.028
0.023
0.024
0.018
0.082
0.079
0.084
0.025
0.05
0.082
0.019
0.019
0.018
0.036
0.079
0.096
0.079
0.109
0.037
0.026
0.018
0.029
0.025
0.044
0.019
0.02
0.018
0.071
0.091
