unit: [ms]
latency_max
17.526
latency_min
5.18
latency_ave
9.99993
all_latency
5.201
9.775
9.913
10.02
9.784
15.055
7.888
8.435
9.213
9.668
10.046
9.824
9.919
10.077
10.101
10.068
9.97
9.901
9.906
10.164
10.26
10.148
9.459
10.156
9.823
14.181
9.728
10.261
7.314
9.881
8.873
9.85
9.953
10.547
9.62
9.893
10.063
10.038
9.945
10.479
9.706
9.741
9.855
10.099
14.916
11.301
8.789
7.459
8.275
9.457
9.83
9.968
9.876
10.14
9.954
10.411
9.683
10.073
10.036
10.022
10.226
10.343
9.769
10.051
9.905
9.96
10.125
9.699
10.012
9.869
10.088
9.986
10.498
10.195
9.656
9.848
9.824
10.175
9.798
10.444
9.729
10.357
9.604
9.847
10.043
10.091
9.878
10.043
14.931
9.542
9.273
7.809
8.546
9.639
9.922
10.209
9.912
10.142
14.757
10.423
7.167
8.269
9.623
9.772
9.622
9.928
10.182
9.999
9.947
10.109
10.405
9.598
10.087
10.469
10.437
9.415
9.872
9.958
10.076
9.835
9.828
10.088
10.111
9.981
10.109
9.861
10.265
9.907
9.942
9.945
9.765
9.934
10.001
10.256
10.481
9.762
10.344
9.989
10.039
9.495
10.591
9.494
10.218
9.683
10.421
10.183
9.443
10.209
10.403
9.311
10.539
9.486
10.07
10.462
9.438
10.523
9.949
9.626
9.904
10.14
10.398
9.512
10.026
9.92
10.118
10.005
9.963
11.684
9.819
10.033
8.47
10.405
9.81
9.498
13.985
7.945
8.571
10.115
9.5
16.825
10.3
6.518
7.835
8.833
9.507
9.904
9.988
10.012
10.076
10.174
10.119
9.969
10.028
10.446
9.511
10.042
9.993
14.851
12.107
5.422
8.422
9.455
9.691
10.218
9.692
14.829
10.071
6.996
9.003
9.261
9.681
10.011
10.013
9.89
9.858
10.22
10.655
9.384
9.966
10.332
9.768
9.951
9.807
10.45
9.977
9.834
9.928
10.105
10.026
9.929
10.276
16.214
10.815
5.922
8.053
9.374
9.472
9.995
10.028
10.349
9.408
10.144
14.978
10.281
9.67
7.199
8.284
9.927
10.001
9.704
9.97
10.103
10.044
10.26
10.388
9.752
9.603
10.222
9.997
9.775
10.041
9.964
14.174
10.24
6.998
9.085
9.373
9.747
9.988
10.548
9.632
10.265
9.537
10.216
9.958
10.02
9.99
14.489
11.532
6.471
9.19
9.173
9.098
10.294
9.773
10.361
9.735
9.942
10.221
9.518
9.833
10.298
13.355
10.528
11.187
9.337
7.472
8.569
11.427
10.081
9.186
9.477
14.223
9.882
8.51
8.748
8.385
9.672
10.616
9.471
14.364
12.14
7.598
7.528
8.679
9.745
9.618
10.048
9.987
10.201
9.939
9.932
16.808
7.859
9.92
10.295
10.038
9.579
6.666
9.425
9.684
9.885
10.273
9.61
10.262
9.88
10.077
9.963
9.855
10.083
15.078
8.905
7.667
8.864
9.354
9.98
9.853
9.971
10.026
10.049
10.136
14.796
9.673
9.277
7.508
9.23
9.725
11.823
8.887
9.341
9.578
10.562
9.648
10.194
9.823
9.914
10.244
10.007
9.851
9.925
10.05
10.327
9.538
10.389
9.97
9.925
10.089
10.034
9.936
10.272
9.879
9.787
10.051
9.983
9.994
9.92
10.124
10.37
9.742
9.974
9.876
10.841
9.685
9.555
10.061
9.879
10.498
9.569
9.898
10.732
9.225
10.449
16.781
10.042
5.819
8.381
9.047
9.435
10.357
10.027
9.572
17.526
5.18
8.195
9.212
9.839
10.065
9.963
11.146
8.928
10.051
9.872
9.912
10.146
9.661
10.018
10.133
9.774
13.915
10.864
9.251
7.411
9.875
9.463
9.612
9.845
10.164
9.793
10.018
10.09
10.54
14.036
10.213
9.226
7.649
8.953
9.282
9.936
9.967
10.46
9.65
10.165
9.63
10.017
10.176
10.131
9.92
9.882
15.142
10.063
9.813
6.321
9.233
9.66
9.821
10.051
10.121
10.228
9.725
9.951
10.424
14.851
9.5
6.542
9.258
9.724
9.785
10.114
9.928
10.336
9.687
9.895
10.065
10.034
9.85
10.148
10.138
10.298
10.885
9.827
9.585
9.85
9.511
9.751
9.971
14.82
7.465
8.699
9.252
9.772
9.819
10.114
10.058
9.996
9.851
9.967
10.043
9.995
9.98
10.353
9.781
15
9.633
6.76
9.109
9.824
9.633
9.903
10.103
10.386
9.8
9.872
9.958
9.976
10.084
9.92
10.314
9.702
14.752
6.482
9.119
9.714
9.827
9.855
13.89
12.154
6.641
8.716
9.308
10.284
9.416
9.879
10.046
10.121
14.299
11.374
10.83
6.625
7.518
9.7
9.867
9.871
9.912
10.344
9.813
9.851
9.982
15.848
9.403
