unit: [ms]
latency_max
7.54
latency_min
0.473
latency_ave
1.55762
all_latency
5.45
0.887
0.66
0.645
0.752
0.653
4.897
3.003
1.804
1.073
0.759
0.672
0.743
0.686
0.684
0.73
0.659
0.665
0.713
0.657
0.662
0.97
1.066
0.673
0.703
0.567
4.095
4.017
4.025
1.767
1.838
0.892
0.722
0.672
0.943
0.719
0.702
0.682
0.66
0.792
0.914
0.807
0.719
0.705
0.727
4.917
6.171
5.069
2.686
1.327
0.863
0.623
0.633
0.545
0.649
0.59
0.832
0.731
0.705
0.702
0.77
1.013
1.266
1.203
1.232
1.123
1.098
1.101
0.788
0.853
0.81
0.796
0.805
1.417
1.486
1.215
1.048
0.903
1.043
0.891
1.259
1.065
1.396
1.026
0.938
0.907
1.001
0.959
0.942
5.194
4.743
4.177
2.34
1.048
0.754
0.618
0.821
0.692
0.702
4.945
5.252
2.652
1.418
1.024
0.83
0.505
0.51
0.51
0.473
0.579
0.742
1.067
0.684
0.662
1.029
1.362
0.849
0.857
0.857
0.938
0.866
0.712
0.734
0.737
0.723
0.837
0.794
0.979
0.8
0.831
0.801
0.598
0.671
0.647
0.844
1.181
1.063
1.337
1.324
1.406
0.937
1.355
0.898
1.216
0.957
1.316
1.508
0.971
1.038
1.479
0.879
1.376
0.941
0.975
1.473
0.859
1.395
1.342
0.857
0.901
1.008
1.056
0.936
0.898
0.897
0.907
0.905
0.999
2.357
2.211
2.342
0.992
1.182
1.11
0.791
4.274
2.343
1.098
1.312
0.724
6.84
7.378
3.904
2.105
1.153
0.578
0.611
0.561
0.538
0.526
0.675
0.793
0.787
0.85
1.187
0.849
0.889
0.936
4.684
6.614
2.585
1.584
1.154
0.889
1.043
0.665
4.921
5.099
2.311
1.621
0.948
0.62
0.557
0.551
0.581
0.499
0.678
1.153
0.699
0.675
0.934
0.667
0.77
0.653
0.934
0.916
0.72
0.68
0.632
0.694
0.706
1.04
6.596
7.365
3.42
1.837
1.337
0.843
0.691
0.802
1.147
0.649
0.773
5.196
5.368
5.168
2.643
1.154
1.1
1.101
0.859
0.823
0.911
0.795
1.144
1.248
1.196
0.956
1.106
1.035
0.969
0.982
0.946
4.636
4.748
1.989
1.294
0.815
0.648
0.546
0.946
0.666
0.798
0.643
0.633
0.731
0.638
0.653
4.657
6.081
2.62
2.235
1.56
0.715
0.858
0.67
1.081
0.823
0.651
1.094
0.634
0.497
0.761
3.536
3.828
5.154
4.592
2.419
1.075
2.403
2.361
1.772
1.092
5.04
4.8
3.503
2.553
1.057
0.753
1.259
0.664
4.747
6.565
4.475
2.39
1.084
0.898
0.619
0.661
0.65
0.74
0.698
0.671
6.842
4.593
4.682
4.872
4.899
4.458
1.645
1.151
0.75
0.667
0.97
0.781
0.809
0.835
0.797
0.863
0.688
0.771
5.22
4.227
2.177
1.272
0.57
0.529
0.5
0.529
0.541
0.669
0.701
4.825
4.642
3.806
1.794
1.148
0.853
2.446
1.451
0.869
0.644
1.101
0.793
0.803
0.752
0.743
0.972
0.939
0.644
0.737
0.635
0.933
0.679
0.975
0.809
0.885
0.882
0.994
0.873
1.108
1.05
0.936
0.975
0.922
0.869
0.898
0.921
1.296
1.085
1.008
0.872
1.567
1.409
0.962
1.014
0.919
1.488
0.868
0.889
1.397
0.862
1.201
7.424
7.426
3.719
2.063
1.354
0.732
1.176
1.181
0.727
7.54
3.252
1.636
0.896
0.77
0.733
0.784
1.463
0.891
0.854
0.762
0.707
0.751
0.532
0.554
0.547
0.54
3.835
4.752
4.008
1.694
1.501
1.211
0.806
0.708
0.779
0.658
0.665
0.746
1.081
4.616
4.917
4.172
2.238
1.215
0.73
0.682
0.649
1.047
0.701
0.769
0.481
0.497
0.574
0.627
0.629
0.637
4.962
4.892
5.061
1.657
1.058
0.808
0.658
0.689
0.798
0.95
0.766
0.778
0.962
5.137
4.993
1.846
1.167
0.936
0.733
0.785
0.797
1.193
0.806
0.778
0.737
0.717
0.734
0.738
0.901
1.233
1.975
1.787
1.512
1.275
0.912
0.733
0.706
4.849
2.529
1.317
0.915
0.74
0.634
0.665
0.645
0.693
0.492
0.522
0.557
0.561
0.546
0.747
0.711
4.936
4.639
1.753
1.091
0.948
0.715
0.638
0.646
0.916
0.664
0.671
0.703
0.654
0.62
0.657
0.734
0.65
4.782
1.629
0.918
0.648
0.534
0.502
3.708
5.878
2.565
1.559
0.929
1.092
0.664
0.694
0.645
0.692
4.597
5.944
6.759
3.363
1.394
1.162
0.913
0.824
0.865
1.138
0.958
0.821
0.795
5.985
5.452
