unit: [ms]
latency_max
17.024
latency_min
3.886
latency_ave
9.98499
all_latency
3.886
5.444
10.854
7.834
9.929
9.696
9.652
10.283
17.024
8.761
5.947
8.829
9.561
9.856
9.606
10.328
9.697
10.072
10.233
9.623
10.029
10.568
14.526
12.298
5.599
8.203
9.169
9.418
9.992
10.499
9.566
10.208
10.057
14.704
11.089
9.316
7.735
7.857
10.027
10.068
14.033
7.42
8.178
9.675
9.68
10.175
9.8
10.079
9.899
10.02
9.861
10.187
9.861
15.762
8.367
8.757
8.261
9.374
9.672
10.332
10.019
9.546
10.217
15.093
10.55
10.224
5.373
9.182
11.66
10.055
8.529
9.565
10.267
9.49
9.752
10.138
9.908
14.929
11.838
8.196
6.713
9.188
9.296
9.926
14.509
7.687
8.562
9.494
9.846
9.849
10.026
9.925
10.141
10.023
9.956
10.298
9.776
10.009
10.102
9.996
14.517
9.904
7.627
8.71
9.196
9.8
10.043
9.873
13.665
12.31
5.87
9.37
9.223
9.808
16.228
6.531
8.443
9.197
11.287
8.909
9.619
9.79
10.004
9.997
10.061
10.017
9.955
10.103
9.867
9.98
9.82
9.927
10.222
9.943
14.131
10.615
6.51
9.233
9.665
10.315
11.832
9.084
10.049
9.252
9.551
9.994
14.711
9.783
6.448
9.278
9.687
9.785
10.246
9.831
14.984
9.813
6.5
9.239
9.506
9.782
10.119
10.032
14.785
9.817
6.586
9.427
9.51
11.922
9.351
9.696
10.211
10.189
9.685
9.552
11.785
8.717
9.087
9.921
9.78
10.132
9.914
9.818
9.997
10.421
9.522
10.05
9.863
9.985
14.094
11.313
7.763
8.005
9.664
9.404
9.826
10.23
10.037
9.92
9.999
10.034
10.013
9.91
10.079
10.136
14.922
10.852
6.492
8.427
9.369
9.761
9.751
10.145
9.886
10.053
9.988
10.252
9.944
9.914
10.217
9.907
10.246
10.006
9.971
10
9.929
9.666
10.092
10.223
14.59
11.576
8.754
6.457
9.087
9.695
11.565
8.868
9.513
9.939
9.788
10.192
9.901
10.039
9.717
10.239
9.936
14.973
11.144
9.998
6.828
8.118
9.364
9.894
9.989
10.022
9.873
10.22
9.716
10.124
9.812
10.061
10.029
10.024
9.863
10.096
9.748
10.031
9.993
9.986
9.942
10.328
9.906
9.977
10.024
10.221
9.845
10.049
9.891
10.026
10.328
10.012
9.818
9.996
10.021
9.949
15.469
9.442
9.851
7.927
7.801
9.854
9.355
9.791
9.906
10.116
9.991
10.261
10.334
9.422
10.215
10.018
10.048
10.024
10.05
14.955
10.083
10.535
5.827
9.409
9.224
9.884
9.892
10.063
9.994
10.068
9.762
10.088
9.914
10.358
9.791
10.12
10.38
9.846
10.041
14.923
9.955
6.697
8.547
9.688
9.639
10.17
10.274
9.638
9.951
10.094
9.896
10.272
9.971
10.132
10.173
10.051
10.395
9.756
9.937
9.995
9.653
10.024
10.074
9.869
10.043
10.521
9.848
9.946
10.088
9.846
9.942
10.178
9.785
10.325
14.08
11.018
5.81
8.933
9.544
9.779
10.016
14.89
6.875
8.989
11.016
9.023
9.25
9.985
10.067
10.05
9.834
10.383
14.335
10.828
6.244
8.93
9.636
9.784
9.986
10.01
10.053
9.902
10.118
9.789
10.051
10.097
9.986
10.146
10.16
10.072
10.116
9.749
10.06
10.294
9.648
14.626
9.576
10.685
6.668
8.8
9.586
9.827
9.78
10.176
9.952
9.999
9.888
10.112
15.164
9.633
10.324
6.587
8.99
11.334
9.676
8.978
9.699
9.748
9.97
10.035
9.722
10.065
9.865
9.993
10.12
10.516
9.745
14.473
10.484
8.171
7.883
9.243
9.671
9.932
9.968
14.959
10.302
9.9
6.784
8.694
10.335
10.011
9.851
9.755
10.002
9.858
9.715
9.911
10.025
10.268
10.129
10.25
9.853
10.013
10.073
9.723
9.982
10.23
9.823
9.941
10.001
10.023
9.872
10.053
9.961
15.232
9.738
7.025
8.372
9.573
10.003
9.81
9.991
15.165
8.439
7.622
9.025
9.756
11.909
10.169
10.08
10.102
8.475
9.28
9.942
9.986
14.78
8.919
7.302
9.72
9.319
9.94
9.951
10.103
14.352
9.72
7.849
10.188
8.746
9.639
9.234
10.142
9.927
9.896
9.936
10.31
10.369
10.207
9.881
10.118
9.855
10.076
9.866
10.06
10.102
9.97
14.056
7.591
8.513
9.547
9.758
10.13
9.989
9.816
10.083
10.007
10.164
9.617
10.049
10.179
9.714
15.468
9.564
10.034
7.108
8.854
9.424
10.257
9.906
14.611
9.419
9.419
7.178
9.61
9.325
10.578
10.801
9.926
9.212
10.2
10.115
10.001
9.785
10.21
13.98
