unit: [ms]
latency_max
0.424
latency_min
0.014
latency_ave
0.0358071
all_latency
0.424
0.059
0.047
0.048
0.042
0.026
0.022
0.023
0.02
0.1
0.082
0.047
0.036
0.021
0.021
0.015
0.034
0.02
0.02
0.021
0.018
0.017
0.029
0.073
0.079
0.077
0.04
0.024
0.017
0.015
0.017
0.015
0.015
0.019
0.073
0.078
0.075
0.086
0.035
0.028
0.035
0.063
0.054
0.028
0.019
0.015
0.016
0.018
0.015
0.014
0.015
0.017
0.018
0.019
0.076
0.075
0.062
0.036
0.021
0.016
0.039
0.07
0.018
0.037
0.08
0.077
0.067
0.061
0.026
0.054
0.051
0.038
0.022
0.069
0.018
0.015
0.015
0.015
0.071
0.084
0.081
0.075
0.039
0.017
0.015
0.055
0.066
0.033
0.022
0.016
0.017
0.017
0.017
0.022
0.017
0.015
0.017
0.017
0.017
0.017
0.017
0.073
0.065
0.06
0.044
0.042
0.02
0.015
0.017
0.072
0.057
0.036
0.064
0.022
0.021
0.092
0.074
0.076
0.025
0.045
0.034
0.022
0.022
0.02
0.023
0.022
0.023
0.021
0.02
0.019
0.033
0.018
0.019
0.016
0.017
0.075
0.064
0.044
0.029
0.019
0.075
0.049
0.042
0.059
0.025
0.025
0.025
0.079
0.084
0.05
0.03
0.025
0.02
0.022
0.022
0.091
0.083
0.045
0.033
0.022
0.018
0.019
0.025
0.093
0.078
0.046
0.038
0.022
0.045
0.055
0.038
0.045
0.036
0.038
0.039
0.075
0.041
0.026
0.032
0.015
0.026
0.016
0.015
0.015
0.045
0.016
0.021
0.015
0.024
0.092
0.08
0.073
0.033
0.029
0.016
0.014
0.015
0.038
0.014
0.017
0.014
0.019
0.015
0.014
0.017
0.074
0.077
0.079
0.031
0.024
0.016
0.015
0.015
0.017
0.017
0.015
0.017
0.015
0.016
0.032
0.02
0.017
0.017
0.019
0.016
0.027
0.016
0.015
0.017
0.06
0.071
0.061
0.037
0.028
0.025
0.059
0.032
0.021
0.018
0.018
0.018
0.017
0.019
0.018
0.018
0.03
0.077
0.082
0.077
0.081
0.039
0.021
0.02
0.022
0.02
0.017
0.019
0.03
0.031
0.017
0.018
0.021
0.018
0.019
0.017
0.02
0.018
0.019
0.018
0.018
0.023
0.019
0.019
0.019
0.041
0.02
0.02
0.018
0.035
0.02
0.024
0.024
0.024
0.026
0.022
0.063
0.069
0.077
0.058
0.034
0.048
0.02
0.02
0.018
0.021
0.034
0.02
0.046
0.018
0.022
0.02
0.021
0.02
0.032
0.088
0.072
0.06
0.06
0.029
0.018
0.026
0.018
0.014
0.016
0.023
0.015
0.016
0.019
0.037
0.021
0.017
0.022
0.021
0.021
0.059
0.084
0.043
0.026
0.019
0.015
0.016
0.051
0.017
0.014
0.014
0.018
0.018
0.022
0.02
0.023
0.023
0.061
0.024
0.024
0.025
0.023
0.023
0.026
0.022
0.023
0.024
0.023
0.03
0.023
0.026
0.027
0.047
0.027
0.032
0.09
0.071
0.049
0.03
0.026
0.02
0.016
0.061
0.044
0.032
0.047
0.027
0.022
0.022
0.022
0.026
0.022
0.023
0.078
0.059
0.042
0.028
0.021
0.019
0.017
0.021
0.022
0.019
0.036
0.019
0.023
0.019
0.022
0.024
0.046
0.026
0.051
0.025
0.024
0.058
0.026
0.072
0.075
0.074
0.049
0.029
0.022
0.021
0.019
0.019
0.021
0.018
0.018
0.02
0.088
0.076
0.077
0.055
0.027
0.044
0.056
0.025
0.028
0.019
0.02
0.019
0.021
0.015
0.017
0.015
0.018
0.049
0.018
0.068
0.068
0.07
0.032
0.021
0.017
0.016
0.017
0.072
0.063
0.068
0.054
0.023
0.032
0.03
0.029
0.028
0.024
0.024
0.024
0.024
0.024
0.026
0.027
0.027
0.029
0.02
0.038
0.02
0.022
0.056
0.022
0.022
0.027
0.026
0.025
0.026
0.024
0.074
0.086
0.045
0.03
0.028
0.029
0.022
0.02
0.076
0.087
0.041
0.024
0.028
0.048
0.057
0.045
0.057
0.038
0.021
0.019
0.031
0.09
0.075
0.038
0.073
0.044
0.021
0.018
0.029
0.077
0.075
0.051
0.051
0.03
0.055
0.02
0.019
0.02
0.018
0.019
0.021
0.024
0.02
0.041
0.022
0.023
0.023
0.022
0.025
0.045
0.023
0.079
0.076
0.038
0.026
0.019
0.046
0.02
0.018
0.02
0.017
0.068
0.018
0.016
0.069
0.015
0.063
0.072
0.065
0.043
0.025
0.02
0.057
0.015
0.112
0.081
0.076
0.037
0.056
0.02
0.058
0.041
0.069
0.023
0.024
0.051
0.025
0.025
0.025
0.06
