unit: [ms]
latency_max
12.593
latency_min
0.488
latency_ave
1.7097
all_latency
12.593
3.337
2.574
3.408
1.363
1.424
1.158
0.75
1.096
7.409
6.322
2.572
1.518
1.23
1.111
0.686
0.901
0.66
0.663
1.033
0.734
0.702
1.215
5.131
7.386
3.109
1.67
1.027
0.576
0.519
1.039
0.626
0.63
0.753
4.774
5.971
5.203
3.064
1.354
1.444
1.544
5.207
2.71
1.161
0.806
0.663
0.635
0.634
0.663
0.637
0.629
0.505
0.492
0.519
5.456
4.017
2.889
1.456
0.997
0.755
0.925
0.861
0.669
0.739
5.28
5.849
6.133
1.81
1.148
2.579
2.609
1.35
0.982
0.995
0.758
0.653
0.682
0.667
4.918
6.385
4.951
1.88
1.234
0.789
0.682
4.68
2.412
1.335
0.933
0.709
0.67
0.679
0.658
0.709
0.681
0.777
0.808
0.852
0.793
0.832
0.824
4.879
4.743
2.55
1.472
0.754
0.605
0.528
0.559
3.672
6.059
2.248
1.473
1.023
0.828
6.327
3.092
1.774
1.166
2.295
1.348
0.969
0.807
0.769
0.804
0.796
0.787
0.837
0.788
0.861
0.789
0.598
0.605
0.624
0.619
4.273
5.011
1.789
1.131
0.805
0.871
2.613
1.805
1.659
1.084
0.913
0.92
5.015
4.703
1.741
1.086
0.835
0.66
0.712
0.716
4.959
5.011
1.796
1.127
0.849
0.661
0.693
0.706
4.777
4.647
1.719
1.187
0.821
2.458
1.85
1.7
1.836
2.108
1.675
1.329
2.691
1.77
0.998
0.873
0.711
0.72
0.662
0.686
0.67
0.8
0.492
0.605
0.488
0.509
3.901
5.101
3.139
1.502
1.128
0.715
0.621
0.658
0.754
0.623
0.723
0.624
0.688
0.68
0.677
0.831
5.147
6.018
2.66
1.464
0.959
0.721
0.531
0.516
0.584
0.544
0.566
0.676
0.658
0.673
0.829
0.763
0.957
0.937
0.968
0.908
0.917
0.622
0.629
0.718
4.991
6.456
5.321
2.159
1.347
1.008
2.302
1.4
0.964
0.823
0.812
0.809
0.8
0.86
0.645
0.672
0.783
5.016
6.301
6.185
3.177
1.697
1.131
1.062
1.074
1.072
1.05
1.151
0.856
0.921
0.888
0.905
0.868
0.895
0.858
0.854
0.655
0.653
0.656
0.7
0.66
0.854
0.878
0.838
0.857
0.955
0.872
0.917
0.843
0.912
1.27
1.115
1.047
0.95
1.039
1.031
5.878
5.333
5.133
3.266
1.429
1.188
0.755
0.552
0.531
0.554
0.548
0.708
0.999
0.701
0.804
0.806
0.783
0.777
0.921
5.181
5.308
5.942
2.064
1.6
0.892
0.812
0.727
0.707
0.821
0.762
0.685
0.721
0.641
0.862
0.711
0.824
1.219
1.058
1.113
5.522
5.491
2.498
1.24
0.854
0.67
0.655
0.878
0.711
0.624
0.661
0.745
0.77
0.864
0.891
1.172
1.173
1.421
1.328
1.24
1.218
0.923
0.916
1.013
0.903
0.912
1.381
1.323
1.189
1.283
1.113
1.143
1.229
1.117
1.335
5.02
6.089
2.158
1.241
0.873
0.66
0.665
4.939
2.166
1.379
2.123
1.371
0.727
0.693
0.689
0.696
0.683
0.904
4.66
5.8
2.257
1.288
1.01
0.743
0.648
0.702
0.837
0.655
0.732
0.657
0.668
0.657
0.732
0.829
1.023
1.058
1.185
1.009
1.014
1.175
1.021
5.009
4.815
5.258
2.344
1.279
0.881
0.675
0.649
0.643
0.752
0.715
0.638
0.736
5.252
4.908
5.22
2.122
1.34
2.513
2.21
1.294
0.965
0.739
0.749
0.741
0.609
0.59
0.573
0.566
0.596
1.002
0.824
4.754
5.346
3.446
1.76
1.067
0.733
0.655
0.68
5.12
5.482
5.321
2.526
1.325
1.593
1.634
1.544
1.235
1.26
1.044
0.787
0.762
0.788
1.024
1.093
1.351
1.273
1.258
1.332
1.093
1.085
1.214
1.091
1.08
1.099
1.03
1.017
1.027
1.074
5.637
5.426
2.671
1.332
0.945
0.96
0.835
0.723
5.244
3.977
1.812
1.026
0.763
2.424
2.577
2.649
2.82
1.443
0.836
0.774
0.732
4.817
4.091
1.632
1.293
0.831
0.722
0.702
0.703
4.657
4.327
2.418
2.514
1.576
1.115
0.553
0.584
0.626
0.542
0.518
0.778
1.039
1.184
1.116
1.127
1.135
1.125
1.103
1.126
1.189
1.123
4.791
2.523
1.337
0.906
0.642
0.752
0.761
0.672
0.768
0.671
0.698
0.529
0.597
0.701
0.572
5.314
4.997
4.969
2.511
1.344
0.94
0.983
0.716
4.794
4.648
4.013
1.642
1.28
0.733
0.98
1.844
1.707
1.204
1.258
1.355
1.311
1.232
1.378
5.008
