unit: [ms]
latency_max
0.195
latency_min
0.014
latency_ave
0.0342821
all_latency
0.116
0.075
0.033
0.037
0.03
0.018
0.018
0.047
0.016
0.022
0.016
0.016
0.019
0.017
0.019
0.016
0.048
0.015
0.065
0.09
0.062
0.066
0.023
0.017
0.018
0.019
0.05
0.016
0.018
0.017
0.021
0.034
0.019
0.03
0.028
0.021
0.087
0.083
0.073
0.089
0.027
0.023
0.067
0.03
0.023
0.025
0.016
0.072
0.039
0.032
0.019
0.022
0.018
0.023
0.019
0.077
0.075
0.063
0.035
0.022
0.019
0.016
0.017
0.017
0.021
0.016
0.016
0.016
0.015
0.019
0.016
0.018
0.018
0.017
0.025
0.031
0.024
0.025
0.021
0.031
0.022
0.018
0.02
0.062
0.083
0.062
0.033
0.021
0.02
0.016
0.018
0.02
0.015
0.015
0.083
0.068
0.071
0.037
0.025
0.021
0.014
0.02
0.015
0.019
0.015
0.061
0.085
0.07
0.053
0.031
0.028
0.021
0.045
0.052
0.195
0.02
0.017
0.076
0.077
0.047
0.043
0.022
0.019
0.016
0.072
0.055
0.021
0.019
0.017
0.014
0.027
0.06
0.086
0.045
0.031
0.024
0.015
0.015
0.019
0.019
0.017
0.019
0.015
0.017
0.072
0.067
0.075
0.044
0.026
0.016
0.019
0.018
0.017
0.077
0.068
0.048
0.032
0.022
0.015
0.045
0.026
0.017
0.019
0.017
0.017
0.019
0.017
0.073
0.117
0.04
0.029
0.02
0.019
0.091
0.052
0.028
0.022
0.016
0.074
0.061
0.031
0.026
0.018
0.015
0.015
0.015
0.081
0.064
0.045
0.026
0.019
0.022
0.026
0.02
0.09
0.075
0.039
0.04
0.02
0.041
0.025
0.019
0.021
0.018
0.019
0.02
0.022
0.022
0.027
0.038
0.033
0.051
0.027
0.023
0.017
0.025
0.017
0.018
0.018
0.017
0.017
0.015
0.019
0.023
0.075
0.074
0.054
0.035
0.053
0.032
0.027
0.018
0.062
0.064
0.059
0.032
0.032
0.036
0.022
0.115
0.035
0.032
0.019
0.025
0.017
0.016
0.026
0.016
0.017
0.017
0.017
0.074
0.081
0.075
0.061
0.029
0.019
0.02
0.047
0.05
0.019
0.018
0.022
0.075
0.086
0.064
0.039
0.022
0.041
0.054
0.039
0.016
0.018
0.015
0.075
0.06
0.056
0.029
0.021
0.051
0.047
0.044
0.075
0.024
0.017
0.016
0.014
0.015
0.034
0.016
0.015
0.017
0.021
0.021
0.018
0.058
0.054
0.061
0.026
0.02
0.017
0.018
0.018
0.016
0.016
0.02
0.018
0.018
0.018
0.022
0.026
0.031
0.027
0.035
0.026
0.026
0.025
0.024
0.027
0.026
0.026
0.029
0.026
0.036
0.027
0.033
0.027
0.026
0.054
0.028
0.027
0.027
0.026
0.034
0.028
0.027
0.026
0.028
0.026
0.027
0.026
0.026
0.026
0.042
0.025
0.027
0.026
0.029
0.028
0.026
0.026
0.03
0.026
0.026
0.024
0.026
0.021
0.025
0.022
0.022
0.022
0.026
0.023
0.029
0.022
0.03
0.022
0.026
0.022
0.022
0.025
0.028
0.031
0.024
0.024
0.06
0.062
0.076
0.037
0.022
0.041
0.025
0.038
0.026
0.027
0.088
0.064
0.059
0.028
0.02
0.02
0.022
0.02
0.023
0.017
0.089
0.071
0.046
0.029
0.021
0.022
0.059
0.017
0.019
0.016
0.015
0.019
0.017
0.017
0.019
0.017
0.061
0.083
0.089
0.05
0.027
0.02
0.017
0.049
0.019
0.015
0.017
0.018
0.025
0.017
0.067
0.06
0.083
0.038
0.021
0.018
0.016
0.06
0.041
0.026
0.021
0.017
0.029
0.019
0.018
0.026
0.016
0.016
0.018
0.017
0.02
0.074
0.068
0.077
0.074
0.041
0.022
0.02
0.015
0.022
0.018
0.061
0.072
0.042
0.034
0.03
0.016
0.015
0.019
0.018
0.016
0.016
0.025
0.022
0.018
0.015
0.02
0.015
0.017
0.016
0.017
0.017
0.021
0.017
0.076
0.085
0.08
0.037
0.028
0.018
0.019
0.091
0.074
0.034
0.021
0.017
0.018
0.021
0.018
0.018
0.015
0.019
0.076
0.078
0.078
0.038
0.025
0.02
0.021
0.015
0.016
0.015
0.018
0.017
0.017
0.02
0.075
0.08
0.144
0.039
0.028
0.017
0.02
0.026
0.015
0.015
0.079
0.104
0.074
0.044
0.026
0.029
0.052
0.064
0.019
0.035
0.037
0.024
0.034
0.069
0.038
0.076
0.019
0.016
0.017
0.065
0.075
0.052
0.03
0.023
0.016
0.019
0.052
0.018
0.018
0.019
0.018
0.019
0.027
0.015
0.019
0.06
0.085
0.044
0.03
