unit: [ms]
latency_max
17.894
latency_min
5.439
latency_ave
9.99593
all_latency
12.449
5.814
9.645
9.897
8.772
9.938
10.65
9.269
10.374
9.843
9.805
10.288
9.717
10.478
9.617
10.34
9.685
10.249
17.819
6.548
7.556
8.623
9.106
10.144
10.019
9.852
9.801
10.127
9.99
10.265
10.094
9.879
10.106
9.995
10.028
16.148
11.386
9.146
5.892
8.319
8.882
12.884
8.484
8.85
10.152
9.445
17.234
5.766
8.466
8.645
9.943
9.942
10.1
10.034
13.585
12.16
7.098
8.451
9.02
9.628
9.901
10.187
9.871
10.012
10.156
9.785
10.148
9.801
10.5
9.96
9.88
9.941
10.048
10.219
10.044
9.892
9.978
10.086
9.85
9.807
10.147
9.932
14.942
9.715
8.277
8.179
9.098
9.939
9.624
9.944
9.985
9.967
10.058
15.189
9.949
9.792
6.992
8.837
9.567
9.735
9.991
9.942
10.077
10.115
13.913
9.872
10.328
7.893
8.717
9.695
9.598
12.055
9.952
9.128
9.076
9.797
14.844
12.192
5.768
8.43
9.427
9.661
9.501
15.076
6.928
8.374
9.823
9.862
9.776
10.533
13.317
12.589
6.131
8.709
9.422
9.405
10.227
10.217
9.785
10.101
10.063
9.854
9.834
16.952
10.726
6.974
7.366
9.015
9.193
9.937
10.137
9.821
14.453
12.248
6.077
8.616
9.204
9.17
13.059
7.811
9.397
10.281
9.605
10.011
10.385
9.567
17.45
9.921
5.439
8.371
9.116
9.667
14.921
7.301
8.532
9.437
9.898
15.018
8.374
7.583
9.43
9.648
9.829
10.012
9.736
13.847
9.796
8.138
8.916
9.837
9.905
10.01
9.843
15.129
10.134
6.656
8.775
9.499
11.048
9.395
9.649
9.873
9.841
9.997
10.316
10.29
9.62
10.257
9.779
10.121
11.282
8.919
9.443
9.85
10.077
10.088
10.106
9.867
10.115
9.907
9.918
10.172
10.1
15.383
9.062
9.243
8.44
9.977
8.798
9.624
9.358
14.294
10.694
7.564
8.504
10.421
9.122
9.509
15.202
6.436
8.82
9.459
10.001
9.832
10.113
9.991
9.896
10.158
10.055
9.764
15.144
9.552
9.958
8.057
7.981
9.501
10.045
10
10.098
9.858
10.036
10.35
14.217
9.825
8.994
7.393
9.15
11.453
9.729
9.339
9.465
10.121
9.714
14.881
11.659
5.854
8.311
9.646
12.239
8.863
9.999
10.143
8.915
9.821
9.774
9.912
10.221
9.939
9.827
10.162
9.877
9.926
9.978
9.99
13.826
11.039
9.821
6.735
9.032
9.668
10.013
10.075
9.902
10.13
9.856
9.942
9.987
10.051
10.301
10.188
10.051
10.102
9.922
9.98
9.895
10.069
10.073
9.95
10.059
9.862
10.114
9.823
10.117
9.947
10.044
9.853
10.1
10.263
9.687
10.172
9.845
9.937
10.114
10.079
10.021
9.999
9.944
9.951
9.991
10.274
10
9.849
10.123
10.011
9.705
9.95
10.138
9.885
10.113
10.145
10.121
9.913
9.993
10.018
10.032
9.975
9.715
10.344
10.01
9.939
10.029
9.976
10.184
9.621
10.049
9.878
10.133
9.919
9.963
10.044
9.656
10.071
9.962
10.012
13.616
11.437
7.317
8.446
9.289
11.077
9.161
11.105
9.033
9.955
16.864
8.871
6.351
8.387
9.069
10.321
9.681
10.259
9.989
9.675
17.535
8.826
5.931
8.706
9.356
9.338
10.609
9.396
10.624
9.611
10.064
10.217
9.56
10.383
10.016
9.814
14.906
9.729
10.152
6.61
9.095
9.519
9.91
10.323
9.823
9.973
9.908
10.241
9.834
9.739
15.684
8.036
8.483
8.531
9.491
9.979
10.046
14.654
6.666
9.165
9.7
9.877
9.972
9.855
10.101
9.948
9.964
9.873
10.16
10.033
10.104
14.906
9.854
12.136
7.009
7.489
8.604
9.936
9.622
10.182
10.045
14.801
11.735
6.199
8.528
9.427
9.262
10.097
10.192
9.766
9.931
9.974
10.222
10.161
9.76
10.028
10.188
9.805
9.844
10.136
10.052
9.808
10.084
9.988
17.391
10.573
6.456
7.408
8.826
9.429
9.781
17.894
6.179
7.722
9.244
9.247
9.898
10.114
9.814
10.314
9.796
10.224
17.425
9.917
6.712
7.233
9.294
9.558
9.682
9.932
9.97
9.818
10.117
9.714
10.217
10.45
15.236
11.623
7.006
7.45
9.037
9.387
10.086
10.253
9.361
10.016
17.727
10.109
6.676
7.413
9.087
9.82
10.881
9.661
9.261
10.964
10.255
8.684
9.962
15.298
6.231
9.661
9.058
9.318
10.016
16.662
9.897
6.163
8.545
9.438
9.225
10.373
10.486
9.434
9.965
10.304
9.686
10.351
9.973
9.518
10.336
16.195
11.335
5.976
7.74
