unit: [ms]
latency_max
8.008
latency_min
0.473
latency_ave
1.88487
all_latency
4.066
6.15
2.346
1.95
1.942
0.797
0.729
1.193
0.7
1.008
0.731
0.714
1.031
0.724
1.194
0.756
1.039
0.809
0.987
8.008
4.941
2.657
1.641
0.745
0.75
0.916
0.62
0.558
0.682
0.548
0.925
0.951
0.909
0.965
0.965
0.919
6.368
7.733
7.166
3.199
1.874
0.855
3.41
2.07
1.041
1.146
0.65
7.28
3.375
1.966
0.846
0.672
0.638
0.696
0.652
3.685
5.82
3.378
1.905
1.014
0.755
0.659
0.673
0.723
0.708
0.682
0.686
0.666
0.662
1.011
0.95
0.922
0.921
0.94
1.077
1.096
1.06
1.082
1.138
0.915
0.811
0.884
0.907
5.145
4.788
3.456
1.772
1.077
1.038
0.716
0.678
0.661
0.668
0.686
5.141
5.199
4.885
2.286
1.334
0.886
0.738
0.66
0.625
0.693
0.657
4.168
4.019
4.35
2.529
1.411
1.193
0.808
2.685
2.605
1.737
1.053
0.904
5.011
7.216
3.332
1.935
1.437
1.131
0.657
5.12
2.476
1.003
0.865
0.711
0.64
1.087
3.718
6.157
2.776
1.647
1.132
0.642
0.755
1.087
0.683
1.022
0.999
0.669
0.686
7.003
7.671
4.757
2.427
1.617
0.986
0.741
1.016
0.66
4.717
7.001
3.428
2.11
1.354
0.658
3.332
1.27
0.841
1.161
0.736
0.733
1.108
0.737
7.415
7.3
3.218
1.851
0.953
0.664
4.857
2.689
1.296
0.866
0.667
5.144
3.659
1.663
1.117
0.757
0.654
0.675
0.497
3.582
3.516
1.961
0.961
0.854
0.821
0.698
0.709
5.05
5.26
2.467
1.298
0.866
1.699
1.262
0.956
0.947
0.786
0.78
0.843
1.044
0.871
1.13
0.773
0.993
1.991
1.143
0.675
0.584
0.618
0.758
0.744
0.726
0.735
0.732
0.743
0.791
0.86
5.193
4.81
4.188
2.802
2.83
1.793
1.446
0.851
4.598
5.101
2.992
1.698
2.128
1.289
0.967
5.359
2.4
1.249
0.84
0.8
0.7
0.691
0.774
0.703
0.821
0.772
0.767
5.024
4.653
4.849
2.964
1.292
0.847
0.902
0.863
0.918
0.849
0.834
1.123
4.814
4.801
3.789
1.448
0.863
1.964
1.651
1.254
0.812
0.903
0.686
4.89
6.68
2.65
1.305
0.989
2.839
1.941
1.937
1.846
1.08
0.821
0.67
0.706
0.736
0.764
0.707
0.696
0.557
0.611
0.611
0.656
3.885
4.994
4.874
1.81
1.073
0.829
0.756
0.819
0.708
0.788
0.695
0.68
0.664
0.674
0.838
1.106
1.095
1.18
1.157
1.081
1.075
1.086
1.313
1.164
1.121
1.079
1.185
1.052
1.192
1.101
1.075
1.048
1.044
1.275
1.05
1.118
1.066
1.068
1.095
1.125
1.102
1.199
1.142
1.097
1.084
1.315
1.322
1.308
1.331
1.326
1.073
1.055
1.125
1.075
1.084
1.317
1.347
1.332
1.342
1.325
1.401
1.325
1.138
1.395
1.334
1.328
1.414
1.322
1.456
1.12
1.161
1.118
1.173
1.171
1.155
1.16
0.816
0.865
0.872
0.874
3.98
5.135
2.729
1.503
1.009
1.922
1.236
2.114
1.347
1.253
7.452
6.535
3.133
1.762
0.88
1.228
0.774
1.177
1.153
0.732
7.601
6.777
2.786
1.79
1.219
0.659
1.052
0.669
1.194
0.675
0.691
1.09
0.667
1.035
1.032
0.696
5.181
4.909
4.9
1.932
1.229
0.852
0.643
0.954
0.895
0.699
0.68
1.066
0.706
0.646
5.626
3.739
2.192
1.237
0.805
0.761
0.747
4.932
2.001
1.267
1.021
0.749
0.882
0.752
0.768
0.833
0.75
0.745
0.792
0.73
0.804
5.135
5.196
7.029
4.25
2.201
0.803
0.906
0.526
0.525
0.753
4.962
6.687
3.159
1.818
1.374
0.658
0.632
1.005
0.676
0.649
0.653
0.717
1.062
0.66
0.666
1.024
0.681
0.661
0.681
0.734
0.712
0.731
0.728
7.364
7.917
4.56
2.355
1.324
0.782
0.662
7.609
4.172
2.176
1.461
0.755
0.802
0.72
0.677
1.054
0.661
1.02
7.681
7.75
4.486
2.135
1.533
1.212
0.83
0.619
0.604
0.473
0.714
0.492
0.491
1.091
5.61
7.154
4.303
2.237
1.4
0.734
0.945
1.165
0.647
0.651
7.597
7.705
4.517
2.114
1.508
1.332
1.928
1.784
1.026
1.89
2.252
0.979
0.928
5.679
2.401
1.873
1.147
0.659
0.72
6.595
6.621
3.13
1.825
1.343
0.675
0.849
1.224
0.824
0.751
1.151
0.747
1.174
1.137
0.726
1.043
6.561
7.864
4.08
2.071
