unit: [ms]
latency_max
0.145
latency_min
0.014
latency_ave
0.0290929
all_latency
0.145
0.02
0.018
0.06
0.091
0.04
0.046
0.032
0.016
0.049
0.045
0.019
0.021
0.018
0.02
0.019
0.02
0.019
0.02
0.019
0.021
0.021
0.019
0.025
0.019
0.045
0.019
0.02
0.021
0.024
0.02
0.02
0.021
0.019
0.019
0.021
0.025
0.022
0.021
0.024
0.022
0.037
0.026
0.025
0.023
0.063
0.081
0.064
0.028
0.042
0.039
0.033
0.02
0.017
0.018
0.018
0.016
0.018
0.031
0.019
0.018
0.019
0.016
0.019
0.02
0.036
0.024
0.035
0.021
0.021
0.036
0.019
0.019
0.036
0.025
0.02
0.021
0.033
0.021
0.043
0.016
0.025
0.081
0.074
0.071
0.031
0.022
0.019
0.024
0.022
0.015
0.015
0.018
0.018
0.019
0.02
0.02
0.065
0.022
0.022
0.022
0.026
0.021
0.022
0.022
0.036
0.033
0.025
0.03
0.028
0.03
0.054
0.028
0.033
0.04
0.031
0.031
0.022
0.024
0.037
0.021
0.036
0.024
0.026
0.027
0.027
0.028
0.037
0.036
0.028
0.041
0.022
0.061
0.066
0.03
0.03
0.016
0.016
0.042
0.019
0.038
0.015
0.019
0.019
0.018
0.041
0.026
0.019
0.063
0.061
0.074
0.078
0.037
0.027
0.017
0.022
0.016
0.02
0.028
0.019
0.018
0.016
0.018
0.02
0.021
0.032
0.023
0.051
0.023
0.021
0.024
0.02
0.024
0.029
0.022
0.024
0.023
0.025
0.023
0.026
0.032
0.022
0.02
0.021
0.021
0.021
0.023
0.021
0.032
0.019
0.024
0.021
0.025
0.02
0.022
0.02
0.021
0.02
0.019
0.048
0.023
0.03
0.018
0.023
0.024
0.023
0.043
0.032
0.021
0.026
0.023
0.033
0.02
0.023
0.03
0.022
0.021
0.042
0.019
0.021
0.021
0.037
0.021
0.021
0.018
0.022
0.029
0.02
0.02
0.021
0.022
0.024
0.024
0.025
0.021
0.019
0.021
0.019
0.021
0.019
0.026
0.025
0.025
0.049
0.075
0.082
0.047
0.039
0.025
0.023
0.017
0.026
0.022
0.016
0.019
0.019
0.019
0.017
0.03
0.017
0.019
0.019
0.02
0.025
0.015
0.02
0.015
0.019
0.033
0.017
0.019
0.018
0.016
0.033
0.018
0.017
0.02
0.062
0.078
0.057
0.028
0.027
0.017
0.016
0.02
0.015
0.014
0.076
0.081
0.069
0.036
0.025
0.019
0.017
0.017
0.015
0.018
0.032
0.076
0.068
0.061
0.109
0.057
0.074
0.021
0.019
0.018
0.024
0.025
0.018
0.016
0.017
0.018
0.085
0.072
0.048
0.033
0.024
0.018
0.016
0.016
0.071
0.046
0.045
0.021
0.019
0.02
0.065
0.083
0.039
0.021
0.093
0.015
0.02
0.045
0.017
0.016
0.019
0.022
0.025
0.068
0.057
0.063
0.036
0.059
0.054
0.014
0.018
0.016
0.016
0.015
0.015
0.017
0.02
0.017
0.018
0.017
0.019
0.023
0.024
0.025
0.033
0.025
0.033
0.025
0.027
0.025
0.024
0.051
0.087
0.054
0.029
0.021
0.019
0.017
0.015
0.017
0.021
0.016
0.021
0.018
0.018
0.018
0.018
0.025
0.019
0.016
0.016
0.019
0.016
0.024
0.017
0.028
0.021
0.015
0.021
0.016
0.062
0.074
0.104
0.073
0.047
0.029
0.019
0.016
0.016
0.017
0.085
0.062
0.072
0.044
0.026
0.02
0.015
0.018
0.017
0.018
0.075
0.071
0.044
0.027
0.02
0.022
0.02
0.021
0.017
0.018
0.02
0.018
0.02
0.036
0.06
0.08
0.052
0.031
0.025
0.017
0.078
0.031
0.041
0.019
0.018
0.017
0.031
0.02
0.022
0.018
0.017
0.016
0.019
0.02
0.02
0.021
0.022
0.022
0.02
0.019
0.019
0.035
0.03
0.02
0.042
0.022
0.022
0.035
0.022
0.025
0.039
0.02
0.023
0.02
0.036
0.02
0.041
0.021
0.02
0.02
0.034
0.022
0.02
0.02
0.021
0.021
0.056
0.021
0.02
0.02
0.023
0.027
0.02
0.021
0.02
0.021
0.02
0.019
0.021
0.023
0.02
0.02
0.037
0.022
0.022
0.023
0.055
0.019
0.021
0.018
0.02
0.022
0.036
0.022
0.025
0.039
0.036
0.033
0.025
0.021
0.023
0.021
0.021
0.022
0.024
0.02
0.023
0.018
0.029
0.015
0.019
0.019
0.017
0.06
0.071
0.065
0.038
0.025
0.023
0.017
0.019
0.015
0.015
0.088
0.075
0.041
0.04
0.021
0.017
0.015
0.014
0.02
0.014
0.016
0.017
0.016
0.019
0.016
0.018
0.02
0.018
0.034
0.02
