unit: [ms]
latency_max
17.612
latency_min
4.968
latency_ave
9.99342
all_latency
6.593
9.796
14.908
11.924
6.289
7.452
9.521
9.851
12.436
8.914
8.839
10.416
9.473
10.41
9.652
10.164
9.868
10.05
10.093
9.824
10.192
9.912
10.042
9.914
9.871
9.934
10.045
9.897
10.102
10.445
9.614
10.126
10.036
9.883
10.324
10.071
10.042
10.01
9.863
10.112
10.289
9.59
9.817
9.98
15.126
11.466
6.438
7.591
9.596
11.471
8.475
9.545
9.878
9.974
9.997
10.123
10.23
9.883
10.058
9.865
10.13
9.961
10.04
10.26
10.184
10.073
9.695
9.969
9.987
10.049
9.852
9.937
10.139
10.134
9.984
9.824
10.005
9.979
10.195
9.608
10.443
16.632
9.994
6.568
7.38
9.286
9.818
9.873
10.03
9.95
10.056
10.076
10.143
9.979
10.082
9.944
10.294
9.791
10.053
9.975
10.086
9.918
9.914
10.167
9.722
10.1
9.974
10.363
9.994
10.274
10.239
10.413
10.039
9.743
10.249
9.111
9.772
10.034
9.967
9.953
10.268
9.814
10.063
10.205
10.078
10.125
9.791
9.973
10.079
10.036
9.485
13.648
7.227
9.212
9.585
10.15
9.931
10.113
9.728
10.195
9.912
10.025
10.052
10.054
10.121
9.97
9.905
14.512
10.154
10.755
7.272
8.22
9.488
9.618
10.161
9.625
10.152
9.913
10.068
9.925
10.019
10.237
9.936
10.033
10.119
10.229
9.727
9.934
9.994
10.126
9.789
10.247
10.003
9.931
10.126
9.912
9.898
9.92
10.049
10.022
10.012
9.962
10.015
10.097
9.721
9.981
9.88
10.048
9.93
10.336
9.904
10.005
10.054
9.96
10.03
10.089
9.95
10.046
9.995
10.025
9.995
9.8
10.068
10.09
9.968
10.131
10.009
9.852
10.114
10.023
9.64
9.96
10.046
10.101
9.863
10.269
9.984
9.83
10.224
9.912
10.061
9.974
9.975
10.003
10.155
10.101
9.757
9.979
10.054
10.105
10.435
9.413
10.53
9.59
9.967
10.061
9.956
10.15
9.818
10.219
10.038
9.961
9.89
15.645
9.793
6.609
9.512
8.882
9.717
9.52
9.876
10.165
9.847
9.992
10.183
9.856
9.911
9.953
9.985
10.54
9.632
10.045
10.2
9.604
10.178
9.648
10.227
10.237
9.708
10.197
10.183
9.733
10.061
10.007
10.143
10.219
14.931
11.193
6.007
8.605
8.997
9.678
10.071
10.362
9.566
9.908
17.612
10.292
6.447
7.748
8.643
9.41
9.789
10.12
10.125
10.081
9.934
15.008
10.404
9.522
10.174
10.211
6.856
8.555
9.509
9.973
9.952
10.027
9.9
9.943
10.082
10.041
17.447
10.267
5.911
7.782
9.092
9.485
9.8
9.977
17.479
6.12
8.144
8.933
9.587
10.106
16.275
7.414
7.415
8.865
10.244
9.605
9.918
10.083
10.162
9.865
10.2
9.735
10.089
14.64
9.81
9.975
6.709
9.136
9.908
9.292
10.32
9.666
10.303
9.952
10.213
9.95
10.406
9.478
10.105
10.084
10.143
10.216
10.192
9.973
9.815
10.094
10.128
9.845
10.227
9.715
10.054
10.136
16.398
4.968
8.413
9.79
9.632
9.899
9.883
10.154
10.503
9.625
10.121
10.025
10.053
9.822
9.979
10.097
10.332
9.54
10.126
10.31
9.769
10.246
9.655
9.992
10.402
9.396
10.557
9.975
14.512
9.74
10.143
10.116
6.495
9.071
9.607
9.967
9.978
9.953
14.831
9.934
7.641
8.615
9.26
9.741
10.094
9.862
10.171
9.836
15.141
9.744
6.609
9.059
9.63
9.999
10.076
9.984
9.689
10.111
9.935
10.091
9.967
10.29
14.645
11.221
6.434
8.081
9.553
9.793
11.459
9.641
9.275
9.775
9.851
10.064
10.258
9.761
10.224
9.664
10.141
9.98
10.067
9.959
9.837
10.02
9.942
10.083
9.992
10.17
9.989
10.142
10.183
9.789
10.134
9.817
10.013
10.228
9.711
10.16
10.035
9.89
10.035
10.038
9.983
9.916
10.055
9.96
9.943
10.082
9.994
9.972
10.013
10.093
9.905
10.069
10.306
9.721
9.962
9.913
10.104
9.946
10.073
10.085
9.942
10.054
9.755
9.971
10.068
10.09
9.88
10.109
10.133
9.92
10.088
9.856
10.076
9.882
9.775
9.937
9.994
10.058
10.081
10.237
10.01
10.076
9.784
10.069
9.943
10.02
9.953
10.057
9.975
10.121
9.859
10.03
10.013
9.874
9.822
9.904
10.231
9.873
9.966
15.052
9.238
9.403
7.82
8.89
9.741
9.96
10.035
9.961
9.871
15.381
9.595
7.029
8.861
9.334
9.803
10.015
10.048
9.951
10.081
9.869
10.117
9.893
10.071
10.179
9.941
9.986
10.055
10.128
9.981
