unit: [ms]
latency_max
7.923
latency_min
0.506
latency_ave
1.40534
all_latency
4.204
0.906
0.654
5.001
6.807
3.462
1.246
0.837
0.639
2.807
1.987
0.842
1.318
0.857
1.251
0.861
0.867
0.854
0.841
0.872
0.845
0.91
0.855
0.935
0.834
0.751
0.633
0.654
0.677
0.744
1.143
0.861
0.853
0.866
0.85
1.2
1.228
1.297
1.27
1.17
1.278
1.355
1.149
1.008
0.97
5.432
6.953
3.624
1.485
1.11
2.408
0.999
0.673
0.581
0.577
0.594
0.725
0.774
0.824
0.745
0.749
0.726
0.727
0.843
1.154
1.235
1.33
0.971
0.978
0.907
0.989
0.928
0.918
0.926
0.977
0.962
0.914
0.906
0.906
1.05
0.642
1.136
7.246
7.134
3.938
1.642
1.012
0.801
0.72
0.649
0.633
0.639
0.834
0.922
0.92
1.067
1.046
1.148
1.023
0.997
1.066
1.082
1.062
1.064
1.162
0.846
0.888
0.959
1.271
1.168
1.496
1.725
2.122
2.157
1.898
2.214
1.427
1.167
1.174
1.125
1.188
1.29
1.173
1.19
1.4
1.436
1.541
1.419
1.421
1.425
1.452
0.895
4.193
1.661
1.061
0.71
0.728
0.71
0.867
0.697
0.891
0.671
0.828
0.844
0.821
0.977
0.983
0.927
4.821
4.94
5.56
2.927
1.641
1.156
0.817
0.895
0.739
0.752
0.795
0.842
0.779
0.762
0.88
0.985
0.937
0.961
1.179
0.988
0.958
0.966
1.068
0.975
1.114
1.083
1.071
1.058
0.952
1.034
0.953
0.955
1.01
0.933
0.968
0.987
1.016
0.82
0.783
0.737
0.776
0.751
0.954
0.943
0.949
1.051
0.935
0.936
1.021
0.968
0.971
0.986
1.018
1.016
0.961
1.018
0.993
1.037
1.087
1.063
0.993
0.988
1.009
0.731
0.716
0.687
0.755
0.74
0.926
0.95
0.906
0.907
0.983
0.989
0.976
0.956
0.936
1.141
1.216
0.91
0.937
0.915
1.016
1.554
0.916
1.453
1.078
1.154
1.179
1.153
1.199
1.139
1.225
1.256
1.174
1.096
6.264
6.052
2.98
2.492
1.535
1.276
0.718
0.643
0.916
0.647
0.762
0.962
0.66
0.636
0.651
0.645
1.2
0.703
0.72
1.051
0.699
0.869
0.528
0.561
0.891
0.538
0.723
1.09
0.702
0.797
0.74
0.825
1.196
5.475
6.856
3.13
1.886
0.916
0.648
0.695
1.052
0.647
0.633
7.312
7.749
4.282
2.313
1.089
0.605
0.526
0.574
0.564
0.709
0.792
5.133
5.384
5.105
4.996
5.473
2.597
1.431
0.954
0.795
0.779
0.815
0.819
0.8
0.786
0.788
7.504
7.923
4.253
2.156
1.343
0.904
0.701
0.681
7.267
3.954
2.209
1.308
0.8
1.045
6.625
4.219
1.951
0.919
1.105
0.735
0.697
0.737
0.917
0.723
1.113
0.686
0.754
4.987
4.79
4.938
1.727
1.056
1.005
0.506
0.783
0.506
0.533
0.677
0.695
0.7
1.206
0.694
0.712
0.786
0.875
1.187
1.215
1.276
1.152
1.202
1.277
1.16
1.325
1.168
1.176
1.297
7.035
2.441
1.001
0.836
0.637
0.571
0.508
0.655
1.096
0.646
0.849
0.739
0.709
0.702
0.747
0.801
1.144
0.678
0.667
1.032
0.711
1.094
0.683
0.68
1.17
0.672
1.107
0.913
5.024
4.789
4.968
5.011
1.77
1.078
0.836
0.657
0.638
0.69
4.771
4.877
2.687
1.495
0.912
0.7
0.666
0.658
0.697
0.66
4.987
4.959
1.849
1.147
0.848
0.841
0.795
0.797
0.633
0.61
0.656
0.63
0.608
0.897
4.959
6.135
2.776
1.296
0.954
0.681
1.879
1.669
1.032
0.831
0.749
0.718
0.843
0.748
0.845
0.765
0.746
0.769
0.87
0.847
0.648
0.612
0.621
0.694
0.712
0.893
0.916
1.014
1.082
0.917
1.043
0.91
0.929
1.106
0.95
0.954
0.968
0.902
0.913
1.023
0.906
0.901
0.902
0.946
0.905
0.966
0.942
1.007
0.983
1.067
1.02
0.964
1.152
1.002
0.981
0.959
1.109
1.058
1.019
1.018
0.99
1.07
0.992
0.969
0.996
0.981
0.979
0.966
1.114
0.998
1.085
1.005
1.065
1.026
0.795
0.802
0.76
0.85
0.789
1.064
0.986
1.058
0.919
0.945
0.941
0.985
0.909
0.99
0.974
0.965
0.95
0.993
0.996
0.958
0.677
0.663
0.731
0.711
0.716
5.115
4.293
3.804
1.918
1.024
0.715
0.706
0.841
0.706
0.721
5.416
5.003
2.377
1.366
0.86
0.706
0.654
0.657
0.768
0.677
0.7
0.676
0.668
0.735
0.748
0.839
0.796
0.784
0.981
0.902
