unit: [ms]
latency_max
7.91
latency_min
0.505
latency_ave
1.72255
all_latency
3.549
0.808
0.846
0.737
0.727
0.799
4.928
5.383
2.778
1.324
0.855
2.635
1.323
1.373
1.322
1.333
1.108
1.213
1.097
1.113
1.011
1.048
1.109
5.201
5.069
1.492
0.923
0.713
0.51
0.531
0.775
0.657
0.834
0.861
0.722
0.716
6.104
5.045
2.259
1.36
0.878
0.681
0.655
0.665
5.862
5.059
2.206
1.307
1.055
0.863
0.707
0.534
0.542
0.826
0.602
0.542
0.768
0.78
0.779
0.815
0.772
0.775
0.962
0.919
1.12
1.166
1.229
1.179
1.314
1.457
1.184
1.137
1.144
1.158
1.251
1.368
1.198
1.176
1.231
1.185
1.107
6.445
3.105
1.711
1.085
0.796
0.69
5.09
2.982
1.641
1.103
0.797
0.733
1.083
0.808
7.421
7.018
4.125
1.927
1.212
3.084
1.439
0.962
0.761
0.848
0.51
0.505
0.624
0.534
0.521
0.701
0.674
0.756
0.737
7.203
4.891
3.111
2.203
1.069
0.79
0.699
0.948
0.739
0.735
0.878
0.753
0.762
5.081
5.14
2.263
1.38
0.724
0.595
0.583
0.682
0.585
1.025
0.741
0.793
0.759
0.788
0.769
0.791
0.936
0.949
5.01
4.833
2.506
1.362
1.049
0.75
0.81
0.731
0.725
0.707
0.655
0.892
0.651
0.758
0.801
0.892
5.323
4.792
2.554
1.3
0.885
0.92
0.824
0.86
0.869
0.866
0.674
6.19
6.414
2.953
1.66
1.054
0.967
1.006
0.918
0.746
0.742
4.92
5.083
2.526
1.011
0.676
0.677
0.92
0.892
0.924
0.927
0.849
6.723
4.921
4.73
1.651
1.246
1.137
0.666
1.094
0.697
0.691
0.692
5.491
4.96
4.907
2.669
1.349
0.908
0.913
0.652
0.649
0.661
0.652
0.647
0.849
0.862
0.973
5.654
4.819
4.768
1.703
1.047
0.739
0.651
0.835
0.718
5.096
5.241
4.629
1.888
1.027
0.745
1.651
1.056
0.774
0.768
0.796
0.803
0.754
0.878
0.752
0.787
0.768
0.787
0.792
0.905
0.936
0.973
1.094
0.951
0.985
1.012
1.003
1.096
1.089
4.961
6.621
5.394
2.077
1.332
0.865
0.668
0.709
0.571
0.561
0.555
0.573
0.642
0.719
0.72
0.714
0.734
0.809
0.78
0.701
0.711
0.873
5.654
4.158
1.76
1.098
0.971
3.254
3.17
2.289
1.397
3.157
1.64
1.081
0.882
0.906
0.975
0.943
0.953
1.144
1.409
1.194
1.115
1.1
1.104
1.166
5.248
4.664
2.333
1.264
1.102
4.698
1.809
1.369
0.952
0.853
0.83
0.772
0.834
0.83
0.865
6.6
7.488
5.616
1.768
1.204
0.814
0.837
0.676
0.739
0.673
0.713
0.742
0.892
1.273
1.449
1.432
1.392
1.53
1.358
1.396
0.983
0.787
0.777
0.812
0.83
1.036
0.936
0.693
0.718
0.733
0.661
0.82
4.913
4.916
5.026
2.056
1.192
0.871
0.815
0.738
5.097
5.374
2.795
1.454
0.963
0.795
0.675
0.793
0.934
0.66
0.9
0.733
7.29
5.659
2.732
1.627
0.727
0.671
0.753
0.763
0.833
0.793
5.233
5.211
1.886
1.132
2.648
1.844
1.185
0.835
0.792
0.82
4.855
6.36
2.924
1.715
1.211
0.682
0.64
0.771
0.635
1.001
0.65
0.672
0.918
0.736
7.594
6.959
3.032
1.825
0.861
1.416
0.684
0.673
1.137
0.68
7.642
4.886
2.367
1.461
0.782
0.686
1.114
0.759
0.654
1.09
0.665
0.983
4.842
6.168
3.418
1.708
1.376
0.985
0.714
1.225
0.76
0.828
1.182
0.991
0.897
0.812
0.715
1.149
0.696
0.8
1.247
0.697
1.158
7.712
7.91
4.562
2.282
1.236
0.985
0.664
0.541
0.741
0.659
1.086
0.65
4.842
7.539
4.535
2.382
1.678
0.771
0.895
0.64
7.269
3.384
1.926
1.502
0.998
0.647
1
6.421
7.199
3.406
2.101
1.513
1.044
0.683
0.713
0.68
0.667
1.122
0.673
0.668
0.71
0.791
0.96
0.913
0.976
0.888
0.949
0.904
0.934
1.091
1.014
1.214
1.409
1.531
0.988
1.123
1.473
1.121
0.846
1.069
1.083
1.023
1.081
1.376
1.143
1.121
1.134
1.081
0.928
0.866
0.924
1.002
0.892
0.894
0.993
0.851
1.099
0.85
0.944
1.074
0.69
0.819
0.772
0.809
0.724
5.029
4.967
3.152
1.321
1.374
2.957
1.273
0.984
0.736
0.687
0.681
0.761
0.716
0.871
0.705
0.701
0.885
0.787
0.742
0.732
0.719
0.807
0.84
0.802
0.733
4.9
5.016
7.359
