unit: [ms]
latency_max
0.115
latency_min
0.014
latency_ave
0.03285
all_latency
0.106
0.042
0.033
0.018
0.015
0.022
0.058
0.083
0.048
0.027
0.018
0.052
0.024
0.033
0.028
0.025
0.024
0.037
0.021
0.023
0.025
0.024
0.023
0.088
0.081
0.052
0.025
0.02
0.015
0.018
0.028
0.017
0.018
0.021
0.02
0.019
0.071
0.062
0.038
0.031
0.018
0.014
0.015
0.015
0.061
0.065
0.046
0.04
0.025
0.015
0.018
0.016
0.016
0.062
0.016
0.016
0.038
0.017
0.017
0.021
0.018
0.018
0.028
0.023
0.022
0.023
0.025
0.022
0.035
0.027
0.036
0.029
0.029
0.031
0.037
0.039
0.03
0.027
0.022
0.023
0.022
0.077
0.071
0.037
0.026
0.019
0.019
0.093
0.069
0.036
0.021
0.022
0.015
0.042
0.02
0.087
0.078
0.079
0.037
0.025
0.045
0.067
0.017
0.017
0.018
0.015
0.015
0.028
0.017
0.016
0.016
0.015
0.042
0.016
0.086
0.073
0.058
0.036
0.02
0.017
0.016
0.017
0.016
0.016
0.019
0.016
0.015
0.075
0.058
0.077
0.047
0.018
0.019
0.016
0.02
0.017
0.056
0.016
0.019
0.018
0.018
0.016
0.017
0.018
0.019
0.059
0.071
0.057
0.025
0.023
0.016
0.014
0.016
0.015
0.025
0.017
0.017
0.014
0.022
0.02
0.024
0.091
0.075
0.047
0.037
0.025
0.017
0.015
0.021
0.019
0.018
0.017
0.073
0.087
0.044
0.028
0.019
0.024
0.018
0.024
0.016
0.016
0.063
0.071
0.047
0.025
0.018
0.022
0.026
0.062
0.019
0.022
0.017
0.061
0.068
0.062
0.03
0.049
0.02
0.015
0.044
0.017
0.015
0.015
0.073
0.06
0.082
0.048
0.028
0.019
0.021
0.02
0.019
0.019
0.018
0.018
0.018
0.018
0.021
0.06
0.058
0.076
0.037
0.027
0.016
0.014
0.016
0.021
0.074
0.078
0.061
0.056
0.022
0.018
0.035
0.023
0.021
0.016
0.02
0.016
0.018
0.031
0.017
0.017
0.017
0.017
0.016
0.017
0.023
0.02
0.04
0.02
0.02
0.019
0.019
0.027
0.037
0.076
0.115
0.064
0.052
0.025
0.019
0.016
0.015
0.016
0.019
0.016
0.017
0.017
0.015
0.015
0.014
0.017
0.033
0.017
0.015
0.015
0.046
0.07
0.063
0.037
0.026
0.024
0.048
0.041
0.076
0.023
0.041
0.033
0.021
0.024
0.026
0.023
0.026
0.025
0.023
0.025
0.021
0.022
0.022
0.019
0.026
0.079
0.063
0.044
0.024
0.031
0.075
0.079
0.032
0.021
0.023
0.017
0.048
0.017
0.019
0.02
0.061
0.088
0.068
0.045
0.027
0.017
0.045
0.017
0.032
0.015
0.015
0.015
0.019
0.028
0.03
0.027
0.046
0.025
0.026
0.035
0.023
0.018
0.018
0.018
0.019
0.019
0.02
0.018
0.018
0.019
0.024
0.024
0.092
0.08
0.075
0.057
0.031
0.023
0.046
0.02
0.075
0.086
0.081
0.036
0.021
0.019
0.015
0.023
0.016
0.017
0.018
0.02
0.087
0.079
0.084
0.041
0.022
0.019
0.018
0.017
0.035
0.018
0.062
0.082
0.051
0.026
0.039
0.04
0.027
0.019
0.02
0.017
0.06
0.086
0.044
0.032
0.023
0.015
0.016
0.016
0.015
0.02
0.019
0.016
0.02
0.016
0.086
0.078
0.043
0.028
0.019
0.052
0.015
0.016
0.018
0.014
0.079
0.089
0.034
0.024
0.018
0.017
0.019
0.017
0.016
0.016
0.014
0.061
0.082
0.085
0.054
0.03
0.032
0.014
0.044
0.081
0.016
0.017
0.019
0.047
0.017
0.016
0.017
0.041
0.016
0.017
0.021
0.017
0.028
0.092
0.08
0.074
0.034
0.024
0.022
0.017
0.015
0.015
0.016
0.023
0.015
0.066
0.086
0.075
0.037
0.026
0.018
0.019
0.016
0.075
0.058
0.03
0.023
0.017
0.016
0.026
0.062
0.091
0.047
0.033
0.023
0.022
0.017
0.02
0.015
0.015
0.018
0.015
0.017
0.015
0.019
0.019
0.019
0.022
0.02
0.02
0.019
0.02
0.05
0.02
0.032
0.022
0.024
0.021
0.018
0.062
0.02
0.031
0.026
0.023
0.022
0.024
0.022
0.02
0.022
0.044
0.074
0.031
0.021
0.024
0.022
0.019
0.018
0.023
0.019
0.024
0.02
0.018
0.019
0.015
0.025
0.028
0.019
0.04
0.075
0.085
0.097
0.037
0.069
0.043
0.03
0.039
0.019
0.018
0.019
0.019
0.021
0.035
0.029
0.019
0.019
0.018
0.019
0.02
0.018
0.02
0.02
0.022
0.019
0.073
0.091
0.08
