unit: [ms]
latency_max
17.656
latency_min
5.704
latency_ave
10.0077
all_latency
6.997
10.096
9.758
9.927
10.223
14.654
10.542
7.044
8.333
9.422
12.122
8.466
10.068
9.904
10.082
9.817
9.924
10.049
10.04
9.717
10.037
10.106
14.759
9.717
6.112
9.385
9.59
9.719
10.012
10.322
9.87
10.323
9.911
9.842
9.98
15.951
8.93
6.945
8.93
9.354
9.803
10.144
9.874
15.645
9.354
6.92
8.876
9.695
9.658
10.007
9.717
10.004
10.488
9.711
9.944
10.138
9.971
10.01
10.156
9.816
10.041
10.157
10.012
10.22
10.04
10.235
9.817
10.178
10.048
9.787
9.903
10.07
9.96
10.179
9.967
9.921
10.061
9.922
9.978
9.912
15.973
6.558
8.155
9.328
9.764
9.719
15.194
7.651
8.306
9.352
9.696
9.832
10.424
9.687
17.414
9.436
7.166
7.355
9.132
12.048
8.442
9.152
9.905
9.978
9.592
10.077
10.149
9.893
10.083
10.212
9.845
10.336
9.731
17.194
7.575
8.049
8.785
8.784
9.817
9.889
10.283
9.801
9.823
10.16
10.029
9.883
14.897
9.997
6.754
9.13
9.148
9.806
9.953
10.284
9.751
10.65
9.482
10.106
10.01
10.034
9.974
10.113
10.076
9.986
14.655
9.766
7.391
8.714
9.735
9.526
10.072
10.021
9.92
9.979
9.922
10.196
9.701
10.192
10.056
10.129
15.109
9.341
7.492
8.553
9.551
9.949
9.977
9.882
10.13
10.08
9.705
16.154
10.308
6.08
8.526
9.314
9.935
10.034
9.906
9.754
10.027
14.769
10.072
7.239
8.216
9.628
9.997
10.322
10.223
9.751
10.025
9.798
16.611
8.06
9.788
6.477
9.679
9.738
9.638
10.381
9.468
10.001
10.04
15.516
9.345
10.205
7.356
8.39
9.614
9.885
9.734
10.06
9.93
10.06
9.957
10.168
10.105
10.04
15.268
9.13
9.895
6.603
9.216
9.599
9.908
10.194
9.86
15.034
10.201
9.161
7.065
8.897
9.672
11.132
9.272
9.614
10.04
10.187
10.021
9.771
10.184
9.824
10.057
10.082
9.893
9.991
10.198
9.969
10.138
10.11
9.79
10.052
9.987
9.937
10.223
10.041
14.436
11.573
8.845
6.315
9.054
9.536
9.721
9.918
10.048
9.826
10.12
9.921
10.131
10.103
9.9
9.996
10.052
10.163
9.992
9.764
10.085
10.392
15.123
8.386
7.313
9.251
9.791
12.684
9.759
9.354
8.745
11.977
8.306
9.341
9.8
9.994
10.083
10.073
9.966
10.171
10.426
9.665
9.918
9.938
9.934
10.06
14.789
9.073
7.551
8.687
9.897
14.068
7.054
9.194
9.573
9.958
9.955
9.898
9.906
10.074
9.996
16.419
10.833
8.039
5.861
9.31
9.53
10.284
9.573
10.07
10.048
9.921
10.125
10.085
10.392
10.261
9.919
10.056
10.048
9.827
10.127
9.48
9.858
10.006
9.857
10.108
10.229
9.925
9.682
10.019
10.107
9.855
10.213
14.838
9.693
10.174
6.73
8.926
9.756
9.85
9.877
14.988
10.25
7.47
8.121
9.411
9.835
9.869
10.145
10.037
9.798
10.181
9.865
17.35
8.263
6.969
8.594
8.952
9.867
10.035
10.156
9.984
10.032
14.939
9.915
6.391
9.054
11.754
9.103
9.196
9.688
9.921
9.978
14.586
11.616
6.1
8.785
9.335
9.553
9.933
10.126
9.71
10.446
9.715
9.949
10.25
9.808
17.594
9.267
5.704
8.562
9.018
10.636
9.336
9.788
10.45
9.679
17.656
6.961
7.218
8.892
9.296
9.845
10.449
9.76
9.869
10.406
9.538
10.4
14.61
11.245
6.783
8.137
9.598
9.508
9.73
10.717
9.387
10.052
10.349
9.813
9.927
10.013
9.922
10.373
9.582
10.023
10.442
9.57
10.373
17.427
10.018
6.437
7.329
8.87
9.726
9.663
9.993
10.262
9.711
10.458
9.527
14.774
12.916
6.82
7.492
9.131
9.143
9.978
9.769
17.024
6.01
8.344
9.51
9.471
9.745
10.228
16.145
10.666
5.886
8.552
9.342
9.501
9.751
9.911
9.919
9.957
10.458
9.548
10.029
9.977
10.27
10.088
10.053
9.98
9.91
10.064
9.952
10.13
10.265
9.725
10.292
10.047
10.198
9.447
10.164
10.52
9.504
9.679
10.205
10.028
9.92
10.141
10.254
9.738
10
9.923
10.2
9.668
9.891
10.167
9.946
9.927
9.96
10.159
9.794
10.324
9.704
10.181
10.055
9.656
10.118
9.936
10.16
9.891
14.741
10.071
7.978
7.842
10.075
11.709
8.122
9.718
9.807
9.73
10.024
10.084
10.099
10.077
9.953
9.818
10.292
9.88
9.884
9.999
10.087
9.893
10.294
9.917
9.758
14.734
10.242
12.374
