unit: [ms]
latency_max
7.494
latency_min
0.498
latency_ave
1.74157
all_latency
4.403
0.87
0.864
1.001
0.871
4.935
5.62
5.2
2.458
1.504
1.144
1.207
0.839
0.853
0.836
5.975
5.839
2.558
1.435
1.164
0.865
0.902
0.864
0.845
0.813
0.716
4.176
5.232
5.694
2.853
1.435
1.033
0.758
0.83
0.826
0.837
0.887
0.854
0.931
0.862
0.877
1.018
0.82
0.933
1.165
1.054
1.142
6.258
6.232
3.433
1.56
0.861
2.897
1.392
0.712
0.63
0.902
0.933
0.789
6.373
3.219
1.631
1.325
1.084
1.076
4.387
2.328
1.623
1.612
1.573
4.917
2.737
1.904
1.771
1.75
1.794
1.352
1.117
0.708
0.731
7.494
3.409
1.75
3.713
2.278
1.047
0.74
0.732
0.742
7.06
6.085
3.742
2.539
2.625
2.587
1.365
0.881
2.547
1.368
0.878
0.671
0.652
0.781
0.673
5.492
3.601
3.06
2.147
1.051
0.69
0.913
0.965
0.867
0.951
5.511
7.004
4.876
1.709
1.033
0.776
0.648
0.921
5.268
4.873
3.599
1.814
1.58
0.75
0.954
0.745
5.009
4.352
2.107
1.046
0.647
0.594
1.024
1.134
0.736
6.479
3.718
1.82
1.078
0.741
0.66
0.679
5.302
4.873
3.661
1.753
1.075
1.037
0.774
0.707
0.683
0.676
0.893
0.683
0.65
5.972
4.745
6.62
2.556
2.03
0.904
0.654
1.063
0.673
0.977
1.006
6.866
4.904
4.766
2.592
1.249
0.887
0.7
0.819
0.674
0.843
6.382
4.92
4.952
2.537
1.288
0.675
0.527
0.513
3.889
3.108
1.936
1.135
0.825
0.721
0.697
1.05
5.236
4.611
2.477
1.382
0.848
1.839
1.016
0.858
0.854
0.848
0.973
0.875
0.841
1.139
1.07
0.962
0.865
0.845
0.99
1.004
1.231
1.228
1.191
1.075
1.059
1.257
1.158
1.027
0.992
1.085
0.638
0.906
0.7
0.706
0.798
0.891
1.292
0.958
0.847
1.072
0.896
0.929
0.953
0.93
0.919
0.95
0.851
0.96
0.964
4.975
4.837
4.696
2.047
1.361
0.957
0.825
0.892
0.803
0.66
0.655
0.684
6.954
6.96
3.242
1.734
1.269
1.326
5.012
2.295
1.035
2.587
1.316
0.856
0.732
0.863
0.991
0.983
0.906
0.88
0.864
1.26
0.885
0.882
0.916
0.844
1.256
4.989
5.72
4.203
1.844
1.102
0.791
0.75
0.674
0.802
0.688
0.596
3.862
3.891
3.645
2.869
1.357
0.896
0.942
5.12
5.168
1.774
1.066
0.769
0.702
0.954
0.794
0.797
0.822
6.368
4.69
1.723
1.044
0.757
2.584
1.38
0.938
0.694
0.715
0.711
0.782
0.748
0.745
0.746
0.778
0.905
0.75
0.765
0.857
0.932
6.365
5.11
2.709
1.265
0.916
0.744
0.697
0.692
4.998
5.338
2.52
1.37
0.875
0.64
0.503
0.61
0.581
0.498
3.948
2.524
1.45
0.971
0.983
0.933
1.32
0.971
0.959
5.445
4.973
2.321
1.351
0.88
0.791
0.652
0.724
0.693
0.82
0.692
0.786
0.682
0.625
0.6
0.648
0.761
0.722
0.913
0.944
0.72
0.773
0.759
0.695
4.985
5.239
3.206
1.666
1.107
0.84
0.711
0.747
0.743
0.736
0.707
5.146
4.702
2.883
1.682
1.222
0.85
0.694
0.724
0.758
0.739
0.756
0.696
0.709
0.888
0.744
0.809
0.802
0.748
5.275
4.729
3.022
1.632
1.086
0.877
0.745
0.711
5.071
3.18
1.713
1.245
0.802
0.708
2.22
1.901
1.317
0.799
0.786
0.849
0.937
0.853
0.867
0.886
0.721
0.641
0.763
0.628
0.697
0.758
0.762
0.762
0.908
0.858
0.98
0.981
0.974
0.993
1.066
4.88
5.77
4.167
1.72
1.028
0.665
0.666
1.859
1.504
1.263
0.74
0.784
0.765
0.771
0.85
0.738
0.745
7.111
7.031
3.177
1.608
1.428
1.014
1.485
1.56
1.362
1.229
1.041
1.052
1.076
1.095
1.118
1.091
1.171
1.019
1.069
4.919
4.893
2.078
1.599
0.888
0.706
0.644
1.065
0.711
1.031
0.658
0.717
0.675
0.722
0.647
0.784
0.721
0.907
1.208
1.026
1.107
1.154
0.854
0.876
1.171
1.153
0.972
1.301
4.754
2.496
1.29
0.892
0.702
0.696
0.673
0.7
5.134
4.112
1.792
1.067
0.721
0.656
0.636
0.72
0.693
0.511
0.623
0.866
0.809
0.889
0.997
1.084
1.118
0.946
1.031
1.045
1.02
1.025
1.012
1.095
1.059
1.044
0.991
1.686
0.997
1.64
1.671
0.995
1.055
1.532
1.003
1.077
1.113
1.123
