unit: [ms]
latency_max
17.331
latency_min
5.528
latency_ave
9.99383
all_latency
6.238
10.009
10.24
9.769
14.76
10.963
9.392
6.767
8.75
9.624
10.236
9.558
9.925
10.047
15.775
9.573
6.51
8.67
9.999
9.367
10.064
10.033
10.065
9.786
9.924
14.076
11.22
10.514
6.998
8.276
9.217
9.877
9.927
10.036
9.883
10.151
9.951
10.172
9.855
9.987
10.224
9.68
10.265
10.288
9.742
10.178
15.758
9.843
6.83
7.902
9.284
12.385
8.277
9.25
9.891
10.383
9.941
9.816
16.376
6.326
8.218
9.708
9.801
9.94
13.862
7.529
9.142
10.021
9.959
13.819
7.515
9.125
9.84
10.011
9.998
9.459
9.737
9.518
10.045
17.331
5.595
8.179
12.272
8.353
8.546
9.829
10.059
9.858
17.076
8.907
7.618
8.46
10.181
9.862
8.657
9.374
11.896
8.684
9.412
9.725
9.937
10.249
10.017
15.346
8.243
9.126
8.98
8.652
9.53
10.273
10.001
9.941
10.09
15.152
11.558
7.827
6.219
9.341
9.656
9.914
10.269
15.031
9.504
8.813
7.77
9.717
9.082
10.248
9.634
14.867
9.335
7.478
8.718
9.54
10.063
10.275
10.172
9.55
16.603
6.793
7.914
9.156
9.598
9.912
9.98
15.332
9.579
8.751
7.688
9.063
9.91
9.731
9.904
9.972
9.975
10.232
9.981
9.824
16.192
8.541
12.005
5.528
9.198
8.789
9.883
10.27
9.573
10.395
10.057
16.531
7.942
9.841
7.523
8.446
9.574
9.794
10.134
9.851
10.154
16.098
8.641
10.017
7.241
8.539
9.321
9.83
9.961
13.879
9.402
8.405
9.067
9.726
9.759
9.925
10.695
14.494
9.33
7.497
8.973
9.18
11.173
9.154
9.772
9.93
10.092
10.095
9.775
10.115
10.171
9.95
10.017
9.735
9.987
10.142
10.089
10.163
10.081
9.879
10.27
9.702
10.256
9.94
9.848
9.839
10.146
9.435
10.45
9.802
9.937
10.06
10.109
10.398
9.692
9.847
10.332
9.755
10.01
9.915
9.995
10.008
10.017
9.825
10.268
10.018
14.571
9.865
10.057
6.639
9.253
9.691
9.716
10.087
10.039
9.724
10.117
9.905
17.208
9.782
5.908
8.265
9.468
10.059
14.241
6.86
8.631
11.808
8.5
9.488
9.867
10.041
10.172
10.088
9.826
10.011
9.938
10.474
9.64
9.967
9.996
9.83
10.567
14.343
10.644
8.498
7.152
9.196
9.751
9.774
9.961
10.226
10.1
9.633
13.932
9.978
9.916
8.959
8.07
9.581
9.995
14.695
10.026
6.214
9.102
9.703
10.014
10.376
9.583
9.971
10.121
16.247
8.234
6.535
9.243
9.733
12.164
8.568
9.446
9.722
10.06
10.085
9.972
10.088
9.891
9.924
10.035
10.083
9.801
10.074
10.076
10.203
16.114
8.579
7.299
8.305
9.714
9.791
9.834
10.154
15.006
10.034
7.019
8.694
9.353
9.682
9.962
10.07
9.913
10.095
14.462
7.695
8.848
9.384
10.134
9.823
10.429
9.723
9.849
15.253
9.487
6.8
8.963
9.51
9.826
9.783
10.233
9.85
10.226
9.788
10.059
9.952
10.03
9.901
10.141
10.074
9.939
10.227
10.132
9.744
9.93
9.885
9.949
14.961
10.305
8.006
7.867
9.435
9.645
9.912
10.006
9.972
10.047
9.813
15.321
9.393
8.12
8.421
9.435
9.591
9.825
10.159
9.906
10.075
9.939
9.797
10.267
10.066
9.934
9.963
9.929
9.906
15.319
9.35
8.376
8.101
9.313
9.821
9.914
9.841
15.066
7.846
8.137
9.589
9.563
9.707
12.002
9.719
9.079
9.51
9.977
9.962
10.291
9.843
10.04
9.912
9.781
10.01
10.317
9.557
10.124
10.037
10.14
9.909
10.143
9.938
10.135
10.008
9.916
10.039
10.152
14.477
10.978
8.211
7.23
9.067
9.65
9.908
11.353
9.525
9.725
9.549
9.968
9.992
10.096
10.045
9.933
9.89
17.241
9.78
5.971
7.998
9.779
9.452
10.584
10.163
9.717
9.92
9.715
10.085
9.982
10.029
10.011
9.943
9.973
9.962
10.12
14.352
9.953
6.754
9.514
9.064
9.896
10.096
10.515
9.401
10.538
9.378
10.228
9.89
10.003
9.868
10.122
9.883
10.22
10.43
9.946
10.021
10.088
9.659
9.926
10.369
9.944
9.775
10.357
14.085
7.39
8.556
9.54
9.931
9.884
9.926
9.986
15.075
8.922
7.344
9.12
9.686
9.84
9.969
10.169
10.086
9.631
10.267
10.2
9.897
10.138
10.01
10.113
9.917
9.876
10.258
9.901
10.002
10.073
9.869
10.163
9.991
10.034
9.727
10.818
9.242
10.81
9.879
9.42
10.045
10.582
9.323
10.069
10.142
9.933
