unit: [ms]
latency_max
0.201
latency_min
0.013
latency_ave
0.0352179
all_latency
0.123
0.041
0.021
0.031
0.021
0.13
0.071
0.062
0.043
0.025
0.024
0.043
0.048
0.016
0.045
0.113
0.066
0.042
0.06
0.13
0.016
0.015
0.017
0.015
0.015
0.017
0.057
0.131
0.079
0.128
0.062
0.019
0.018
0.016
0.031
0.014
0.016
0.016
0.028
0.018
0.017
0.026
0.014
0.017
0.018
0.018
0.043
0.066
0.069
0.035
0.023
0.022
0.053
0.031
0.023
0.02
0.051
0.024
0.02
0.116
0.055
0.028
0.038
0.022
0.033
0.14
0.032
0.043
0.028
0.031
0.077
0.047
0.041
0.039
0.04
0.037
0.029
0.022
0.016
0.019
0.085
0.046
0.024
0.065
0.037
0.023
0.018
0.017
0.016
0.063
0.069
0.113
0.048
0.046
0.042
0.025
0.018
0.052
0.036
0.02
0.013
0.014
0.017
0.019
0.077
0.068
0.06
0.049
0.029
0.023
0.022
0.021
0.02
0.022
0.06
0.123
0.074
0.031
0.022
0.023
0.016
0.018
0.082
0.068
0.077
0.039
0.035
0.017
0.034
0.019
0.074
0.067
0.045
0.032
0.023
0.021
0.021
0.028
0.025
0.077
0.082
0.032
0.027
0.02
0.021
0.018
0.079
0.125
0.087
0.039
0.02
0.023
0.018
0.016
0.018
0.017
0.014
0.015
0.016
0.073
0.071
0.116
0.05
0.03
0.03
0.015
0.021
0.015
0.023
0.025
0.075
0.121
0.061
0.04
0.025
0.02
0.016
0.03
0.016
0.017
0.058
0.131
0.065
0.041
0.025
0.018
0.017
0.015
0.062
0.088
0.04
0.027
0.022
0.017
0.015
0.018
0.079
0.096
0.033
0.024
0.018
0.031
0.021
0.018
0.021
0.017
0.02
0.018
0.018
0.02
0.02
0.02
0.016
0.018
0.023
0.019
0.02
0.023
0.019
0.088
0.023
0.026
0.052
0.023
0.026
0.036
0.019
0.046
0.023
0.021
0.021
0.024
0.033
0.048
0.022
0.038
0.024
0.023
0.018
0.019
0.017
0.019
0.019
0.018
0.021
0.079
0.061
0.093
0.037
0.024
0.016
0.016
0.018
0.015
0.015
0.015
0.017
0.201
0.077
0.04
0.026
0.021
0.022
0.073
0.034
0.022
0.052
0.026
0.03
0.02
0.019
0.03
0.023
0.019
0.02
0.019
0.026
0.017
0.018
0.024
0.02
0.026
0.143
0.107
0.077
0.029
0.021
0.016
0.016
0.015
0.016
0.085
0.015
0.055
0.074
0.084
0.087
0.029
0.019
0.027
0.057
0.108
0.032
0.02
0.016
0.015
0.015
0.015
0.015
0.018
0.077
0.085
0.03
0.022
0.025
0.042
0.031
0.024
0.019
0.026
0.025
0.02
0.019
0.029
0.016
0.015
0.033
0.015
0.017
0.017
0.018
0.083
0.071
0.038
0.029
0.02
0.035
0.014
0.016
0.09
0.058
0.045
0.025
0.018
0.015
0.015
0.015
0.017
0.018
0.075
0.054
0.023
0.018
0.018
0.02
0.021
0.019
0.018
0.079
0.068
0.033
0.024
0.018
0.018
0.015
0.024
0.015
0.017
0.015
0.016
0.015
0.02
0.018
0.018
0.02
0.018
0.02
0.033
0.018
0.03
0.019
0.016
0.072
0.069
0.094
0.034
0.029
0.021
0.019
0.02
0.03
0.019
0.018
0.073
0.085
0.075
0.044
0.027
0.021
0.019
0.02
0.018
0.029
0.027
0.017
0.026
0.027
0.019
0.021
0.02
0.018
0.08
0.081
0.079
0.042
0.021
0.024
0.016
0.015
0.055
0.057
0.029
0.045
0.017
0.015
0.053
0.061
0.03
0.025
0.044
0.023
0.023
0.023
0.032
0.027
0.019
0.019
0.027
0.018
0.021
0.021
0.02
0.019
0.024
0.024
0.024
0.026
0.023
0.033
0.032
0.08
0.073
0.091
0.088
0.034
0.018
0.017
0.03
0.024
0.022
0.017
0.021
0.017
0.017
0.044
0.016
0.017
0.07
0.074
0.062
0.032
0.029
0.02
0.025
0.025
0.022
0.022
0.025
0.023
0.021
0.021
0.023
0.022
0.028
0.022
0.041
0.074
0.054
0.038
0.022
0.017
0.016
0.016
0.032
0.015
0.051
0.015
0.022
0.015
0.03
0.017
0.027
0.015
0.017
0.026
0.036
0.03
0.029
0.023
0.024
0.027
0.023
0.022
0.041
0.139
0.058
0.029
0.023
0.028
0.025
0.02
0.021
0.077
0.071
0.041
0.021
0.016
0.017
0.014
0.017
0.015
0.016
0.021
0.021
0.022
0.033
0.02
0.019
0.023
0.014
0.023
0.021
0.023
0.035
0.021
0.039
0.022
0.038
0.02
0.031
0.019
0.025
0.024
0.031
0.031
0.027
0.022
0.022
0.033
0.023
