unit: [ms]
latency_max
18.249
latency_min
4.982
latency_ave
9.99135
all_latency
4.982
9.93
10.139
9.897
10.095
9.974
10.035
9.948
10.27
10.167
9.871
10.279
10.072
9.5
9.635
9.771
9.971
10.305
10.117
9.771
9.909
10.065
10.132
9.857
9.795
9.954
10.018
10.035
10.046
10.101
10.087
10.049
9.948
14.455
10.056
7.145
8.734
9.578
9.908
10.238
9.626
10.043
10.09
9.918
10.328
10.533
10.074
10.071
9.641
9.915
9.609
9.729
9.971
9.914
9.953
10.324
10.1
14.65
9.747
6.534
9.299
10.203
9.487
10.21
10.23
17.082
8.244
6.524
8.523
9.412
9.584
10.071
10.117
9.791
9.843
10.366
15.092
12.378
6.12
7.875
9.041
9.308
12.447
8.263
9.368
12.162
8.235
9.715
9.921
14.996
10.037
9.755
6.719
8.819
9.805
9.987
9.977
9.925
10.205
14.514
10.232
7.378
9.905
8.26
11.996
8.377
9.484
11.029
9.61
9.093
9.913
10.101
9.961
9.822
10.238
9.735
10.175
18.249
9.402
6.169
7.633
9.343
9.113
9.751
10.197
10.245
9.905
14.417
12.079
5.539
8.595
9.196
9.932
9.987
9.985
10.039
10.158
14.612
10.354
9.726
6.555
9.095
9.687
10.017
9.852
9.855
10.031
10.269
9.981
14.385
10.486
7.255
8.601
9.631
9.448
9.969
10.11
14.705
9.916
6.716
9.396
9.506
9.754
10.124
15.192
9.578
7.344
8.54
9.415
9.838
9.988
10.033
10.02
9.882
10.103
9.941
10.105
14.937
11.644
8.406
7.845
7.986
9.493
9.734
13.643
10.236
7.541
8.924
9.544
9.987
10.046
9.893
14.958
9.995
8.216
8.11
9.168
9.7
9.871
9.863
10.068
14.726
8.414
8.454
8.987
9.581
9.747
9.983
16.249
8.711
6.584
9.207
9.68
9.516
10.08
10.175
10.025
10.135
9.934
9.951
15.439
9.182
9.454
7.125
9.126
9.618
14.948
6.917
8.927
9.555
9.741
9.891
15.045
11.7
5.081
8.227
10.042
11.677
8.959
10.317
9.377
17.241
5.416
7.679
10.055
9.993
9.784
10.56
9.904
9.535
9.878
9.922
10.095
9.811
10.03
10.586
9.799
9.761
10.255
9.591
17.536
6.83
7.466
8.922
8.852
10.075
10.11
9.943
9.679
10.243
10.002
10.393
9.736
17.497
9.51
6.097
8.189
8.848
10.137
9.566
10.135
18.061
8.946
5.84
8.526
9.057
9.529
9.986
10.076
9.848
14
10.345
9.318
7.647
8.969
9.952
9.911
9.868
10.255
14.598
8.903
7.505
9.492
9.633
9.487
10.051
9.992
16.756
7.94
6.57
9.281
9.946
9.62
9.895
10.162
9.865
10.018
10.044
10.026
9.9
10.23
10.003
10.153
9.829
10.081
9.93
9.997
9.921
10.09
10.254
9.855
9.902
10.078
9.957
10.457
10.623
10.491
9.741
10.04
10.246
8.746
9.855
10.015
9.882
9.684
10.077
10.114
9.9
9.947
10.302
10.348
9.658
10.149
10.12
9.7
9.926
10.127
9.782
10.535
14.6
9.992
9.861
7.706
8.405
8.963
10.245
9.778
10.094
10.134
10.238
9.339
9.806
10.117
9.983
10.103
10.041
10.038
14.714
9.395
6.825
9.41
9.816
9.81
9.883
9.95
15.112
9.714
6.631
9.265
9.726
15.062
10.699
9.833
6.786
7.87
9.846
9.607
10.034
9.797
10.058
10.182
9.873
9.976
10.012
10.1
10.213
14.878
9.356
10.04
7.614
8.715
9.368
9.998
9.79
10.117
10.043
9.957
9.811
9.844
10.025
10.191
9.986
9.833
10.314
9.818
9.965
10.163
10.126
10.097
10.127
10.222
9.745
9.812
10.076
16.146
9.449
8.762
7.953
8.289
9.793
12.179
9.141
8.975
9.137
9.968
16.376
6.291
8.235
9.624
9.378
9.804
10.23
9.712
10.51
9.591
10.387
9.845
10.218
9.744
10.054
10.007
10.226
14.539
11.62
8.535
6.823
8.82
9.494
9.898
9.936
10.099
9.981
15.377
9.964
7.776
8.009
9.2
9.628
10.037
10.118
9.837
10.254
14.415
10.306
6.99
8.7
9.451
9.724
10.179
14.929
9.703
9.92
7.4
9.225
9.185
11.539
8.791
9.507
9.77
10.046
9.974
10.159
9.755
9.915
10.079
9.986
9.877
10.122
9.849
10.362
14.795
10.693
9.018
6.503
9.241
9.634
11.246
9.099
9.762
9.866
9.964
10.116
10.027
17.105
7.803
10.175
8.686
9.278
9.311
8.516
9.151
9.751
9.974
13.727
11.449
7.35
8.754
9.397
9.523
9.967
16.656
9.378
6.139
8.199
10.07
11.602
10.329
9.599
10.134
8.541
9.524
10.028
10.002
14.493
10.55
6.99
9.82
9.96
8.733
