unit: [ms]
latency_max
0.156
latency_min
0.013
latency_ave
0.0354589
all_latency
0.156
0.025
0.029
0.037
0.029
0.031
0.028
0.057
0.045
0.031
0.029
0.027
0.028
0.031
0.033
0.018
0.023
0.022
0.065
0.025
0.022
0.022
0.024
0.024
0.025
0.026
0.035
0.027
0.021
0.026
0.021
0.026
0.024
0.024
0.086
0.063
0.034
0.029
0.044
0.023
0.073
0.024
0.02
0.036
0.023
0.026
0.038
0.036
0.043
0.036
0.03
0.024
0.023
0.026
0.023
0.021
0.021
0.028
0.088
0.076
0.04
0.027
0.022
0.02
0.029
0.022
0.114
0.086
0.045
0.037
0.021
0.015
0.016
0.019
0.02
0.016
0.039
0.082
0.08
0.05
0.041
0.025
0.019
0.039
0.028
0.022
0.036
0.023
0.022
0.026
0.074
0.071
0.094
0.044
0.03
0.021
0.026
0.019
0.018
0.024
0.075
0.065
0.048
0.04
0.025
0.048
0.032
0.024
0.05
0.058
0.05
0.021
0.025
0.025
0.02
0.031
0.019
0.021
0.094
0.079
0.056
0.031
0.034
0.027
0.015
0.016
0.018
0.079
0.067
0.079
0.076
0.051
0.037
0.02
0.017
0.015
0.017
0.016
0.062
0.088
0.073
0.048
0.024
0.021
0.018
0.015
0.015
0.02
0.037
0.016
0.061
0.068
0.049
0.031
0.031
0.035
0.015
0.023
0.088
0.069
0.036
0.051
0.018
0.016
0.016
0.073
0.077
0.047
0.03
0.023
0.018
0.035
0.016
0.022
0.015
0.017
0.02
0.017
0.073
0.074
0.061
0.066
0.036
0.021
0.018
0.062
0.11
0.046
0.025
0.021
0.015
0.015
0.015
0.066
0.06
0.06
0.037
0.021
0.017
0.016
0.016
0.014
0.069
0.062
0.058
0.023
0.016
0.013
0.015
0.075
0.082
0.038
0.024
0.024
0.017
0.018
0.047
0.018
0.024
0.02
0.018
0.086
0.078
0.08
0.033
0.022
0.016
0.06
0.045
0.035
0.019
0.016
0.016
0.06
0.089
0.042
0.037
0.028
0.047
0.029
0.033
0.021
0.074
0.055
0.028
0.027
0.029
0.024
0.025
0.03
0.051
0.022
0.021
0.021
0.022
0.021
0.025
0.038
0.036
0.02
0.022
0.09
0.074
0.036
0.026
0.017
0.048
0.016
0.047
0.015
0.015
0.015
0.023
0.015
0.078
0.074
0.047
0.028
0.019
0.02
0.015
0.015
0.086
0.082
0.074
0.029
0.055
0.015
0.015
0.023
0.017
0.081
0.076
0.082
0.036
0.025
0.018
0.062
0.018
0.017
0.065
0.057
0.043
0.022
0.052
0.015
0.015
0.016
0.082
0.075
0.034
0.022
0.042
0.015
0.015
0.019
0.015
0.014
0.016
0.016
0.015
0.028
0.018
0.018
0.018
0.018
0.02
0.017
0.021
0.018
0.019
0.025
0.018
0.018
0.018
0.024
0.024
0.048
0.038
0.035
0.042
0.022
0.02
0.023
0.021
0.02
0.019
0.021
0.019
0.019
0.023
0.034
0.02
0.023
0.024
0.02
0.019
0.02
0.018
0.023
0.078
0.085
0.081
0.051
0.03
0.019
0.021
0.018
0.017
0.028
0.017
0.019
0.016
0.016
0.022
0.016
0.016
0.023
0.059
0.071
0.034
0.026
0.043
0.019
0.024
0.018
0.073
0.089
0.042
0.025
0.027
0.098
0.077
0.085
0.076
0.025
0.029
0.016
0.015
0.021
0.018
0.018
0.018
0.021
0.018
0.022
0.023
0.073
0.058
0.077
0.041
0.073
0.027
0.017
0.015
0.015
0.018
0.014
0.015
0.014
0.016
0.033
0.018
0.015
0.019
0.016
0.018
0.018
0.02
0.019
0.019
0.036
0.018
0.019
0.017
0.059
0.071
0.069
0.062
0.025
0.019
0.034
0.046
0.026
0.018
0.017
0.06
0.071
0.032
0.021
0.017
0.016
0.015
0.015
0.038
0.015
0.037
0.024
0.05
0.019
0.036
0.022
0.027
0.065
0.084
0.06
0.047
0.026
0.019
0.016
0.016
0.015
0.017
0.08
0.072
0.075
0.028
0.026
0.017
0.02
0.018
0.015
0.047
0.072
0.06
0.051
0.041
0.019
0.015
0.017
0.061
0.059
0.074
0.039
0.024
0.018
0.069
0.024
0.019
0.016
0.016
0.016
0.028
0.018
0.014
0.016
0.016
0.016
0.016
0.015
0.015
0.058
0.075
0.124
0.03
0.021
0.016
0.048
0.022
0.02
0.016
0.015
0.017
0.021
0.075
0.08
0.069
0.056
0.04
0.04
0.025
0.02
0.016
0.015
0.059
0.082
0.038
0.057
0.033
0.015
0.014
0.073
0.07
0.038
0.023
0.021
0.038
0.051
0.044
0.043
0.029
0.018
0.038
0.029
0.06
0.071
0.034
0.045
0.044
0.024
