unit: [ms]
latency_max
8.328
latency_min
0.482
latency_ave
1.92365
all_latency
6.091
1.235
1.187
1.275
1.181
1.27
1.289
1.229
1.267
1.375
1.631
1.533
1.827
1.806
1.439
1.186
0.932
0.93
1.098
1.205
0.996
0.979
1
0.998
0.983
0.778
0.761
0.782
0.753
0.805
0.983
1
0.985
1.01
4.836
5.035
2.402
1.314
0.966
0.922
0.927
0.818
0.742
0.774
0.855
1.054
1.544
1.637
1.659
1.377
1.316
1.039
0.794
0.681
0.68
0.659
0.906
0.949
5.043
4.882
1.727
1.137
1.428
0.899
1.1
1.368
7.517
6.157
2.911
1.577
1.175
0.63
0.666
0.954
0.707
0.628
0.96
4.982
7.642
4.083
2.132
1.423
0.766
2.868
1.375
0.838
2.718
1.07
0.869
0.858
5.275
5.328
5.104
2.018
1.107
0.861
0.923
0.878
0.95
1.057
4.974
5.28
2.651
2.893
1.283
2.969
1.45
1.151
1.901
1.634
0.886
0.755
0.851
0.881
0.788
0.922
0.77
0.817
8.328
7.803
4.284
2.152
1.572
0.808
0.632
0.669
1.045
0.723
4.793
6.672
2.616
1.355
0.714
0.545
0.705
0.534
0.723
0.698
4.964
5.083
5.073
1.891
1.083
0.756
0.891
0.645
0.646
0.704
0.886
0.88
4.711
5.158
2.575
1.429
1.197
0.666
0.692
0.636
4.798
4.855
1.851
1.307
0.898
0.787
0.797
5.258
5.061
2.61
1.361
0.89
0.684
0.756
0.699
0.774
0.757
0.686
0.76
0.793
5.132
6.731
5.28
3.149
1.621
1.129
0.891
3.984
4.066
2.078
1.109
0.748
0.707
0.681
0.726
5.096
5.244
3.409
1.856
1.108
0.783
0.767
0.693
0.685
4.859
3.334
2.065
1.097
0.787
0.675
0.674
6.051
4.957
1.955
1.251
0.96
0.556
0.498
0.726
0.687
0.814
0.847
0.723
5.572
4.715
4.307
1.794
1.087
0.784
5.094
2.41
1.385
0.934
0.712
0.742
5.064
7.002
2.342
0.75
0.827
2.317
1.363
1.701
1.048
7.658
3.539
1.373
1.367
1.478
1.279
1.801
1.676
1.198
1.127
1.038
1.197
1.02
1.013
1.58
1.35
1.105
1.429
1.001
7.746
4.771
2.575
1.751
0.557
0.614
0.764
0.653
0.515
0.632
0.642
1.105
0.658
7.539
7.296
3.642
2.028
0.86
1.101
0.632
0.691
8.173
7.249
3.09
2.042
1.105
0.779
0.695
0.789
0.691
3.988
4.242
3.762
1.774
0.87
0.786
0.848
0.72
0.779
4.892
4.024
1.769
1.398
0.808
0.629
0.665
0.696
6.727
4.702
1.69
1.093
0.959
0.681
0.676
0.736
0.674
0.719
0.734
0.72
0.716
0.843
0.839
0.855
0.839
0.901
0.831
0.858
0.835
0.913
1.11
0.856
0.821
0.855
0.888
1.326
1.836
2.173
2.04
2.061
2.334
1.161
0.949
1.128
0.974
0.708
0.735
0.73
0.697
0.709
0.988
1.222
0.948
1.004
1.269
0.914
0.911
1.022
0.915
1.324
5.393
5.347
5.199
3.215
1.794
0.872
1.042
0.796
0.85
1.119
1.206
0.708
0.586
0.562
0.606
0.587
0.779
0.806
4.99
4.448
1.625
1.094
0.834
0.653
0.703
0.668
5.024
4.854
1.892
1.262
1.016
5.461
6.23
6.055
3.01
1.226
1.005
0.652
0.658
0.694
0.711
0.666
0.666
0.705
0.751
0.78
0.862
5.279
4.813
4.681
2.727
1.453
0.972
0.839
0.792
0.781
0.916
0.806
0.664
0.645
0.663
0.738
0.753
0.688
0.959
0.762
0.663
0.856
0.857
0.916
1.074
1.215
1.133
0.866
1.062
6.597
6.049
4.809
2.844
1.508
1.413
3.357
2.552
1.614
0.854
0.687
6.517
3.013
1.558
1.384
0.75
0.536
0.599
0.5
0.835
0.496
0.903
0.704
0.827
0.833
0.839
0.824
0.951
5.033
6.619
5.218
2.309
1.316
0.879
0.799
0.665
0.676
0.842
5.475
5.167
3.368
1.808
1.146
0.746
0.672
0.797
0.641
0.865
4.823
5.03
2.508
1.302
0.865
0.65
0.782
5.151
4.859
4.798
2.5
1.727
0.979
2.336
1.399
0.945
0.737
0.688
0.666
0.761
0.692
0.667
0.529
0.534
0.559
0.533
0.527
0.694
5.1
5.768
4.789
1.721
1.035
0.74
1.76
0.995
0.832
0.778
0.784
0.808
0.823
7.226
5.217
5.358
4.238
3.587
2.891
1.61
0.906
0.487
0.482
3.71
5.195
2.819
1.742
1.121
0.681
0.656
6.726
6.323
2.685
1.123
1.235
2.498
2.776
2.528
2.542
1.269
0.873
0.813
0.818
4.936
5.306
2.655
2.513
2.521
1.372
