unit: [ms]
latency_max
0.307
latency_min
0.013
latency_ave
0.0337446
all_latency
0.307
0.073
0.025
0.022
0.063
0.066
0.03
0.027
0.016
0.039
0.04
0.02
0.033
0.023
0.06
0.04
0.032
0.023
0.035
0.024
0.073
0.077
0.038
0.029
0.021
0.02
0.019
0.016
0.019
0.019
0.02
0.018
0.076
0.058
0.03
0.021
0.072
0.076
0.042
0.035
0.02
0.019
0.018
0.019
0.054
0.045
0.037
0.028
0.054
0.036
0.037
0.032
0.016
0.015
0.09
0.102
0.036
0.024
0.026
0.024
0.09
0.067
0.059
0.048
0.024
0.023
0.069
0.03
0.025
0.039
0.025
0.044
0.021
0.028
0.025
0.026
0.021
0.021
0.028
0.021
0.028
0.015
0.023
0.018
0.075
0.067
0.069
0.028
0.023
0.016
0.018
0.016
0.016
0.074
0.059
0.043
0.032
0.018
0.017
0.025
0.022
0.017
0.014
0.018
0.017
0.076
0.08
0.074
0.049
0.024
0.043
0.03
0.021
0.016
0.015
0.073
0.055
0.029
0.018
0.037
0.048
0.024
0.022
0.02
0.021
0.157
0.023
0.025
0.026
0.075
0.058
0.066
0.046
0.021
0.017
0.015
0.06
0.035
0.044
0.018
0.05
0.038
0.029
0.023
0.022
0.02
0.036
0.017
0.089
0.08
0.077
0.032
0.022
0.028
0.019
0.052
0.018
0.015
0.017
0.016
0.017
0.018
0.024
0.021
0.022
0.021
0.076
0.073
0.075
0.036
0.02
0.018
0.017
0.071
0.035
0.021
0.016
0.048
0.034
0.024
0.02
0.044
0.044
0.035
0.026
0.016
0.014
0.018
0.015
0.063
0.076
0.067
0.083
0.057
0.03
0.02
0.015
0.018
0.015
0.015
0.023
0.03
0.018
0.018
0.019
0.016
0.014
0.019
0.017
0.016
0.017
0.074
0.092
0.043
0.03
0.021
0.019
0.089
0.032
0.025
0.019
0.02
0.015
0.016
0.018
0.016
0.014
0.015
0.072
0.067
0.062
0.031
0.022
0.018
0.015
0.018
0.015
0.075
0.059
0.06
0.041
0.023
0.02
0.014
0.019
0.016
0.015
0.016
0.019
0.024
0.056
0.028
0.028
0.028
0.022
0.028
0.026
0.047
0.029
0.034
0.027
0.034
0.024
0.029
0.03
0.028
0.027
0.027
0.033
0.048
0.033
0.028
0.027
0.021
0.028
0.028
0.058
0.048
0.023
0.036
0.019
0.04
0.054
0.03
0.019
0.014
0.016
0.014
0.015
0.013
0.018
0.02
0.014
0.014
0.014
0.014
0.018
0.016
0.015
0.02
0.033
0.02
0.019
0.021
0.021
0.018
0.073
0.081
0.035
0.026
0.017
0.018
0.017
0.017
0.019
0.018
0.016
0.022
0.071
0.115
0.072
0.046
0.025
0.019
0.05
0.03
0.019
0.022
0.092
0.055
0.029
0.022
0.028
0.023
0.02
0.015
0.077
0.084
0.043
0.03
0.021
0.024
0.015
0.06
0.019
0.075
0.019
0.015
0.017
0.019
0.022
0.016
0.026
0.017
0.021
0.022
0.085
0.075
0.061
0.055
0.04
0.02
0.024
0.015
0.06
0.084
0.059
0.051
0.024
0.018
0.024
0.016
0.016
0.014
0.015
0.027
0.063
0.07
0.067
0.037
0.038
0.024
0.016
0.018
0.015
0.017
0.016
0.015
0.016
0.017
0.019
0.016
0.018
0.017
0.019
0.018
0.03
0.018
0.022
0.032
0.021
0.02
0.021
0.02
0.02
0.021
0.019
0.018
0.022
0.035
0.02
0.019
0.021
0.02
0.019
0.02
0.019
0.02
0.031
0.023
0.021
0.021
0.019
0.02
0.061
0.07
0.038
0.025
0.018
0.015
0.016
0.015
0.016
0.059
0.073
0.052
0.039
0.02
0.059
0.037
0.043
0.025
0.021
0.019
0.019
0.018
0.019
0.054
0.019
0.02
0.018
0.018
0.018
0.023
0.017
0.019
0.072
0.062
0.041
0.023
0.023
0.017
0.016
0.018
0.021
0.016
0.015
0.017
0.072
0.087
0.06
0.053
0.026
0.019
0.028
0.022
0.014
0.017
0.016
0.041
0.017
0.016
0.015
0.018
0.017
0.015
0.025
0.024
0.016
0.015
0.017
0.018
0.061
0.059
0.08
0.039
0.029
0.019
0.062
0.043
0.03
0.036
0.025
0.025
0.025
0.062
0.062
0.072
0.024
0.018
0.018
0.016
0.06
0.104
0.053
0.047
0.029
0.035
0.021
0.019
0.015
0.065
0.064
0.088
0.045
0.035
0.041
0.039
0.026
0.039
0.019
0.107
0.061
0.076
0.05
0.03
0.022
0.021
0.021
0.086
0.077
0.072
0.049
0.023
0.018
0.018
0.025
0.018
0.018
0.024
0.016
0.03
0.017
0.022
0.021
0.034
0.024
0.021
0.021
0.021
