unit: [ms]
latency_max
17.915
latency_min
4.112
latency_ave
9.98837
all_latency
4.112
9.893
9.863
14.03
8.601
8.017
9.392
9.383
12.304
9.023
9.096
9.988
9.858
14.621
7.54
8.514
9.369
9.897
10.031
14.811
8.38
7.954
9.186
9.62
9.742
10.008
10.041
9.966
10.115
10.076
10.069
14.933
8.972
7.091
9.183
14.833
8.187
7.932
9.196
9.568
9.878
10.001
10.043
12.689
9.291
9.215
9.48
9.811
13.271
8.312
8.704
9.096
9.938
16.215
8.024
8.059
8.917
9.266
10.059
15.853
8.368
10.187
7.428
8.339
9.637
11.983
8.521
9.445
11.049
9.74
9.779
9.682
10.436
10.19
10.031
9.371
10.045
10.496
9.501
9.969
9.678
10.007
10.032
16.146
10.824
5.963
8.465
9.268
9.275
10.097
9.708
10.189
15.318
7.85
8.822
8.984
9.315
9.718
11.048
9.366
9.526
9.854
10.286
9.95
15.53
10.572
7.646
7.696
9.076
12.248
7.948
9.419
10.06
9.737
17.162
5.97
7.608
9.392
12.125
10.058
8.457
9.83
9.843
10.074
10.306
9.459
10.102
10.288
14.193
9.883
7.79
8.279
9.317
9.718
10.033
14.813
7.172
8.98
9.259
12.429
9.388
8.746
9.754
9.736
10.119
10.121
9.635
15.236
11.806
8.059
5.997
9.245
9.727
10.086
9.949
9.96
9.824
10.095
9.897
10.137
10.035
10.614
10.067
10.014
9.504
16.369
10.543
8.309
6.717
8.079
9.689
10.192
13.933
7.272
8.955
9.743
11.958
9.206
9.077
9.859
11.826
10.147
9.99
8.582
9.173
9.867
10.284
9.733
10.674
14.82
9.447
10.055
7.436
8.454
9.989
9.506
9.938
10.015
9.985
9.905
9.959
10.104
9.791
10.112
10.097
9.783
10.096
9.954
10.174
9.8
13.567
10.18
7.733
9.298
9.259
10.11
14.274
6.785
9.367
9.589
9.836
10.259
9.901
10.052
9.76
10.041
9.922
15.613
9.48
9.434
6.985
9.133
9.565
10.068
9.821
10.138
14.537
10.459
9.892
7.573
8.32
9.395
9.646
10.269
9.887
10.026
9.895
10.375
10.294
10.591
9.689
10.108
9.905
9.696
9.898
10.059
10.089
9.931
9.889
10.065
10.078
9.811
10.146
9.968
9.667
10
10.001
10.061
10.545
9.912
9.702
10.916
9.419
10.502
9.99
14.141
7.754
8.09
9.557
9.269
12.25
10.946
8.111
8.763
9.734
10.198
9.742
10.188
9.804
10.038
10.246
9.604
10.05
10.14
10.057
10.032
9.97
10.122
10.254
9.795
10.38
10.106
9.679
10.19
9.578
17.915
7.094
7.073
9.04
8.968
10.026
10.003
9.924
10.077
9.803
10.23
10.061
15.858
11.522
7.227
7.18
9.004
9.1
12
9.425
8.61
10.509
16.547
6.007
8.244
8.841
10.015
9.842
9.77
9.976
17.599
9.894
5.629
8.553
9.152
9.779
9.561
10.684
9.45
10.257
9.479
9.765
10.151
10.233
10.102
9.808
10.455
9.72
10.229
9.634
15.162
10.494
9.107
7.217
9.274
8.838
9.953
9.881
14.723
9.794
10.168
7.229
8.77
9.422
9.921
9.72
9.9
10.065
10.158
9.921
15.144
10.388
8.803
7.11
9.305
9.598
10.114
9.782
9.866
10.188
9.939
9.902
10.103
9.976
10.139
9.858
10.005
10.182
9.981
9.942
10.128
9.89
10.395
9.802
10.129
9.991
9.81
10.149
10.004
9.946
10.052
9.886
10.067
10.047
10.003
9.806
10.19
9.931
9.979
9.915
9.998
9.956
10.178
9.879
10.08
9.916
10.129
9.845
14.808
8.92
6.88
9.437
9.673
9.762
10.3
9.952
9.973
15.418
10.166
6.992
8.217
9.504
11.793
8.83
11.126
8.763
9.831
9.687
10.186
9.839
10.145
10.239
9.692
9.981
10.04
9.702
10.143
9.924
9.888
10.24
15.752
9.685
6.765
8.222
9.509
9.79
9.999
9.987
10.228
9.713
10.154
9.868
15.077
9.725
10.057
7.224
8.653
9.533
9.757
9.916
9.974
10.088
10.024
10.427
9.572
9.989
10.019
10.051
10.011
9.861
10.073
10.001
9.918
10.015
10.426
9.555
14.562
10.404
9.953
7.746
8.271
9.314
14.188
7.33
9.027
10.034
10.021
9.969
10.183
12.701
10.045
7.734
8.933
9.622
10.112
9.847
14.723
9.703
6.839
10.964
9.157
9.96
9.18
9.883
9.628
14.816
10.232
9.989
7.426
8.395
11.317
10.066
8.482
10.174
9.595
12.962
10.518
10.78
7.234
8.682
9.699
9.748
10.627
14.028
10.421
9.307
6.982
8.825
9.902
9.778
10.07
9.92
10.057
9.964
9.933
10.262
9.917
9.922
10.018
10.053
10.238
9.817
10.058
10.03
