unit: [ms]
latency_max
7.987
latency_min
0.482
latency_ave
1.83452
all_latency
6.892
1.349
1.272
1.153
4.684
3.392
1.731
1.171
0.749
2.661
1.839
1.031
0.95
0.868
5.01
2.857
1.516
0.93
0.803
0.894
5.084
3.638
1.87
1.117
0.796
0.571
0.535
0.501
0.519
0.565
0.793
0.775
5.05
4.305
1.668
1.028
5.182
3.568
1.782
1.096
0.76
0.639
0.661
0.678
3.065
2.411
1.674
1.284
1.037
4.082
2.574
1.375
0.562
0.518
5.907
4.23
2.67
1.666
0.997
1
6.194
4.701
4.856
2.582
1.261
0.923
2.451
1.28
0.873
1.685
1.548
1.222
1.018
1.45
1.605
1.64
1.047
1.097
1.523
1.069
1.078
0.667
0.691
0.872
6.319
7.195
3.474
2.071
1.436
0.672
0.709
0.659
0.672
5.446
3.512
2.456
1.682
1.042
0.749
1.677
1.098
0.757
0.648
0.687
0.708
5.64
6.187
4.014
1.953
1.24
3.272
1.442
0.868
0.86
0.678
7.236
3.537
1.332
0.857
2.714
2.783
1.413
1.206
1.145
1.131
1.304
1.081
1.095
1.356
4.926
4.821
2.752
1.349
0.802
0.576
0.482
4.907
2.488
1.426
0.904
2.872
2.417
1.316
0.996
0.839
0.969
1.036
0.811
5.236
6.983
5.236
1.743
1.037
0.859
0.766
0.797
0.722
0.705
0.732
0.711
0.795
0.869
1.365
1.443
1.356
0.997
6.619
7.19
5.645
2.665
1.025
0.756
0.763
4.327
1.953
1.08
0.809
2.507
1.802
1.082
0.79
2.459
2.568
2.672
1.364
0.708
0.529
0.847
0.523
0.929
5.392
4.736
4.781
2.585
1.272
1.242
0.729
0.866
0.732
0.671
0.727
0.744
0.669
0.66
0.682
0.663
0.634
0.758
0.67
0.88
0.686
3.578
3.664
1.87
1.184
0.654
0.712
4.399
1.633
1.123
0.75
0.687
0.694
0.724
0.801
0.65
0.649
0.658
5.441
5.074
4.59
1.912
1.13
0.773
0.677
0.684
0.669
4.74
5.209
5.119
2.96
1.534
0.943
0.735
0.752
0.778
0.773
0.774
1.002
1.307
1.701
1.559
1.605
1.594
1.229
1.23
1.241
1.332
1.229
1.161
1.178
1.281
1.21
1.263
1.2
0.896
0.87
0.891
0.896
1.393
1.313
1.142
1.963
1.491
1.878
1.867
5.49
3.701
1.87
1.416
0.86
2.778
3.693
1.977
0.884
0.668
0.675
0.647
0.803
0.641
0.664
0.839
0.484
0.567
0.532
0.563
0.746
0.659
0.676
1.05
0.826
1.243
1.183
0.986
1.202
0.805
7.987
5.278
2.674
1.772
0.871
0.898
0.968
0.8
0.785
0.694
0.827
0.994
6.167
7.729
5.017
2.628
1.661
0.878
2.561
2.198
0.88
1.399
7.292
3.716
2.169
1.048
1.078
0.926
0.694
0.655
7.553
7.601
3.595
2.215
1.457
1.203
0.681
1.205
0.982
0.866
0.793
0.506
0.5
0.894
0.792
0.752
1.215
0.936
1.172
0.768
5.13
5.831
4.961
2.56
1.963
0.917
0.839
0.692
4.92
4.761
4.896
2.445
1.339
0.876
0.74
0.529
0.491
0.556
0.509
0.574
5.093
5.241
4.407
1.827
1.19
0.84
0.822
0.746
0.718
0.875
0.724
0.725
0.727
0.799
0.867
0.788
0.802
0.883
0.899
0.883
0.942
0.91
1.222
1.05
1.174
1.082
0.987
1.135
1.005
1.074
1.003
1.047
1.08
1.109
1.169
0.997
1.112
1.057
0.996
1.019
0.995
0.998
1.097
1.008
1.029
0.978
0.965
0.966
5.148
4.244
1.483
0.985
0.703
0.536
0.754
0.709
0.699
5.605
5.568
2.893
1.397
0.989
2.373
1.467
2.44
1.454
1.258
1.078
1.09
1.085
1.078
1.306
1.087
1.092
1.088
0.87
0.862
0.881
0.855
0.929
6.188
5.988
2.973
1.385
0.942
0.785
0.719
0.729
0.885
0.712
0.824
0.712
5.065
5.013
5.022
2.609
1.344
0.973
0.823
0.71
0.676
0.761
0.726
1.018
0.722
0.74
0.745
0.778
0.738
0.747
0.686
0.755
0.701
0.718
0.93
0.683
4.63
5.098
4.949
3.033
1.437
0.911
4.585
2.279
1.343
1.387
1.356
1.377
1.418
3.834
3.928
1.916
0.987
0.705
0.865
0.682
4.786
4.689
1.795
2.521
1.909
1.854
1.149
1.051
0.7
4.978
5.075
5.044
2.773
1.408
2.543
2.648
1.328
1.491
1.191
3.627
4.099
4.762
2.276
1.252
1.031
0.82
1.332
4.826
5.252
4.74
1.961
1.006
0.804
0.674
0.727
0.672
0.655
0.674
0.65
0.735
0.698
0.739
0.729
0.783
0.942
0.875
0.869
0.907
