unit: [ms]
latency_max
54.268
latency_min
0.471
latency_ave
1.86353
all_latency
54.268
0.96
0.65
0.674
5.01
7.117
4.458
1.713
1.003
1.025
0.722
0.753
0.704
0.69
4.884
4.71
4.56
1.707
1.001
1.212
0.827
0.746
1.342
0.733
0.869
0.597
3.634
3.568
5.08
2.725
1.827
1.01
0.749
3.483
4.355
2.134
1.19
4.638
3.161
3.21
2.113
1.586
1.557
1.063
6.87
4.299
1.974
1.246
0.772
0.671
0.616
0.487
0.471
0.498
3.539
5.062
3.63
1.829
0.899
0.73
0.67
0.667
6.924
4.997
2.404
1.446
0.961
0.727
0.939
0.714
0.65
0.658
0.701
5.179
5.151
5.861
2.39
1.049
0.75
0.664
0.654
0.645
0.963
0.643
0.617
0.666
0.623
0.626
0.63
0.915
0.755
4.937
4.771
1.837
1.155
0.982
0.838
2.531
1.197
0.913
0.67
0.702
0.912
0.64
0.662
0.499
3.607
3.926
1.345
1.364
0.796
0.661
4.846
2.438
1.808
2.415
1.391
0.86
1.715
1.199
0.755
0.901
0.674
5.107
4.953
2.658
1.403
0.984
1.04
1.131
0.898
4.039
3.86
2.109
1.027
0.945
0.937
0.75
5.114
2.634
1.329
1.062
1.204
0.947
4.916
4.984
2.987
1.356
1.049
1.025
0.72
0.673
4.993
4.862
2.479
1.806
0.972
0.775
0.719
0.69
4.662
6.666
3.525
1.836
0.856
0.682
0.719
0.668
6.992
6.639
3.655
1.84
0.929
0.689
0.944
0.818
0.701
0.653
0.716
0.794
0.816
0.817
0.671
1.164
0.999
0.622
1.022
0.632
0.598
0.862
0.779
1.206
0.777
0.809
1.273
0.772
1.535
1.381
0.738
0.633
0.685
0.825
1.051
0.647
0.621
0.948
0.623
0.628
6.068
7.425
4.016
1.903
1.14
0.659
0.708
0.541
0.703
0.663
0.701
0.818
0.729
0.717
0.828
0.654
0.683
0.667
0.839
0.817
0.798
0.915
0.942
5.035
5.237
2.86
1.781
1.819
1.937
1.387
0.916
0.926
0.924
6.417
6.437
6.673
6.119
2.672
1.313
1.001
0.702
0.813
0.645
0.684
0.645
0.667
0.694
0.694
0.698
0.871
0.729
0.716
0.705
0.815
0.768
0.767
4.765
3.743
3.925
2.176
1.208
0.853
0.752
0.681
0.714
0.687
0.717
0.706
0.798
5.078
4.988
2.031
1.231
0.999
0.805
0.683
0.788
0.68
0.799
0.921
0.791
0.755
0.772
3.834
3.751
3.742
3.669
1.699
1.31
0.877
0.73
0.666
0.687
5.071
3.732
1.624
1.091
0.9
0.914
7.277
5.698
2.422
1.53
1.083
2.147
1.504
4.991
5.14
2.084
1.328
1.109
0.645
0.79
0.864
0.713
0.695
0.733
0.686
0.712
0.723
0.751
0.681
4.933
5.21
2.948
1.701
1.228
1.132
4.896
3.018
1.638
1.098
0.77
0.667
0.667
0.668
0.672
0.509
0.573
0.561
0.747
0.736
0.618
0.666
0.682
5.163
5.595
5.146
2.058
1.267
0.998
0.731
0.665
0.716
0.762
0.644
0.673
0.637
0.7
0.663
6.747
6.598
6.464
2.334
0.996
0.688
0.531
0.499
0.856
0.69
0.672
0.676
0.661
0.692
0.728
0.795
0.881
0.824
0.918
0.808
0.756
1.201
7.409
7.694
6.815
2.847
1.26
0.853
0.937
0.825
5.099
6.356
3.756
1.828
1.255
0.909
0.79
1.173
0.67
0.637
0.67
0.664
1.052
0.815
0.718
0.75
0.767
0.869
1.214
0.848
0.909
0.906
0.943
0.986
0.889
0.834
0.939
0.76
0.672
0.644
0.644
0.649
0.85
0.857
0.873
0.857
0.996
0.942
0.775
0.649
0.673
0.67
0.655
4.739
5.065
5.137
3.46
1.9
1.235
0.731
0.983
0.631
0.686
0.497
0.486
0.48
0.644
0.642
0.84
0.767
0.756
0.932
0.988
4.896
5.33
2.482
1.29
0.915
2.707
2.354
1.273
0.983
0.651
0.814
0.799
0.634
0.903
0.683
0.861
7.199
7.254
2.638
1.321
0.967
0.866
3.712
2.622
2.49
2.524
1.334
0.946
0.649
0.824
0.67
0.65
0.64
6.599
7.298
4.272
1.717
1.556
0.961
0.614
0.913
0.624
0.639
0.611
5.49
5.026
4.588
1.88
1.225
0.759
0.624
0.633
0.769
0.802
0.886
0.786
6.48
4.9
2.356
1.206
0.832
0.816
0.791
0.788
0.775
0.855
0.895
0.896
0.847
0.857
0.685
0.745
0.69
0.75
0.741
0.939
0.879
0.754
5.13
4.609
3.089
1.262
0.84
0.668
0.622
0.857
5.128
2.629
1.699
0.898
0.674
0.659
0.659
0.661
0.748
0.768
0.662
0.663
0.897
