unit: [ms]
latency_max
17.217
latency_min
1.194
latency_ave
9.97568
all_latency
1.194
4.96
10.031
14.942
12.132
7.161
6.978
9.194
9.976
9.619
10.131
10.026
9.892
14.828
9.806
9.92
6.541
9.263
10.247
9.56
9.976
10.576
9.268
10.351
9.568
13.647
9.902
11.57
7.367
8.873
9.108
9.664
12.965
11.094
7.553
8.937
13.947
8.185
10.078
8.81
9.339
10.005
9.497
16.679
6.922
7.47
9.518
9.087
9.854
9.871
9.913
10.127
9.86
13.682
11.602
8.333
7.898
9.009
9.706
9.895
10.028
17.217
7.77
7.22
8.782
9.434
9.721
10.215
9.616
9.976
10.216
9.851
15.114
10.042
10.733
6.11
8.524
9.627
10.016
9.833
10.013
10.328
9.635
10.003
10.211
9.77
10.151
10.003
10.2
9.89
14.93
9.482
6.831
9.217
9.678
9.86
12.104
8.291
9.792
9.558
10.109
10.168
9.765
10.003
9.98
13.513
10.571
6.853
9.993
9.187
9.921
14.84
7.308
9.285
10.51
9.168
9.326
10.898
9.475
9.281
10.276
9.641
15.129
9.675
7.559
8.561
9.463
9.998
10.254
9.805
13.471
9.895
8.027
8.665
9.841
10.025
9.883
14.844
7.399
8.322
9.642
10.147
9.743
14.416
10.005
8.098
7.925
9.78
10.075
9.352
9.958
14.98
9.896
7.329
9.142
9.094
9.745
9.885
10.114
14.614
11.866
6.563
8.08
8.97
9.851
10.136
9.885
16.934
9.51
6.864
7.912
9.012
9.679
10.342
9.821
9.756
9.937
10.084
10.285
9.905
9.961
9.853
10.568
9.877
9.512
10.499
9.559
9.911
10.34
9.931
10.367
9.515
10.168
10.363
9.498
10.816
9.811
9.592
9.694
9.994
10.248
10.234
9.505
9.948
10.373
9.599
10.179
16.098
11.313
6.398
7.578
9.07
9.783
9.702
9.85
10.183
9.987
10.057
10.058
9.846
10.04
10.157
9.9
9.869
10.145
10.152
9.892
9.918
10.251
10.005
14.748
9.997
7.644
8.58
9.981
10.226
9.247
9.558
9.95
9.938
16.08
9.969
10.485
9.231
6.27
8.524
9.622
9.629
10.108
9.75
10.21
9.946
9.951
10.041
10.129
10.032
10.104
9.771
9.984
9.898
10.211
10.076
9.874
14.543
9.025
10.275
8
8.731
9.622
9.873
9.832
10.119
10.041
9.909
9.944
10.243
14.74
9.831
6.727
9.015
9.8
9.921
9.64
10.117
9.885
10.368
10.061
9.773
9.931
10.031
13.704
9.773
10.074
10.022
7.612
9.481
9.45
9.835
9.898
10.048
15.026
8.682
7.321
9.431
9.873
9.972
17.041
8.174
6.485
8.91
9.473
11.427
9.135
13.851
10.224
6.621
9.108
9.702
9.531
10.065
10.148
9.839
10.063
9.925
9.931
10.053
10.126
9.926
9.915
14.802
10.251
7.654
8.549
9.256
9.913
14.463
8.09
8.201
9.29
9.58
9.918
9.929
10.069
9.974
10.005
9.921
10.126
10.162
9.907
9.772
10.1
10.155
15.106
10.352
9.508
6.549
9
9.756
9.688
9.854
10.108
10.136
9.766
10.05
9.983
10.034
10.131
16.695
9.726
10.023
5.383
8.452
9.609
9.812
10.002
10.334
9.804
10.002
10.024
9.931
10.161
9.926
10.119
10.065
10.124
9.95
9.838
9.894
10.596
16.841
10.286
9.18
5.635
8.094
9.58
10.262
9.782
14.868
11.339
7.09
7.693
9.412
9.496
9.897
10.51
9.443
9.862
10.054
10.076
10.576
9.484
9.943
9.992
10.023
10.246
10.307
9.628
10.02
9.976
10.104
10.026
9.98
9.824
10.136
9.868
9.841
9.924
10.052
9.953
10.244
9.967
10.166
10.006
10.073
9.983
9.774
9.813
10.164
9.831
10.024
14.698
10.344
10.22
8.104
8.044
9.254
9.434
10.262
9.581
10.021
9.813
10.049
10.002
10.272
9.963
10.108
9.91
10.003
10.242
10.079
14.392
10.381
6.988
8.473
9.688
11.999
9.605
8.847
9.716
9.61
10.041
9.923
9.824
10.649
9.485
10.257
16.888
10.081
5.012
8.659
9.42
10.071
13.02
8.82
9.77
10.373
8.406
9.633
9.565
10.28
9.736
10.061
9.904
16.756
10.649
6.731
7.049
9.761
9.391
9.636
10.426
9.573
10.166
9.815
15.632
9.512
9.471
7.051
9.045
9.456
9.859
9.987
10.08
10.054
10.182
9.872
16.249
8.309
7.321
8.514
9.636
9.999
10.074
9.972
9.804
10.184
10.049
10.019
9.915
9.976
9.777
10.273
9.777
10.116
9.985
10.25
10.063
9.7
15.016
9.416
8.25
7.901
9.522
9.807
10.08
10.106
14.853
7.197
9.08
8.932
9.642
9.99
10.09
10.129
10.022
10.138
9.578
10.219
10.292
