unit: [ms]
latency_max
0.177
latency_min
0.014
latency_ave
0.0372786
all_latency
0.177
0.019
0.053
0.018
0.017
0.023
0.045
0.017
0.016
0.017
0.114
0.059
0.039
0.026
0.019
0.018
0.017
0.02
0.079
0.081
0.058
0.028
0.026
0.042
0.018
0.026
0.016
0.018
0.022
0.02
0.02
0.017
0.018
0.092
0.073
0.074
0.036
0.024
0.018
0.026
0.031
0.02
0.017
0.018
0.016
0.041
0.026
0.032
0.016
0.115
0.025
0.022
0.035
0.024
0.028
0.079
0.081
0.086
0.044
0.042
0.024
0.023
0.024
0.02
0.043
0.023
0.021
0.095
0.084
0.042
0.03
0.018
0.038
0.032
0.055
0.022
0.048
0.02
0.02
0.018
0.019
0.021
0.056
0.089
0.083
0.043
0.036
0.025
0.02
0.02
0.022
0.033
0.043
0.041
0.018
0.088
0.077
0.047
0.055
0.091
0.021
0.042
0.034
0.019
0.032
0.082
0.09
0.085
0.041
0.025
0.023
0.021
0.082
0.016
0.021
0.098
0.072
0.059
0.047
0.023
0.023
0.017
0.035
0.02
0.024
0.019
0.019
0.022
0.031
0.022
0.033
0.091
0.083
0.078
0.079
0.052
0.03
0.027
0.018
0.021
0.019
0.024
0.019
0.02
0.034
0.019
0.096
0.077
0.042
0.026
0.018
0.016
0.017
0.016
0.016
0.029
0.019
0.073
0.061
0.038
0.034
0.018
0.017
0.017
0.016
0.018
0.016
0.017
0.015
0.015
0.024
0.022
0.019
0.027
0.018
0.019
0.076
0.07
0.057
0.044
0.026
0.038
0.025
0.022
0.022
0.03
0.019
0.037
0.018
0.021
0.019
0.019
0.022
0.064
0.069
0.065
0.03
0.023
0.026
0.016
0.016
0.017
0.021
0.069
0.065
0.04
0.025
0.02
0.032
0.024
0.064
0.073
0.05
0.029
0.021
0.039
0.041
0.039
0.025
0.042
0.025
0.022
0.019
0.017
0.019
0.016
0.018
0.037
0.026
0.02
0.019
0.019
0.048
0.018
0.026
0.02
0.019
0.019
0.021
0.018
0.046
0.045
0.032
0.029
0.039
0.035
0.032
0.035
0.025
0.04
0.031
0.023
0.027
0.029
0.016
0.025
0.076
0.133
0.041
0.027
0.018
0.016
0.027
0.015
0.015
0.017
0.078
0.061
0.027
0.025
0.016
0.077
0.06
0.027
0.025
0.017
0.016
0.037
0.102
0.076
0.084
0.037
0.026
0.022
0.055
0.032
0.024
0.019
0.019
0.019
0.087
0.08
0.038
0.028
0.022
0.039
0.032
0.049
0.05
0.018
0.023
0.022
0.024
0.023
0.076
0.054
0.025
0.025
0.037
0.053
0.027
0.023
0.089
0.031
0.03
0.024
0.016
0.028
0.015
0.03
0.018
0.029
0.022
0.019
0.018
0.016
0.019
0.017
0.018
0.017
0.091
0.077
0.038
0.056
0.024
0.078
0.03
0.023
0.018
0.016
0.015
0.016
0.018
0.02
0.062
0.065
0.053
0.035
0.024
0.018
0.015
0.062
0.068
0.054
0.027
0.049
0.025
0.038
0.038
0.081
0.083
0.074
0.051
0.061
0.05
0.018
0.016
0.015
0.015
0.057
0.056
0.034
0.069
0.016
0.016
0.018
0.014
0.069
0.063
0.075
0.05
0.031
0.028
0.016
0.056
0.027
0.074
0.065
0.037
0.026
0.021
0.027
0.024
0.043
0.039
0.033
0.036
0.028
0.022
0.017
0.085
0.048
0.047
0.025
0.04
0.088
0.079
0.039
0.031
0.05
0.033
0.022
0.022
0.017
0.017
0.015
0.085
0.066
0.037
0.041
0.026
0.017
0.016
0.016
0.015
0.016
0.021
0.014
0.019
0.074
0.063
0.073
0.041
0.028
0.066
0.021
0.039
0.038
0.069
0.019
0.019
0.017
0.02
0.019
0.018
0.026
0.086
0.085
0.051
0.026
0.021
0.044
0.029
0.02
0.018
0.015
0.016
0.016
0.016
0.018
0.074
0.07
0.036
0.021
0.018
0.016
0.014
0.017
0.015
0.016
0.079
0.068
0.042
0.025
0.021
0.018
0.047
0.05
0.042
0.041
0.029
0.02
0.018
0.02
0.021
0.018
0.061
0.081
0.033
0.021
0.035
0.037
0.036
0.043
0.018
0.024
0.074
0.023
0.049
0.023
0.084
0.085
0.074
0.038
0.053
0.026
0.024
0.022
0.02
0.028
0.092
0.08
0.043
0.06
0.035
0.036
0.016
0.016
0.015
0.071
0.067
0.06
0.052
0.021
0.022
0.022
0.065
0.016
0.062
0.075
0.075
0.039
0.031
0.039
0.038
0.081
0.076
0.059
0.033
0.025
0.02
0.062
0.032
0.023
0.034
0.062
0.036
0.046
0.025
0.023
0.023
0.026
0.028
0.028
0.085
0.061
0.047
0.035
0.027
0.02
