# record data: step_count | acceleration (x y z) | gyro (x y z)
0 0.0854122 -0.00056638 -2.84983e-05 -0 -0 0 
1 0.0846361 -0.00164629 -0.000357377 0.000106396 -0.000116505 -0.00312178 
2 1.68649 -0.00536428 2.30697 0.000346187 0.087422 -0.00160571 
3 -1.60467 0.0044618 -2.70773 9.59987e-05 -0.00449427 -0.00305303 
4 -0.0146252 -5.68672e-05 0.0306678 7.03876e-05 -0.00954473 -0.0030103 
5 0.0933245 -0.000460775 0.0711398 6.68015e-05 -0.00884218 -0.00296816 
6 0.0991939 -0.000492038 0.0582251 6.51334e-05 -0.00786098 -0.0029266 
7 0.0981984 -0.000493329 0.0468717 6.37697e-05 -0.00696492 -0.00288563 
8 0.0968646 -0.000490965 0.0377148 6.25126e-05 -0.00616811 -0.00284522 
9 0.0956313 -0.000488873 0.030347 6.13755e-05 -0.00546163 -0.00280538 
10 0.0945195 -0.00048564 0.0244191 6.02952e-05 -0.00483591 -0.0027661 
11 0.0935219 -0.000483006 0.0196494 5.93022e-05 -0.00428219 -0.00272736 
12 0.0926291 -0.000479367 0.0158116 5.83401e-05 -0.00379255 -0.00268917 
13 0.0918319 -0.000476428 0.0127234 5.74445e-05 -0.00335986 -0.00265151 
14 0.0911216 -0.000472564 0.0102382 5.65631e-05 -0.00297772 -0.00261438 
15 0.0904898 -0.000469465 0.00823817 5.57348e-05 -0.00264043 -0.00257777 
16 0.0899289 -0.000465495 0.00662852 5.49101e-05 -0.00234286 -0.00254167 
17 0.0894317 -0.000462331 0.00533293 5.41298e-05 -0.00208045 -0.00250607 
18 0.0889915 -0.00045833 0.00429006 5.33463e-05 -0.00184914 -0.00247098 
19 0.0886025 -0.000455164 0.00345053 5.26019e-05 -0.00164533 -0.00243637 
20 0.0882592 -0.000451182 0.00277464 5.185e-05 -0.00146581 -0.00240225 
21 0.0879565 -0.000448052 0.00223043 5.11339e-05 -0.00130772 -0.00236861 
22 0.0876901 -0.000444119 0.00179221 5.04075e-05 -0.00116855 -0.00233544 
23 0.087456 -0.000441049 0.00143928 4.97149e-05 -0.00104607 -0.00230273 
24 0.0872504 -0.000437184 0.00115502 4.90104e-05 -0.000938302 -0.00227048 
25 0.0870702 -0.000434188 0.000926028 4.83384e-05 -0.000843494 -0.00223868 
26 0.0869125 -0.000430402 0.000741531 4.76536e-05 -0.000760106 -0.00220733 
27 0.0867746 -0.000427488 0.00059286 4.70004e-05 -0.000686776 -0.00217642 
28 0.0866544 -0.000423787 0.000473036 4.63338e-05 -0.0006223 -0.00214594 
29 0.0865498 -0.000420959 0.000376443 4.56985e-05 -0.000565619 -0.00211589 
30 0.0864589 -0.000417345 0.000298561 4.50493e-05 -0.000515795 -0.00208625 
31 0.0863802 -0.000414605 0.00023575 4.4431e-05 -0.000472006 -0.00205704 
32 0.0863122 -0.000411078 0.000185081 4.37987e-05 -0.000433524 -0.00202823 
33 0.0862536 -0.000408425 0.000144195 4.31971e-05 -0.000399709 -0.00199983 
34 0.0862034 -0.000404984 0.000111195 4.25812e-05 -0.000369998 -0.00197182 
35 0.0861605 -0.000402417 8.45494e-05 4.19958e-05 -0.000343896 -0.00194421 
36 0.0861241 -0.000399061 6.30281e-05 4.1396e-05 -0.000320966 -0.00191698 
37 0.0860934 -0.000396578 4.56386e-05 4.08266e-05 -0.000300823 -0.00189013 
38 0.0860677 -0.000393305 3.15819e-05 4.02426e-05 -0.00028313 -0.00186366 
39 0.0860465 -0.000390904 2.02139e-05 3.96889e-05 -0.000267591 -0.00183756 
40 0.0860291 -0.000387712 1.1016e-05 3.91204e-05 -0.000253943 -0.00181183 
41 0.0860151 -0.00038539 3.56968e-06 3.8582e-05 -0.000241956 -0.00178646 
42 0.0860042 -0.000382276 -2.46198e-06 3.80287e-05 -0.00023143 -0.00176144 
43 0.0859959 -0.000380031 -7.35093e-06 3.75053e-05 -0.000222187 -0.00173677 
44 0.0859899 -0.000376994 -1.13164e-05 3.69669e-05 -0.00021407 -0.00171245 
45 0.0859859 -0.000374824 -1.45352e-05 3.64582e-05 -0.000206943 -0.00168847 
46 0.0859838 -0.00037186 -1.71501e-05 3.59344e-05 -0.000200684 -0.00166483 
47 0.0859833 -0.000369763 -1.92764e-05 3.54401e-05 -0.000195189 -0.00164151 
48 0.0859841 -0.000366871 -2.10069e-05 3.49304e-05 -0.000190364 -0.00161852 
49 0.0859862 -0.000364845 -2.24169e-05 3.44501e-05 -0.000186128 -0.00159586 
50 0.0859893 -0.000362022 -2.3567e-05 3.39543e-05 -0.000182409 -0.00157351 
51 0.0859934 -0.000360064 -2.45064e-05 3.34877e-05 -0.000179144 -0.00155148 
52 0.0859982 -0.000357309 -2.52747e-05 3.30054e-05 -0.000176277 -0.00152975 
53 0.0860039 -0.000355418 -2.59041e-05 3.25521e-05 -0.00017376 -0.00150833 
54 0.0860101 -0.000352728 -2.64204e-05 3.20829e-05 -0.00017155 -0.00148721 
55 0.086017 -0.000350901 -2.68449e-05 3.16425e-05 -0.00016961 -0.00146638 
56 0.0860243 -0.000348275 -2.71944e-05 3.11862e-05 -0.000167907 -0.00144585 
57 0.086032 -0.000346511 -2.7483e-05 3.07584e-05 -0.000166412 -0.0014256 
58 0.0860402 -0.000343947 -2.77217e-05 3.03145e-05 -0.000165099 -0.00140564 
59 0.0860486 -0.000342243 -2.79198e-05 2.9899e-05 -0.000163946 -0.00138595 
60 0.0860574 -0.000339739 -2.80845e-05 2.94671e-05 -0.000162935 -0.00136655 
61 0.0860664 -0.000338095 -2.8222e-05 2.90636e-05 -0.000162047 -0.00134741 
62 0.0860757 -0.000335649 -2.83372e-05 2.86435e-05 -0.000161267 -0.00132854 
63 0.0860851 -0.000334063 -2.8434e-05 2.82515e-05 -0.000160582 -0.00130994 
64 0.0860947 -0.000331674 -2.85157e-05 2.78429e-05 -0.000159981 -0.0012916 
65 0.0861045 -0.000330143 -2.85851e-05 2.74622e-05 -0.000159454 -0.00127351 
66 0.0861144 -0.000327809 -2.86441e-05 2.70646e-05 -0.00015899 -0.00125568 
67 0.0861244 -0.000326333 -2.86947e-05 2.66949e-05 -0.000158584 -0.0012381 
68 0.0861345 -0.000324052 -2.87383e-05 2.63081e-05 -0.000158227 -0.00122076 
69 0.0861447 -0.000322629 -2.87761e-05 2.5949e-05 -0.000157913 -0.00120367 
70 0.086155 -0.0003204 -2.88091e-05 2.55727e-05 -0.000157638 -0.00118681 
71 0.0861654 -0.000319028 -2.88381e-05 2.5224e-05 -0.000157396 -0.0011702 
72 0.0861758 -0.00031685 -2.88637e-05 2.48579e-05 -0.000157184 -0.00115381 
73 0.0861863 -0.000315528 -2.88866e-05 2.45191e-05 -0.000156998 -0.00113765 
74 0.0861904 0.00175817 0.000329759 8.81206e-05 -0.000157143 -0.00112171 
75 0.086211 0.00600259 -5.18013e-05 0.000257845 -0.000156577 -0.00110595 
76 0.0862233 0.010294 -5.48858e-05 0.000501955 -0.000155559 -0.00109037 
77 0.0862353 0.0144748 -5.05127e-05 0.000802257 -0.000153898 -0.00107496 
78 0.0862477 0.0185544 -4.5529e-05 0.00114478 -0.000151359 -0.00105972 
79 0.0862603 0.0225528 -4.00152e-05 0.00151876 -0.000147679 -0.00104465 
80 0.0862734 0.0264955 -3.3901e-05 0.00191594 -0.000142554 -0.00102973 
81 0.0862869 0.030407 -2.70943e-05 0.0023303 -0.000135637 -0.00101498 
82 0.0863008 0.034316 -1.94811e-05 0.00275751 -0.000126529 -0.00100039 
83 0.0863152 0.0382494 -1.09228e-05 0.00319483 -0.000114765 -0.000985955 
84 0.0863301 0.0422381 -1.25271e-06 0.00364068 -9.98079e-05 -0.00097167 
85 0.0863455 0.0463109 9.72804e-06 0.00409458 -8.103e-05 -0.000957533 
86 0.0863613 0.0505002 2.22548e-05 0.00455682 -5.77008e-05 -0.000943542 
87 0.0863775 0.0548367 3.66051e-05 0.00502851 -2.89672e-05 -0.000929694 
88 0.0863941 0.0593546 5.31045e-05 0.00551125 6.1675e-06 -0.000915985 
89 0.086411 0.064086 7.21345e-05 0.00600723 4.88673e-05 -0.000902414 
90 0.0864282 0.0690674 9.41405e-05 0.00651901 0.000100493 -0.000888976 
91 0.0864454 0.0743335 0.000119644 0.00704959 0.000162634 -0.000875669 
92 0.0864627 0.0799227 0.000149249 0.00760221 0.00023715 -0.000862492 
93 0.0864799 0.0858734 0.000183666 0.00818051 0.000326211 -0.000849443 
94 0.0864967 0.0922265 0.000223715 0.0087883 0.000432353 -0.000836521 
95 0.086513 0.0990243 0.000270356 0.00942977 0.000558538 -0.000823727 
96 0.0865286 0.106312 0.000324705 0.0101092 0.000708227 -0.000811064 
97 0.086543 0.114137 0.000388062 0.0108314 0.000885455 -0.000798537 
98 -40.1806 0.109485 1.18898 0.0122245 1.34407 -0.000810668 
99 -13.4145 0.535078 -0.363991 -0.00865691 0.276968 -0.000782688 
100 -2.97922 0.286232 -0.392556 -0.0157162 -0.197645 -0.000793568 
101 2.1243 0.178885 -0.265966 -0.0165075 -0.367988 -0.00081122 
102 4.36493 0.141829 -0.170455 -0.0147481 -0.391098 -0.000829602 
103 28.4876 0.152375 -0.380208 -0.01288 -1.16324 -0.000844933 
104 13.3732 0.133347 0.0439198 -0.00934267 -0.453803 -0.000865561 
105 6.71485 0.168636 0.170144 -0.00696702 -0.101133 -0.000859855 
106 3.15296 0.195568 0.0921563 -0.00520516 0.0605639 -0.000851615 
107 1.29928 0.219588 0.0425679 -0.00382929 0.123263 -0.000843013 
108 0.378842 0.243002 0.0168682 -0.00273043 0.137161 -0.000835008 
109 -0.0420628 0.266799 0.00472553 -0.00184701 0.129081 -0.000828121 
110 -0.203732 0.291449 -0.000198412 -0.00113692 0.112914 -0.000822748 
111 -0.237311 0.317226 -0.0014389 -0.00056651 0.0955046 -0.000819296 
112 -0.212855 0.344355 -0.000892988 -0.000107369 0.0799469 -0.000818249 
113 -0.166603 0.37305 0.000459894 0.000264982 0.0674051 -0.000820212 
114 -0.116366 0.403536 0.00214186 0.000571048 0.0581053 -0.000825949 
115 -0.0701291 0.436044 0.00394346 0.000827976 0.0518638 -0.000836426 
116 -0.030811 0.47081 0.00579547 0.00104933 0.0483588 -0.000852862 
117 0.00114496 0.508081 0.0077001 0.00124636 0.0472646 -0.000876796 
118 0.0263943 0.548114 0.00969464 0.00142784 0.0483102 -0.000910168 
119 0.0459835 0.591163 0.0118332 0.00160053 0.0513023 -0.000955425 
120 0.0610061 0.637508 0.0141785 0.00176998 0.0561297 -0.00101565 
121 0.0724521 0.687429 0.0167984 0.00194042 0.0627596 -0.00109472 
122 0.0811559 0.74124 0.0197659 0.00211559 0.0712335 -0.00119753 
123 0.0877923 0.799244 0.0231594 0.00229791 0.0816618 -0.00133023 
124 -23.9283 0.855375 0.146044 0.00271701 0.758874 -0.000622942 
125 -8.09135 0.940452 -0.243818 0.0022725 0.122741 -0.000594237 
126 -1.82355 1.00139 -0.187748 0.0024875 -0.158405 -0.000592537 
127 1.25007 2.75987 -0.0704122 0.054731 -0.257195 -0.000605453 
128 18.5951 1.82547 0.202125 0.0170461 -0.579682 -0.00260468 
129 8.55462 1.53599 0.196619 0.000666186 -0.107798 -0.003177 
130 4.22998 1.46314 0.107164 -0.00543648 0.130368 -0.00367293 
131 1.88913 1.49558 0.0445678 -0.00651082 0.247611 -0.0042539 
132 0.650752 1.58754 0.0126633 -0.00533222 0.303849 -0.00495086 
133 0.0145609 1.71446 -0.00099219 -0.00330636 0.332123 -0.00579993 
134 -0.300574 1.86362 -0.0045695 -0.00110895 0.350448 -0.00684418 
135 -0.451234 2.02881 -0.00272898 0.000965438 0.368554 -0.0081361 
136 -0.523663 2.20738 0.00199059 0.00281541 0.391703 -0.00974051 
137 -0.564736 2.39865 0.00826693 0.00443205 0.422843 -0.0117381 
138 -0.599584 2.60295 0.0154591 0.00584628 0.46381 -0.0142296 
139 -0.668992 7.31237 0.21946 0.145663 0.628329 -0.0206326 
140 -0.711084 4.81154 0.0153125 0.0452621 0.706618 -0.0257644 
141 -0.860928 4.06599 0.0233347 0.00106306 0.798109 -0.0320198 
142 -1.26478 3.8616 0.000192307 -0.0149753 0.768671 -0.0354666 
143 -1.96652 3.94949 -0.0470311 -0.0176337 0.567538 -0.0333157 
144 -2.53909 4.19649 -0.055256 -0.0142864 0.344942 -0.029544 
145 -2.94777 4.5377 -0.053492 -0.0087781 0.107507 -0.0237863 
146 -3.29429 4.93738 -0.0498412 -0.00292246 -0.143711 -0.0155476 
147 -3.63872 5.37846 -0.0461231 0.00251212 -0.410923 -0.00417361 
148 -2.85483 5.85461 0.00950998 0.00742262 -0.618596 0.00543445 
149 -0.354857 6.36668 0.141465 0.0118998 -0.658792 0.00599792 
150 0.847886 6.91438 0.213874 0.0156236 -0.633131 0.00638873 
151 1.64137 7.46879 0.263779 0.0215126 -0.58887 0.00332567 
152 1.59383 7.23423 0.228893 -0.0021446 -0.518768 0.00341282 
153 1.48807 5.88258 0.0940196 -0.0585311 -0.453872 0.00370132 
154 1.34503 4.23442 -0.0162183 -0.116483 -0.396224 0.00410866 
155 1.19733 2.60561 -0.0998068 -0.163638 -0.346103 0.00454771 
156 1.05999 1.13414 -0.16022 -0.196722 -0.30298 0.00492067 
157 0.924508 -4.90279 0.296069 -0.360917 -0.266748 0.00601949 
158 0.82615 -7.69992 0.478971 -0.4049 -0.235478 0.00672138 
159 0.744521 -8.56789 0.533404 -0.3718 -0.208328 0.00713738 
160 3.52886 -12.1724 1.99765 -0.48159 -0.10311 -0.0171496 
161 1.71891 -13.2979 -0.385634 -0.444238 -0.0631175 -0.0091042 
162 1.26067 -9.88882 -0.226716 -0.22202 -7.3819e-06 -0.00853371 
163 0.735113 -7.80452 -0.205889 -0.0923092 0.0345556 -0.00805929 
164 0.289369 -6.27708 -0.207568 -0.0265487 0.0449414 -0.00765241 
165 0.0817754 -5.33013 -0.236677 0.00535934 0.0440615 -0.00729115 
166 -0.00195812 -4.70696 -0.246436 0.0195338 0.0385116 -0.00695716 
167 -0.0226684 -4.2681 -0.244168 0.0246518 0.0316149 -0.006641 
168 -0.0131348 -3.93685 -0.235795 0.0253362 0.024934 -0.00633811 
169 0.00940097 -3.67103 -0.224727 0.0240066 0.0191074 -0.00604642 
170 0.0362455 -3.44756 -0.212842 0.0218929 0.0143085 -0.005765 
171 0.0633289 -3.25346 -0.201106 0.0196028 0.0104941 -0.00549343 
172 0.0890118 -3.08173 -0.190038 0.0174061 0.00753331 -0.00523144 
173 0.112884 -2.92828 -0.179854 0.0154097 0.00527302 -0.00497873 
174 -4.85254 59.4219 1.73988 2.613 -0.0248734 -0.139993 
175 2.55945 14.3624 -10.2665 1.43196 0.148891 -0.425118 
176 -4.62083 -9.25866 -4.4967 1.27651 -0.248954 0.00963352 
177 -2.47098 -9.63874 0.424117 1.27882 -0.408552 0.0155607 
178 -0.651346 -8.19021 1.05047 1.25888 -0.45893 0.0155565 
179 2.19645 -30.1269 8.46589 -1.56136 -0.514424 2.88904e-05 
180 2.52224 -16.9364 0.393941 -0.757431 -0.393923 -0.000563258 
181 1.77462 -14.0774 -0.417702 -0.100651 -0.333173 0.0148621 
182 0.257829 -11.405 -0.454933 0.41543 -0.375481 0.0513796 
183 -0.628929 -8.85303 -0.369251 0.798712 -0.471008 0.0887978 
184 -1.03987 -6.30684 -0.211144 1.04975 -0.594307 0.126933 
185 -1.37808 -3.05618 0.292638 1.25223 -0.582162 0.113068 
186 -0.876202 -0.625437 -0.0321272 1.42141 -0.534465 0.094271 
187 -0.596207 1.16214 0.0324395 1.50127 -0.475349 0.0768292 
188 -0.946378 2.17937 0.375716 1.53425 -0.438706 0.0604585 
189 -1.07207 3.04816 0.378413 1.52823 -0.411107 0.0449727 
190 -1.12886 2.55449 -0.0897454 1.5577 -0.388819 0.0304221 
191 -0.455185 1.76597 0.192393 1.64123 -0.289383 -0.0295542 
192 1.31238 2.03668 0.607869 1.72111 -0.0841664 -0.104618 
193 2.62641 2.88407 0.698714 1.76616 0.146025 -0.168027 
194 2.86818 4.86629 1.06889 1.71607 0.379895 -0.230319 
195 5.08619 5.2788 0.531806 1.6567 0.727839 -0.292727 
196 7.28009 5.70406 -0.249761 1.57699 0.994975 -0.288447 
197 6.08084 5.84356 -1.07393 1.49772 1.11195 -0.254927 
198 4.79802 5.98277 -1.25859 1.42494 1.17459 -0.224302 
199 3.60199 6.125 -1.33892 1.35923 1.18727 -0.196285 
200 3.64301 6.14367 -1.57359 0.964688 -0.253119 0.116869 
201 0.403694 5.14513 -0.454361 0.403464 -0.195101 0.105338 
202 0.112943 5.19473 -0.235095 -0.141077 -0.164967 0.0953839 
203 0.123139 5.21633 -0.211103 -0.674105 -0.147146 0.0867642 
204 -1.54426 2.99928 -1.17629 -1.07649 0.45354 -0.0665667 
205 -0.478842 3.14793 -0.0173336 -1.48646 0.310408 -0.051312 
206 2.19772 3.80499 0.421112 -1.93253 0.309644 -0.0348512 
207 5.59102 -2.66817 3.18212 -2.0269 0.524201 -0.0218489 
208 4.25563 -3.44771 0.600815 -2.09083 0.680465 -0.0190872 
209 2.79277 -3.75641 0.533505 -2.14673 0.780971 -0.0222552 
210 2.46933 -4.80882 0.266664 -2.15707 0.880874 -0.0289031 
211 2.14657 -5.78162 0.218945 -2.12874 0.918516 -0.0265362 
212 -3.69639 -11.3017 2.20852 -1.81346 0.513839 2.11553e-06 
213 -2.32081 -11.4869 -0.0604374 -1.5091 0.167381 0.030783 
214 -1.22139 -11.6782 -0.242463 -1.21157 -0.146021 0.0640263 
215 -0.309904 -11.7206 -0.215067 -0.930542 -0.441228 0.0992981 
216 0.613624 -11.6612 -0.117196 -0.672555 -0.551851 0.103229 
217 1.59382 -11.4677 -0.00552893 -0.447133 -0.557179 0.0934067 
218 2.38357 -11.2955 0.052827 -0.254678 -0.538456 0.0842435 
219 3.00082 -11.1598 0.114079 -0.0958362 -0.505438 0.0757905 
220 3.50417 -11.0731 0.181718 0.0299262 -0.46458 0.0680243 
221 3.9293 -11.0659 0.254349 0.123822 -0.420538 0.0609152 
222 4.60561 -11.1798 0.326307 0.190083 -0.362647 0.0550223 
223 6.89473 -11.4435 1.73732 0.243714 0.0596774 -0.0206154 
224 9.99206 -11.7362 2.88354 0.277499 0.809062 -0.130417 
225 13.054 -12.1027 3.58941 0.287224 1.80053 -0.241829 
226 15.7588 -12.9419 4.47097 0.293531 3.0357 -0.349828 
227 14.3197 -12.8761 1.62821 0.219709 3.64443 -0.30531 
228 -0.773959 -12.8685 -6.93289 0.037995 1.72376 0.0820873 
229 -14.0956 -13.8664 -5.36713 0.0263137 -0.415081 0.345696 
230 -18.9574 -14.5027 -0.299614 0.300705 -1.75651 0.404064 
231 -18.8464 -13.8432 -0.281179 0.725181 -2.97193 0.387548 
232 -8.32398 25.2083 12.8019 -0.796771 -3.60441 0.469059 
233 -16.9159 2.51915 -5.25136 -0.96659 -4.52071 0.231227 
234 -14.1035 7.23063 -2.04516 -0.592566 -5.26336 0.10411 
235 -8.34714 11.8226 0.812564 -0.290716 -5.62986 -0.0241077 
236 -5.83666 13.4028 -0.860089 -0.145314 -5.87324 -0.132729 
237 -3.72965 13.9703 -0.500385 -0.086619 -5.92813 -0.337551 
238 -0.745653 14.1812 -0.37248 -0.0972679 -5.84669 -0.485795 
239 4.4126 14.3306 -0.574103 -0.174202 -5.48407 -0.449377 
240 7.93844 13.365 -0.399294 -0.245499 -4.91119 -0.409879 
241 10.395 12.165 -0.102031 -0.295617 -3.89265 -0.383102 
242 12.1442 10.6672 -0.0364117 -0.306116 -2.83931 -0.35339 
243 20.0222 7.04139 3.1843 0.337467 -0.840189 -0.112159 
244 17.7435 7.13235 -1.04613 0.417417 0.242037 -0.043991 
245 15.0705 6.91074 -1.21789 0.474732 1.48395 -0.00504457 
246 12.5044 7.16433 -1.0635 0.486978 2.33546 -0.00347882 
247 8.94853 8.54402 -1.26119 0.402394 2.8109 -0.00861458 
248 4.75897 10.7613 -1.67116 0.500505 3.12517 0.0219159 
249 1.01362 6.27148 -0.382809 0.489945 3.12653 0.0389508 
250 -0.810943 5.58099 -0.676969 0.499158 3.03336 0.0561039 
251 26.3518 -33.5261 4.63361 -4.372 -0.170137 0.104813 
252 29.446 -47.3023 -10.0462 -4.284 3.14632 4.11108 
253 20.889 -7.99907 -17.3527 -2.2596 4.14889 9.52038 
254 17.9289 -0.262862 -6.40107 -1.09499 5.44045 10.661 
255 16.2569 13.4424 -4.68155 -1.51826 3.96359 6.16554 
256 10.4333 34.4104 -0.209732 2.58504 9.09287 0.0189712 
257 16.3222 31.2501 1.95193 2.67292 10.0549 -0.0115686 
258 -73.0181 37.0622 70.0492 0.856679 6.15189 0.00109926 
259 -36.0664 16.6981 -30.3564 0.148825 4.31982 0.0016688 
260 -40.052 17.3658 -13.4023 -0.617621 2.23493 -0.0101107 
261 -40.3705 14.5672 -9.86704 -1.24156 0.152088 -0.0112922 
262 -39.9832 12.3139 -9.72386 -1.75354 -1.92694 -0.0173786 
263 -3.31952 1.01072 10.4021 -1.66435 -2.01085 -0.008866 
264 -0.279633 4.63391 0.550614 -1.78852 -1.97703 -0.00788291 
265 -0.0232778 4.7896 -0.0758644 -1.9263 -1.94349 -0.00974242 
266 2.20739 4.3659 1.67396 -2.05685 -1.61936 0.033146 
267 3.73122 3.40703 0.703167 -2.43589 -1.18432 0.0859017 
268 3.17572 3.05835 0.485521 -2.80787 -0.777959 0.137519 
269 4.36041 1.35847 0.825892 -3.1006 -0.315508 0.184648 
270 5.41805 -0.126833 0.945372 -3.32907 0.202737 0.235901 
271 6.77644 -1.49885 2.24711 -3.50213 0.803128 0.292919 
272 7.92102 -2.38336 1.95937 -3.64547 1.46611 0.351571 
273 8.75283 -2.46613 1.34654 -3.8035 2.17727 0.411728 
274 9.23296 -2.50201 1.1726 -3.98066 2.92515 0.475186 
275 11.7673 -2.83789 -0.799596 -4.33251 3.49686 0.475972 
276 15.899 -14.2656 -9.51644 -9.32074 -2.92692 -0.351189 
277 4.34836 -1.1773 -1.49892 -8.57475 -2.16093 -0.337285 
278 1.93946 -1.74263 0.242128 -7.8924 -1.55888 -0.310835 
279 0.107558 -2.21601 0.382135 -7.27352 -1.11173 -0.283309 
280 -1.27417 -2.60241 0.281034 -6.7129 -0.79026 -0.25681 
281 -3.97641 -0.555838 0.411889 -5.98245 3.80401 0.503354 
282 -94.3454 -127.864 139.147 -0.841166 6.07769 6.54738 
283 -13.5657 -22.9893 -79.9335 1.19891 2.82652 4.72438 
284 -19.9273 -31.939 -61.0555 3.82585 -0.879212 2.80841 
285 -22.8054 -33.9929 -55.7771 6.30252 -3.3223 1.96794 
286 -32.589 -45.4521 -31.1798 9.01654 -4.94663 1.94974 
287 37.0844 -4.90593 78.7703 9.29125 -4.7748 1.97504 
288 21.6214 -1.30703 -4.79287 10.4513 -3.85551 1.60339 
289 22.1226 -2.22291 -2.00828 10.9106 -2.90399 1.49852 
290 22.2537 -2.09639 -1.62971 11.4019 -1.97234 1.38269 
291 28.3767 45.7466 35.2153 9.13516 -0.679563 0.0456549 
292 20.4584 28.7978 -11.5424 8.05266 0.100696 -0.0267006 
293 21.6486 30.6581 -5.67933 6.8923 0.92404 -0.0935849 
294 22.0204 31.4317 -4.70392 5.72696 1.73526 -0.160522 
295 22.2777 31.638 -4.62331 4.58327 2.52796 -0.228353 
296 23.8364 35.6983 -1.78876 4.28005 2.67597 -0.377146 
297 23.033 32.9284 -4.80211 3.11682 3.37645 -0.456059 
298 23.5643 32.1274 -5.06112 2.03273 4.10734 -0.519901 
299 24.2128 31.4522 -3.26524 1.01303 5.09026 -0.510815 
300 -39.1365 48.7666 28.0844 -0.919144 3.14182 -0.478085 
301 -10.1352 34.7787 -8.99412 -2.04427 3.25839 -0.303452 
302 -27.8319 7.68749 13.4293 -1.7054 2.53619 -0.24333 
303 -9.35992 13.5188 -1.1962 -1.56485 2.1173 -0.239192 
304 -12.8664 15.7068 -9.35257 -1.44431 -0.193615 -0.527558 
305 -19.8136 19.8266 -9.27095 -1.65905 -2.57773 -0.766936 
306 -19.4127 21.3745 -3.27205 -2.22441 -3.71437 -0.765278 
307 -27.4221 10.7744 3.37397 -2.38486 -5.21316 -0.680587 
308 -17.539 12.2831 -3.39197 -2.8307 -6.07224 -0.549854 
309 -14.1102 9.45294 -1.81874 -3.26096 -6.71062 -0.389422 
310 -11.5241 -2.03631 -1.02878 -3.86253 -7.173 -0.207169 
311 -10.8505 -5.59187 0.647445 -4.51658 -7.58575 -0.0313051 
312 -9.19381 -7.4223 0.664895 -5.02219 -7.90817 0.127081 
313 -6.93022 -9.08893 0.416051 -5.39388 -8.11701 0.263961 
314 16.1743 -46.0554 13.1458 -3.63079 -6.99233 1.60224 
315 12.8654 -30.5521 -3.53092 -2.39171 -5.62166 4.36938 
316 15.1687 -36.8658 3.55791 -1.91808 -3.51107 2.33502 
317 15.1884 -30.1979 -1.21845 -1.027 -2.31805 1.57832 
318 13.8605 -26.2289 -1.1917 -0.291666 -1.25909 0.970223 
319 11.8024 -22.0263 -0.576104 0.266476 -0.357782 0.488768 
320 9.89217 -18.1263 -0.298022 0.673321 0.391189 0.152296 
321 8.224 -14.472 -0.13312 0.958215 0.998349 0.0625635 
322 6.47977 -11.5008 -0.0608369 1.11207 1.48153 -0.105527 
323 4.38818 -8.91263 -0.411511 1.15026 1.67899 -0.12752 
324 2.05377 -7.43836 -0.694201 1.13369 1.74279 -0.12509 
325 0.420504 -6.23813 -0.645552 1.07681 1.71479 -0.112456 
326 -0.095101 -6.00028 -0.30723 1.0301 1.6585 -0.0993479 
327 -0.2446 -5.94723 -0.22767 1.00183 1.59457 -0.0899601 
328 45.8494 53.1037 12.9965 4.71304 -0.893327 -0.0559398 
329 27.649 47.0496 -14.9359 5.3032 4.49666 -0.511511 
330 21.4884 27.391 -35.0127 2.98791 9.46416 -0.991792 
331 -33.6382 -25.3725 4.11032 3.85081 8.54349 -4.07638 
332 -35.0103 -4.24684 1.29059 2.93595 1.16896 -2.5127 
333 -52.8568 -39.0357 11.6435 -2.01631 -0.07967 -1.03156 
334 -44.351 -30.0592 -3.21565 -2.25792 -2.45795 0.000511453 
335 12.7157 -31.4974 18.0667 -0.765201 -1.75684 0.00724885 
336 3.42394 -22.6481 -5.01862 0.258916 -1.60986 -0.00219723 
337 5.87454 -18.754 -1.41904 1.08805 -1.34511 -0.00655632 
338 5.75101 -13.5358 -0.357814 1.64683 -1.08249 -0.0135304 
339 5.55154 -9.74936 -0.31174 2.01461 -0.844531 -0.0179753 
340 4.35446 -7.23295 0.0983275 2.2599 -0.679987 -0.0217051 
341 3.15869 -5.25959 0.221596 2.41089 -0.586666 -0.0249309 
342 2.37227 -3.54483 0.197822 2.48072 -0.541916 -0.0275763 
343 4.53542 -2.26222 1.50865 2.65156 0.00800618 -0.128089 
344 2.5703 -2.38009 -0.104174 2.98117 0.278896 -0.183132 
345 3.32995 -0.607465 0.530948 3.22804 0.584642 -0.231084 
346 4.63696 0.224353 1.01506 3.44712 0.962476 -0.283004 
347 5.91993 1.46913 1.96667 3.61717 1.41919 -0.338859 
348 7.07926 2.43006 1.72475 3.75377 1.94223 -0.395788 
349 8.11774 2.50985 1.071 3.90563 2.52575 -0.453814 
350 8.87528 2.54477 0.899667 4.07707 3.16192 -0.515106 
351 10.8387 2.60813 -0.305218 4.25688 3.63468 -0.51061 
352 8.54552 2.81767 -0.818889 4.44789 3.95286 -0.499977 
353 10.5671 14.0059 -10.0136 9.16779 -0.308307 0.095221 
354 2.18404 1.40369 -1.39067 8.452 0.0542557 0.08569 
355 0.31062 1.94516 0.143182 7.7976 0.301561 0.0714912 
356 -1.02222 2.38864 0.287789 7.20535 0.447533 0.0589705 
357 -1.93536 2.7513 0.224847 6.67015 0.517076 0.0487828 
358 -3.5442 0.775149 0.0363678 6.13057 3.40552 -0.466351 
359 0.388519 2.23648 0.425965 5.95797 3.26823 -0.430096 
360 -67.5723 89.0745 58.1226 0.880011 -0.519827 -1.81558 
361 -5.57594 19.0629 -49.2673 -0.455151 -0.991864 -1.34266 
362 3.98577 17.1002 -14.73 -1.55327 -0.879808 -1.06369 
363 2.93188 19.6916 -1.70843 -2.73979 -0.863077 -0.761408 
364 6.59683 16.4094 -1.72595 -3.78274 -0.701261 -0.627495 
365 9.45498 14.0362 -1.65601 -4.70846 -0.405694 -0.511316 
366 13.8711 9.33121 -2.28689 -5.99233 -0.240437 -0.372997 
367 14.5561 9.73127 -1.45215 -6.72309 0.274252 -0.299487 
368 15.276 8.98967 -1.46061 -7.44923 0.804558 -0.248904 
369 15.8447 8.31578 -1.69812 -8.18266 1.33693 -0.211203 
370 16.3547 7.65831 -2.00975 -8.93121 1.86491 -0.185661 
371 16.875 6.97306 -2.35358 -9.69867 2.38729 -0.172286 
372 -9.343 1.17512 15.0544 -10.1807 1.42078 0.0653942 
373 19.4239 -35.1938 13.3569 -8.75274 2.03146 0.225544 
374 11.8383 -31.2751 -0.668404 -8.80981 1.81992 0.258196 
375 17.5685 -38.4079 8.58586 -8.67129 3.28646 -0.0358229 
376 -17.0993 -47.2296 22.5277 -6.72325 2.85474 -0.142611 
377 0.665411 -39.6831 -4.23951 -5.27011 3.49201 -0.251997 
378 1.983 -40.4832 -3.67283 -3.87111 3.58351 -0.189265 
379 -4.79808 -38.8177 -10.947 -2.69302 1.61018 0.24207 
380 -19.1409 -38.6957 -12.5334 -1.42999 -1.23407 0.73473 
381 -23.4212 -40.6449 -7.81116 0.202146 -2.66968 0.766877 
382 -23.9987 -40.7877 -8.26481 2.02693 -3.9639 0.693688 
383 -34.8964 -22.9713 4.99777 3.0351 -5.77931 0.548546 
384 -28.9534 -20.9951 -8.85185 4.17024 -7.2196 0.37253 
385 -25.7993 -14.1548 -9.6948 5.90807 -8.4665 0.178845 
386 3.47959 -5.50601 7.90804 7.134 -8.10797 -0.0335781 
387 -2.64661 -5.59481 -4.46061 8.32898 -8.10277 -0.209719 
388 19.8032 62.8875 29.2834 5.79433 -6.89682 -0.318911 
389 6.88453 35.6276 -11.5309 4.48532 -6.17498 -2.53468 
390 7.22024 37.7893 -2.61284 3.1316 -5.47683 -3.06813 
391 7.67185 37.9483 -0.373387 1.78982 -4.49236 -3.01014 
392 9.43522 33.8022 -0.175009 0.757546 -3.55994 -2.02877 
393 10.378 27.8787 -0.388195 0.0199423 -2.65346 -1.01348 
394 10.756 22.2683 -0.0846219 -0.513081 -1.75221 -0.483236 
395 10.8422 17.2773 0.0777163 -0.865689 -0.9165 -0.261374 
396 10.6445 13.1473 0.147167 -1.0408 -0.138109 -0.165056 
397 10.0188 9.70547 0.122989 -1.06659 0.626975 -0.110024 
398 9.28105 7.01826 0.101642 -0.979424 1.31259 -0.059279 
399 8.41576 4.99681 0.0591792 -0.814357 1.91661 -0.0121602 
400 7.16332 3.96255 -0.172962 -0.62113 2.35542 0.0220083 
401 5.23651 3.12528 -0.838485 -0.40306 2.56885 0.0352906 
402 -9.1584 11.9306 3.64024 -0.705835 1.80621 0.070912 
403 -4.28441 6.875 -1.55132 -0.728077 1.68312 0.0810667 
404 38.9542 -27.7246 -4.77905 -5.88782 -0.516819 0.131583 
405 34.7811 -58.9352 6.01527 -4.83676 4.39928 2.23739 
406 22.5038 -21.1149 -33.8187 -2.11863 8.41246 5.88155 
407 20.9992 14.3384 -19.6025 -1.07673 9.17676 11.6234 
408 -57.3314 11.4511 45.8019 -2.55705 3.15376 0.139587 
409 -45.4579 40.7042 -0.240576 1.98571 1.92705 -0.0577747 
410 -32.0012 33.329 -1.37294 1.48806 0.221514 -0.0293126 
411 -23.5427 29.0984 -4.97057 0.119403 -1.0438 -0.00971085 
412 -16.8625 27.1482 -4.51509 -1.15411 -1.96593 0.00878739 
413 4.66901 13.4731 4.8932 -1.69294 -1.74554 0.0097456 
414 2.83775 10.6136 -1.31926 -2.1011 -1.63585 0.0162214 
415 4.23657 7.50144 -0.0803994 -2.35393 -1.46518 0.0202428 
416 3.91325 5.6795 0.502246 -2.5224 -1.32404 0.0236905 
417 3.62769 4.00502 0.445541 -2.61286 -1.20731 0.0266667 
418 3.46163 2.49515 0.355032 -2.63353 -1.10808 0.0291268 
419 4.35793 1.56414 1.28732 -2.62234 -0.788691 0.076636 
420 5.03544 0.410727 0.323242 -2.85049 -0.400823 0.127939 
421 3.97852 0.111835 0.192155 -3.07536 -0.0654708 0.178128 
422 5.53221 -0.36026 1.10599 -3.29013 0.347398 0.231042 
423 7.05118 -0.395052 1.35622 -3.51927 0.8434 0.28528 
424 7.90246 -1.68726 1.90109 -3.69613 1.39486 0.34315 
425 8.6452 -2.61022 1.5595 -3.84182 1.99005 0.40201 
426 9.2841 -2.69327 0.929572 -4.00285 2.62493 0.462084 
427 9.21289 -2.74107 0.279248 -4.17875 3.16204 0.499291 
428 10.6935 -2.77969 -0.757179 -4.36699 3.56571 0.483805 
429 8.27739 -2.97558 -0.935455 -4.57036 3.87342 0.477538 
430 9.20226 -13.3647 -9.76601 -9.10252 0.156505 -0.057868 
431 1.86927 -1.59726 -1.31681 -8.42049 0.44858 -0.048281 
432 0.0382985 -2.11747 0.135842 -7.79918 0.630824 -0.0353878 
433 -1.24294 -2.53918 0.269423 -7.23916 0.719719 -0.0249224 
434 -2.09533 -2.8835 0.207833 -6.73544 0.740122 -0.017227 
435 -3.70586 -1.2782 -0.293323 -6.34766 3.19678 0.430058 
436 -0.0556042 -2.11179 0.597616 -6.06198 3.03713 0.395401 
437 -70.9735 -92.5591 63.107 -1.05963 0.634631 0.858947 
438 -7.36721 -21.2486 -51.8876 0.438109 -1.44546 0.474273 
439 2.40197 -18.1609 -16.1542 1.61975 -1.44062 0.48586 
440 2.37295 -20.1374 -2.3251 2.83216 -1.46578 0.392524 
441 6.73657 -16.5234 -2.02761 3.84094 -1.29879 0.207549 
442 10.0449 -13.8272 -1.76988 4.71541 -0.976468 0.0340703 
443 12.3365 -11.9252 -1.54034 5.50435 -0.550946 -0.117946 
444 13.8939 -10.5738 -1.45933 6.24435 -0.0634387 -0.253573 
445 14.9379 -9.59556 -1.50732 6.9616 0.457391 -0.376603 
446 15.6502 -8.84745 -1.65514 7.67464 0.992044 -0.489642 
447 16.1777 -8.21461 -1.87983 8.3962 1.52794 -0.594429 
448 16.6348 -7.60934 -2.16378 9.13447 2.0579 -0.691974 
449 17.0961 -6.97979 -2.48461 9.89329 2.58027 -0.782257 
450 -8.31812 1.90685 16.3486 11.4069 0.922811 -0.142085 
451 24.3354 40.4726 14.5835 9.68764 1.78754 -0.29708 
452 9.61268 28.7698 -3.69697 8.68616 2.39703 -0.24188 
453 8.19653 29.1822 2.22358 7.70905 3.17713 -0.126199 
454 -23.3891 46.5709 20.0785 5.8453 2.28021 -0.0292885 
455 -6.02068 39.5265 -4.77928 4.43798 2.42143 0.0945774 
456 -0.917975 41.1426 -1.2493 2.99981 2.91137 0.208076 
457 1.45846 41.1134 -3.27865 1.65016 2.9318 0.16157 
458 -4.2925 39.3392 -11.0778 0.508297 0.952805 -0.233042 
459 -19.5976 45.8349 -2.14784 0.653935 -2.6038 -0.798056 
460 -22.9734 40.5588 -7.8781 -1.22612 -3.85223 -0.730913 
461 -34.1832 24.4576 1.88768 -2.37607 -5.62886 -0.578036 
462 -28.2941 20.1505 -9.72718 -4.01321 -7.03073 -0.399553 
463 -25.6158 14.4397 -9.90781 -5.76161 -8.26602 -0.205606 
464 1.74625 5.11464 6.34279 -6.95893 -7.99951 0.00764466 
465 -2.78079 5.37123 -3.67797 -8.13478 -7.99836 0.186203 
466 18.8717 -61.4619 26.1256 -5.66687 -6.83553 0.310661 
467 5.38195 -34.7417 -10.3426 -4.46882 -6.23308 1.95312 
468 6.72512 -36.4922 -2.22642 -3.20562 -5.47895 2.27872 
469 9.07088 -35.8901 0.40462 -1.95737 -4.422 2.35239 
470 10.7124 -31.8995 -0.447816 -1.03034 -3.42924 1.3227 
471 11.4408 -26.2951 -0.599966 -0.353439 -2.45064 0.474311 
472 11.6821 -20.7854 -0.293704 0.164148 -1.53019 0.309183 
473 11.5372 -16.3652 -0.130082 0.473102 -0.629832 0.180296 
474 10.976 -12.401 -0.062438 0.625714 0.237696 0.172492 
475 10.3099 -9.31254 -0.0226614 0.634822 1.02209 0.117537 
476 1.42832 -12.5034 2.71513 0.875456 1.26978 0.0526332 
477 2.00894 -9.69048 0.315311 0.971592 1.5369 -0.00609805 
478 2.1404 -7.98254 -0.0931462 0.998596 1.71333 -0.0503139 
479 1.94264 -7.12092 -0.484517 0.999115 1.75495 -0.0738133 
480 0.990225 -5.9909 -0.662739 0.964185 1.7211 -0.090219 
481 0.650354 -5.0694 -0.711416 0.897978 1.55756 -0.0932947 
482 41.8252 27.8865 -2.25504 5.98985 -0.689947 -0.104711 
483 34.7725 59.8798 5.6689 5.62961 4.21108 -1.00266 
484 23.0162 29.7858 -35.2156 3.36312 8.22205 -0.916042 
485 22.7827 24.5385 -41.4594 1.23217 10.4085 -1.10815 
486 -64.2359 -27.1593 76.6485 1.33695 3.02917 -0.108927 
487 -47.3704 -41.4489 -5.6553 -3.17119 1.87859 0.0431937 
488 -42.6444 -33.1887 -6.61803 -3.03423 -0.418367 0.0322942 
489 -15.474 -37.4301 1.00087 -1.20111 -1.23755 0.0232285 
490 -14.1681 -30.9473 -6.01379 0.286348 -2.01167 0.000858622 
491 -8.95747 -27.6089 -4.21839 1.60999 -2.52411 -0.0155594 
492 10.5454 -12.099 5.85074 2.10102 -1.9911 -0.0184594 
493 6.84552 -10.0783 -1.6511 2.51098 -1.68037 -0.0229628 
494 5.77541 -7.53837 0.131473 2.7986 -1.43392 -0.0272742 
495 4.72873 -5.24616 0.357131 2.97813 -1.25092 -0.0309989 
496 3.94259 -3.19294 0.320588 3.06204 -1.11633 -0.0339757 
497 3.17894 -2.26733 -0.0519542 3.11093 -1.0294 -0.0364466 
498 1.76091 -1.85232 -0.199373 3.15086 -1.02057 -0.0368667 
499 1.83542 -0.415076 0.170159 3.12609 -1.0158 -0.0333452 
500 2.15879 -0.0139734 0.405177 3.09348 -0.999445 -0.0325693 
501 3.52821 0.45685 1.31621 3.14194 -0.773779 -0.0677436 
502 4.67045 2.41475 1.89878 3.21553 -0.463732 -0.108932 
503 7.15086 2.35914 0.881724 3.30498 -0.035249 -0.145394 
504 8.69842 2.34696 0.742631 3.40927 0.468349 -0.182302 
505 8.52462 2.45082 0.700523 3.52268 0.807568 -0.197921 
506 8.06789 2.532 0.609305 3.64804 1.12789 -0.214711 
507 23.6413 16.0097 -4.88812 9.70941 -0.475143 -0.171219 
508 16.5218 4.42106 -3.21817 10.1405 0.503005 -0.175577 
509 12.0883 1.92127 0.253896 9.43567 1.23844 -0.192762 
510 9.37391 2.07161 0.423335 8.71721 1.79777 -0.207831 
511 -5.52352 -6.20236 6.31205 4.7112 3.29827 -0.346185 
512 -1.65985 3.07605 -0.0187042 5.00472 2.86339 -0.285976 
513 -2.10337 3.27057 -1.17697 5.3235 2.41905 -0.228038 
514 -3.16988 3.4589 -1.4547 5.66256 1.93285 -0.170725 
515 -4.33631 4.48842 -1.19094 5.98002 1.39693 -0.113191 
516 -4.36923 4.67065 -1.68093 6.32219 0.858244 -0.0527278 
517 -4.19093 4.87591 -1.77219 6.69074 0.331323 0.00800079 
518 -3.77138 4.832 -1.72782 7.10244 0.095104 0.0198647 
519 -3.06014 4.04709 -0.540366 6.98422 0.0234121 0.00515454 
520 -2.14494 4.0612 -0.11555 6.77961 -0.0122591 -0.0102315 
521 22.217 54.025 13.3728 3.69671 1.33949 0.842888 
522 6.46591 31.9445 -7.92451 2.25493 1.70576 -0.156211 
523 -16.5987 51.266 0.833662 -0.502626 0.828967 -1.06493 
524 -5.04538 32.4843 -9.32408 -2.15751 0.605976 -0.684063 
525 -4.07419 25.6264 -5.19963 -3.43114 0.432578 -0.47342 
526 -2.95919 19.72 -3.47093 -4.35181 0.322957 -0.0824147 
527 -2.12178 14.0693 -2.30092 -5.03595 0.231912 -0.0769087 
528 -1.67019 9.72061 -1.37187 -5.50814 0.146619 -0.0638599 
529 -1.21775 6.28632 -0.639136 -5.81518 0.0831916 -0.0521377 
530 -0.807721 3.5754 -0.105431 -6.00493 0.0393857 -0.0486429 
531 -0.597427 2.87693 0.668314 -6.20344 0.00513394 -0.0426865 
532 -0.32756 2.77392 0.888753 -6.42823 -0.0140501 -0.0400053 
533 -0.208104 0.542071 0.738394 -7.45487 -0.030993 -0.0382995 
534 0.585888 1.78746 0.759026 -7.75783 -0.0625513 -0.031972 
535 -1.3611 1.49111 0.578821 -7.97116 -0.221059 0.0349853 
536 -1.45839 1.25421 1.94408 -8.07486 -0.0713267 0.0086714 
537 -0.666966 1.0356 2.35357 -8.10093 -0.0851659 0.00112729 
538 -0.165541 0.765669 1.97146 -8.06623 -0.129375 0.00170218 
539 0.208067 0.461842 1.55984 -7.98038 -0.15446 0.00151339 
540 0.523768 0.454288 0.969667 -7.72286 -0.16333 0.000963119 
541 0.779964 0.674402 0.232985 -7.19036 -0.159167 0.000460181 
542 0.930003 0.245442 0.0721995 -6.6941 -0.147609 -0.00011465 
543 16.2076 -26.7747 11.5716 -4.76553 0.701657 0.00521377 
544 5.21926 -14.8223 -4.96289 -3.56073 0.942108 -0.00218703 
545 1.97962 -13.3539 -2.29586 -2.46118 1.01772 -0.00672797 
546 -5.87628 -16.2344 -0.0119652 -1.23215 0.667707 -0.00909116 
547 -4.21359 -12.3739 -2.55462 -0.241876 0.417539 -0.0101843 
548 -2.96725 -8.97303 -2.3732 0.545828 0.235025 -0.0112302 
549 -1.96972 -5.76338 -1.94433 1.14499 0.106461 -0.0122171 
550 -2.64433 -4.05549 -1.04889 1.64118 -0.0604791 -0.011983 
551 -2.91751 -2.39524 -0.833352 2.03812 -0.242706 -0.0091012 
552 -2.12113 -2.13652 -0.164259 2.4163 -0.382681 -0.00788689 
553 -1.09783 -2.3007 0.063629 2.79975 -0.469171 -0.00686247 
554 -0.230133 -2.44347 0.00284102 3.18933 -0.510986 -0.00601651 
555 0.466427 -2.57002 -0.0952758 3.58666 -0.517353 -0.00541012 
556 1.01647 -2.40356 -0.287304 4.11486 -0.496132 -0.0049436 
557 1.37925 -2.78205 -0.289191 4.52409 -0.457042 -0.00496897 
558 19.1722 21.9954 5.20263 -1.24443 0.386706 -0.339446 
559 8.39624 20.3138 -4.32432 -1.788 0.821383 -0.0703673 
560 6.21734 19.1196 -1.05707 -2.26492 1.13422 -0.0590581 
561 2.35291 15.0922 -1.37879 -2.55854 1.24476 -0.0494206 
562 -0.572671 11.8976 -0.925264 -2.72233 1.2051 -0.0396827 
563 -3.36916 15.0604 3.20123 0.171269 1.13169 -0.0279815 
564 -4.93305 7.25963 0.281992 -0.0513416 0.864275 -0.0272331 
565 -4.80998 6.28053 -0.207188 -0.23041 0.595617 -0.0226279 
566 -4.4168 5.48753 -0.196186 -0.373039 0.350089 -0.0184837 
567 -3.85926 4.78975 -0.146232 -0.484367 0.135496 -0.0148834 
568 -3.2151 4.16004 -0.105185 -0.568065 -0.0442887 -0.0118821 
569 -2.54215 3.58522 -0.0741413 -0.627013 -0.188323 -0.00948618 
570 -1.88217 3.05875 -0.0500845 -0.663674 -0.297764 -0.00766278 
571 -1.26387 2.57845 -0.0305873 -0.680311 -0.375179 -0.0063541 
572 -0.705721 2.14416 -0.0141502 -0.679201 -0.424015 -0.00548938 
573 -0.218037 1.75736 0.000100993 -0.662605 -0.448175 -0.00499412 
574 0.194898 1.41957 0.0125432 -0.632848 -0.451713 -0.00479636 
575 0.53323 1.13192 0.0232749 -0.59228 -0.438609 -0.00483051 
576 2.33812 -2.37902 1.07848 -0.363697 -0.326895 -0.0049723 
577 2.0738 -1.19329 -0.0463428 -0.204673 -0.233408 -0.00590782 
578 1.82363 -0.0725167 -0.14809 -0.0845528 -0.154277 -0.0063352 
579 1.54257 0.483831 -0.121694 -0.0218803 -0.0901369 -0.0067676 
580 1.27088 0.916965 -0.0990831 0.0159736 -0.04077 -0.00702257 
581 1.02382 1.2135 -0.0786201 0.0364817 -0.00471585 -0.00712976 
582 0.810639 1.40733 -0.060881 0.0453956 0.0199418 -0.0071159 
583 5.49119 -20.6895 -0.828043 -2.80312 0.193202 -0.0153092 
584 5.18288 -6.8314 -0.574894 -1.9883 0.460674 -0.0136918 
585 3.49188 -2.82759 -0.3555 -1.42782 0.647652 -0.0157272 
586 -1.19999 -2.54058 0.900209 -0.920066 0.581829 -0.0141885 
587 -0.705505 0.907996 -0.196967 -0.633123 0.544501 -0.0136949 
588 0.527294 16.4705 0.503254 1.23318 0.63353 -0.012821 
589 -1.60157 9.42294 -0.0936113 0.782713 0.541393 -0.00977638 
590 -2.72227 7.26111 0.0756147 0.448291 0.389673 -0.00866902 
591 -3.08495 5.7578 0.0535669 0.194654 0.219518 -0.00714834 
592 -2.56118 4.15388 0.167255 0.0272436 0.0783571 -0.00589791 
593 -1.81204 2.8735 0.160032 -0.0718277 -0.0222838 -0.00498385 
594 -1.14692 2.00066 0.0993213 -0.125017 -0.0873169 -0.00434903 
595 -0.606039 1.41386 0.0524097 -0.147612 -0.123605 -0.00392306 
596 -0.195995 1.02999 0.0202693 -0.150508 -0.138277 -0.00364643 
597 0.0943291 0.789161 -0.000541193 -0.141447 -0.137797 -0.00346963 
598 0.284204 0.650564 -0.0132709 -0.125726 -0.127549 -0.00335507 
599 0.394482 0.583118 -0.0201753 -0.107032 -0.111771 -0.00327656 
600 0.445173 0.562283 -0.0229797 -0.087878 -0.0936125 -0.00321495 
601 0.453806 0.569628 -0.0230279 -0.0698604 -0.0752721 -0.00315761 
602 0.435825 0.59805 -0.0218894 -0.0536057 -0.0581224 -0.00309673 
603 0.401568 0.63372 -0.0195624 -0.0397464 -0.0429842 -0.00302793 
604 0.36578 0.711743 -0.020318 -0.0265214 -0.0298743 -0.00294921 
605 0.316854 0.728959 -0.0135595 -0.0183836 -0.0194947 -0.00285756 
606 0.273053 0.755031 -0.0111492 -0.0119323 -0.0115213 -0.00275811 
607 0.235061 0.779265 -0.00921716 -0.00704185 -0.0056195 -0.00265621 
608 0.203773 0.802917 -0.00779966 -0.00336281 -0.00141095 -0.00255049 
609 0.178211 0.820827 -0.00635252 -0.000866956 0.00142416 -0.00244152 
610 0.158131 0.834015 -0.00519841 0.000712638 0.00318844 -0.00233092 
611 0.138565 0.81442 -0.00187336 0.000318134 0.00388342 -0.00221634 
612 0.127379 0.808326 -0.00196496 0.000248069 0.00399032 -0.00210524 
613 0.121304 0.806026 -0.00214615 0.000301611 0.00378343 -0.0019977 
614 0.118333 0.805537 -0.00224502 0.000382188 0.00342852 -0.00189387 
615 0.117211 0.805806 -0.00229766 0.000449536 0.00302362 -0.0017938 
616 0.117121 0.806128 -0.00233311 0.000494961 0.00262125 -0.00172509 
617 0.117635 0.806537 -0.00236581 0.000520331 0.00225441 -0.00165902 
618 0.118432 0.806878 -0.00239615 0.000529435 0.00193712 -0.00159545 
619 0.119315 0.807117 -0.00242568 0.000527766 0.00167313 -0.00153433 
620 0.120174 0.807258 -0.00245454 0.000520569 0.00146033 -0.00147557 
621 0.120948 0.807326 -0.0024818 0.000511683 0.00129355 -0.0014191 
622 0.12161 0.807346 -0.00250677 0.000503722 0.00116629 -0.00136479 
623 0.122152 0.807341 -0.0025287 0.000497966 0.00107178 -0.00131257 
624 0.122579 0.807325 -0.00254742 0.000494968 0.00100358 -0.00126232 
625 0.122903 0.807313 -0.00256276 0.000494546 0.000955909 -0.00121397 
626 0.123136 0.807308 -0.00257505 0.000496339 0.000923833 -0.00116741 
627 0.123294 0.807314 -0.00258448 0.000499688 0.000903229 -0.00112257 
628 0.123391 0.807331 -0.00259158 0.000504066 0.000890796 -0.00107938 
629 0.123441 0.80736 -0.00259665 0.000508857 0.000883937 -0.00103776 
630 0.123454 0.807396 -0.00260022 0.000513691 0.000880693 -0.000997646 
631 0.12344 0.807439 -0.00260251 0.00051816 0.000879607 -0.000958984 
632 0.123407 0.807486 -0.002604 0.000522119 0.000879657 -0.000921715 
633 0.12336 0.807537 -0.0026048 0.000525364 0.000880138 -0.000885784 
634 0.123305 0.807587 -0.00260525 0.00052792 0.000880608 -0.000851142 
635 0.123245 0.807639 -0.00260538 0.000529718 0.000880798 -0.000817742 
636 0.123182 0.807689 -0.00260544 0.000530885 0.000880585 -0.000785539 
637 0.123118 0.807739 -0.00260538 0.000531416 0.000879922 -0.000754489 
638 0.123055 0.807785 -0.00260538 0.000531475 0.000878833 -0.000724552 
639 0.122992 0.807832 -0.00260534 0.000531076 0.000877362 -0.000695687 
640 0.122931 0.807875 -0.00260542 0.000530382 0.000875583 -0.000667857 
641 0.122871 0.807919 -0.00260548 0.000529396 0.000873561 -0.000641024 
642 0.122812 0.807959 -0.00260566 0.000528266 0.000871373 -0.000615155 
643 0.122754 0.808 -0.00260581 0.000526974 0.000869072 -0.000590213 
644 0.122697 0.808039 -0.00260608 0.000525644 0.000866719 -0.000566168 
645 0.122641 0.808078 -0.0026063 0.000524239 0.000864347 -0.000542985 
646 0.122586 0.808115 -0.00260662 0.000522863 0.000861998 -0.000520636 
647 0.122531 0.808153 -0.00260688 0.000521462 0.000859687 -0.00049909 
648 0.122477 0.808189 -0.00260722 0.000520127 0.000857439 -0.000478318 
649 0.122422 0.808226 -0.00260749 0.000518792 0.000855256 -0.000458293 
650 0.122368 0.808262 -0.00260783 0.000517538 0.000853154 -0.000438989 
651 0.122314 0.808299 -0.00260811 0.000516306 0.000851127 -0.000420379 
652 0.12226 0.808335 -0.0026084 0.00051511 0.000849174 -0.000402438 
653 0.122206 0.80837 -0.00260873 0.000513997 0.000847302 -0.000385143 
654 0.122151 0.808407 -0.00260898 0.00051289 0.000845498 -0.00036847 
655 0.122097 0.808443 -0.0026093 0.000511863 0.000843767 -0.000352398 
656 0.122043 0.808479 -0.00260953 0.000510838 0.000842097 -0.000336904 
657 0.121989 0.808515 -0.00260984 0.000509888 0.000840492 -0.000321968 
658 0.121934 0.808551 -0.00261006 0.000508934 0.00083894 -0.00030757 
659 0.12188 0.808587 -0.00261036 0.000508052 0.000837446 -0.00029369 
660 0.121825 0.808623 -0.00261057 0.000507162 0.000836 -0.00028031 
661 0.121771 0.808658 -0.00261086 0.00050634 0.000834605 -0.000267413 
662 0.121716 0.808695 -0.00261107 0.000505507 0.000833252 -0.00025498 
663 0.121662 0.80873 -0.00261135 0.000504737 0.000831947 -0.000242995 
664 0.121607 0.808767 -0.00261155 0.000503955 0.000830679 -0.000231442 
665 0.121552 0.808802 -0.00261182 0.000503234 0.000829455 -0.000220306 
666 0.121498 0.808838 -0.00261202 0.000502499 0.000828266 -0.000209572 
667 0.121443 0.808873 -0.00261229 0.000501823 0.000827117 -0.000199224 
668 0.121388 0.80891 -0.00261248 0.000501131 0.000826 -0.00018925 
669 0.121333 0.808944 -0.00261274 0.000500496 0.000824922 -0.000179636 
670 0.121279 0.808981 -0.00261293 0.000499844 0.000823873 -0.000170368 
671 0.121224 0.809016 -0.00261319 0.000499249 0.00082286 -0.000161435 
672 0.121169 0.809052 -0.00261338 0.000498635 0.000821874 -0.000152825 
673 0.121114 0.809087 -0.00261364 0.000498077 0.000820923 -0.000144526 
674 0.12106 0.809123 -0.00261382 0.000497498 0.000819997 -0.000136526 
675 0.121005 0.809157 -0.00261407 0.000496974 0.000819103 -0.000128815 
676 0.12095 0.809193 -0.00261425 0.000496429 0.000818233 -0.000121383 
677 0.120895 0.809228 -0.0026145 0.000495937 0.000817394 -0.000114219 
678 0.12084 0.809264 -0.00261468 0.000495423 0.000816576 -0.000107315 
679 0.120786 0.809299 -0.00261493 0.000494962 0.000815787 -0.00010066 
680 0.120731 0.809335 -0.0026151 0.000494478 0.000815019 -9.42456e-05 
681 0.120676 0.809369 -0.00261535 0.000494045 0.000814277 -8.80635e-05 
682 0.120621 0.809405 -0.00261552 0.000493588 0.000813555 -8.21048e-05 
683 0.120566 0.809439 -0.00261577 0.000493182 0.000812858 -7.6362e-05 
684 0.120511 0.809475 -0.00261594 0.000492751 0.000812179 -7.08268e-05 
685 0.120456 0.809509 -0.00261618 0.000492371 0.000811524 -6.54924e-05 
686 0.120401 0.809545 -0.00261634 0.000491964 0.000810885 -6.03508e-05 
687 0.120347 0.809579 -0.00261658 0.000491607 0.00081027 -5.53958e-05 
688 0.120292 0.809615 -0.00261675 0.000491223 0.000809669 -5.062e-05 
689 0.120237 0.809649 -0.00261699 0.000490887 0.00080909 -4.60177e-05 
690 0.120182 0.809685 -0.00261715 0.000490525 0.000808525 -4.15818e-05 
691 0.120127 0.809719 -0.00261738 0.00049021 0.00080798 -3.73072e-05 
692 0.120072 0.809755 -0.00261754 0.000489868 0.000807448 -3.31873e-05 
693 0.120017 0.809789 -0.00261778 0.000489573 0.000806936 -2.92171e-05 
694 0.119962 0.809824 -0.00261794 0.000489249 0.000806435 -2.53908e-05 
695 0.119907 0.809858 -0.00261817 0.000488972 0.000805953 -2.17036e-05 
696 0.119852 0.809894 -0.00261833 0.000488666 0.000805481 -1.81501e-05 
697 0.119797 0.809928 -0.00261856 0.000488406 0.000805027 -1.47259e-05 
698 0.104199 0.868032 0.000674383 -0.00264399 -4.31564e-05 -5.60119e-06 
699 0.118037 0.808835 -0.00245605 -0.00260558 -0.00013913 -1.35136e-06 
700 0.120135 0.804192 -0.00287218 -0.00232597 -0.00012207 1.49327e-06 
701 0.120443 0.804174 -0.00289192 -0.00205296 -8.88255e-05 4.09619e-06 
702 0.12051 0.80453 -0.00287166 -0.00180576 -5.22645e-05 6.58493e-06 
703 0.120536 0.804884 -0.00284919 -0.00158342 -1.44458e-05 8.97694e-06 
704 0.120546 0.805207 -0.00282803 -0.00138357 2.39078e-05 1.12786e-05 
705 0.120544 0.805498 -0.00280859 -0.0012038 6.23277e-05 1.3494e-05 
706 0.120533 0.805762 -0.00279069 -0.0010421 0.000100429 1.56275e-05 
707 0.120513 0.806 -0.00277436 -0.000896517 0.00013792 1.76825e-05 
708 0.120487 0.806217 -0.00275938 -0.00076545 0.000174552 1.96628e-05 
709 0.120454 0.806414 -0.00274576 -0.000647349 0.000210148 2.15712e-05 
710 0.120416 0.806594 -0.0027333 -0.000540932 0.00024456 2.34111e-05 
711 0.120374 0.806758 -0.00272201 -0.000444952 0.000277692 2.5185e-05 
712 0.120328 0.806909 -0.0027117 -0.000358398 0.000309465 2.68958e-05 
713 0.12028 0.807046 -0.00270238 -0.000280259 0.000339841 2.85457e-05 
714 0.120228 0.807174 -0.00269386 -0.000209737 0.000368788 3.01373e-05 
715 0.120175 0.807291 -0.00268619 -0.000146011 0.000396309 3.16725e-05 
716 0.12012 0.807399 -0.00267918 -8.84505e-05 0.000422404 3.31537e-05 
717 0.120064 0.8075 -0.00267288 -3.63878e-05 0.000447101 3.45826e-05 
718 0.120006 0.807594 -0.00266713 1.06736e-05 0.000470424 3.59614e-05 
719 0.119948 0.807681 -0.00266197 5.32814e-05 0.000492416 3.72917e-05 
720 0.119889 0.807763 -0.00265724 9.18242e-05 0.000513112 3.85753e-05 
721 0.119829 0.80784 -0.00265302 0.000126754 0.000532568 3.98138e-05 
722 0.119769 0.807913 -0.00264915 0.000158373 0.000550825 4.10089e-05 
723 0.119709 0.807981 -0.0026457 0.000187056 0.000567943 4.21618e-05 
724 0.119648 0.808046 -0.00264253 0.000213037 0.000583966 4.32744e-05 
725 0.119588 0.808108 -0.00263972 0.000236629 0.000598956 4.43477e-05 
726 0.119527 0.808167 -0.00263713 0.000258012 0.000612958 4.53834e-05 
727 0.119467 0.808223 -0.00263484 0.000277449 0.000626031 4.63825e-05 
728 0.119406 0.808278 -0.00263273 0.000295074 0.000638218 4.73464e-05 
729 0.119346 0.80833 -0.00263087 0.000311112 0.000649579 4.82762e-05 
730 0.119286 0.808381 -0.00262915 0.000325662 0.000660152 4.91733e-05 
731 0.119226 0.808429 -0.00262765 0.000338916 0.000669994 5.00385e-05 
732 0.119166 0.808476 -0.00262625 0.000350945 0.000679139 5.08731e-05 
733 0.119107 0.808522 -0.00262504 0.000361915 0.00068764 5.1678e-05 
734 0.119047 0.808567 -0.0026239 0.000371872 0.000695529 5.24544e-05 
735 0.118988 0.80861 -0.00262293 0.000380964 0.000702854 5.32031e-05 
736 0.118929 0.808653 -0.00262201 0.000389219 0.000709642 5.39252e-05 
737 0.11887 0.808694 -0.00262124 0.000396765 0.000715938 5.46214e-05 
