# record data: step_count | acceleration (x y z) | gyro (x y z)
0 0.0854122 -0.00056638 -2.84983e-05 -0 -0 0 
1 0.0846361 -0.00164629 -0.000357377 0.000106396 -0.000116505 -0.00312178 
2 1.68649 -0.00536428 2.30697 0.000346187 0.087422 -0.00160571 
3 -1.60467 0.0044618 -2.70773 9.59987e-05 -0.00449427 -0.00305303 
4 -0.0146252 -5.68672e-05 0.0306678 7.03876e-05 -0.00954473 -0.0030103 
5 0.0933245 -0.000460775 0.0711398 6.68015e-05 -0.00884218 -0.00296816 
6 0.0991939 -0.000492038 0.0582251 6.51334e-05 -0.00786098 -0.0029266 
7 0.0981984 -0.000493329 0.0468717 6.37697e-05 -0.00696492 -0.00288563 
8 0.0968646 -0.000490965 0.0377148 6.25126e-05 -0.00616811 -0.00284522 
9 0.0956313 -0.000488873 0.030347 6.13755e-05 -0.00546163 -0.00280538 
10 0.0945195 -0.00048564 0.0244191 6.02952e-05 -0.00483591 -0.0027661 
11 0.0935219 -0.000483006 0.0196494 5.93022e-05 -0.00428219 -0.00272736 
12 0.0926291 -0.000479367 0.0158116 5.83401e-05 -0.00379255 -0.00268917 
13 0.0918319 -0.000476428 0.0127234 5.74445e-05 -0.00335986 -0.00265151 
14 0.0911216 -0.000472564 0.0102382 5.65631e-05 -0.00297772 -0.00261438 
15 0.0904898 -0.000469465 0.00823817 5.57348e-05 -0.00264043 -0.00257777 
16 0.0899289 -0.000465495 0.00662852 5.49101e-05 -0.00234286 -0.00254167 
17 0.0894317 -0.000462331 0.00533293 5.41298e-05 -0.00208045 -0.00250607 
18 0.0889915 -0.00045833 0.00429006 5.33463e-05 -0.00184914 -0.00247098 
19 0.0886025 -0.000455164 0.00345053 5.26019e-05 -0.00164533 -0.00243637 
20 0.0882592 -0.000451182 0.00277464 5.185e-05 -0.00146581 -0.00240225 
21 0.0879565 -0.000448052 0.00223043 5.11339e-05 -0.00130772 -0.00236861 
22 0.0876901 -0.000444119 0.00179221 5.04075e-05 -0.00116855 -0.00233544 
23 0.087456 -0.000441049 0.00143928 4.97149e-05 -0.00104607 -0.00230273 
24 0.0872504 -0.000437184 0.00115502 4.90104e-05 -0.000938302 -0.00227048 
25 0.0870702 -0.000434188 0.000926028 4.83384e-05 -0.000843494 -0.00223868 
26 0.0869125 -0.000430402 0.000741531 4.76536e-05 -0.000760106 -0.00220733 
27 0.0867746 -0.000427488 0.00059286 4.70004e-05 -0.000686776 -0.00217642 
28 0.0866544 -0.000423787 0.000473036 4.63338e-05 -0.0006223 -0.00214594 
29 0.0865498 -0.000420959 0.000376443 4.56985e-05 -0.000565619 -0.00211589 
30 0.0864589 -0.000417345 0.000298561 4.50493e-05 -0.000515795 -0.00208625 
31 0.0863802 -0.000414605 0.00023575 4.4431e-05 -0.000472006 -0.00205704 
32 0.0863122 -0.000411078 0.000185081 4.37987e-05 -0.000433524 -0.00202823 
33 0.0862536 -0.000408425 0.000144195 4.31971e-05 -0.000399709 -0.00199983 
34 0.0862034 -0.000404984 0.000111195 4.25812e-05 -0.000369998 -0.00197182 
35 0.0861605 -0.000402417 8.45494e-05 4.19958e-05 -0.000343896 -0.00194421 
36 0.0861241 -0.000399061 6.30281e-05 4.1396e-05 -0.000320966 -0.00191698 
37 0.0860934 -0.000396578 4.56386e-05 4.08266e-05 -0.000300823 -0.00189013 
38 0.0860677 -0.000393305 3.15819e-05 4.02426e-05 -0.00028313 -0.00186366 
39 0.0860465 -0.000390904 2.02139e-05 3.96889e-05 -0.000267591 -0.00183756 
40 0.0860291 -0.000387712 1.1016e-05 3.91204e-05 -0.000253943 -0.00181183 
41 0.0860151 -0.00038539 3.56968e-06 3.8582e-05 -0.000241956 -0.00178646 
42 0.0860042 -0.000382276 -2.46198e-06 3.80287e-05 -0.00023143 -0.00176144 
43 0.0859959 -0.000380031 -7.35093e-06 3.75053e-05 -0.000222187 -0.00173677 
44 0.0859899 -0.000376994 -1.13164e-05 3.69669e-05 -0.00021407 -0.00171245 
45 0.0859859 -0.000374824 -1.45352e-05 3.64582e-05 -0.000206943 -0.00168847 
46 0.0859838 -0.00037186 -1.71501e-05 3.59344e-05 -0.000200684 -0.00166483 
47 0.0859833 -0.000369763 -1.92764e-05 3.54401e-05 -0.000195189 -0.00164151 
48 0.0859841 -0.000366871 -2.10069e-05 3.49304e-05 -0.000190364 -0.00161852 
49 0.0859862 -0.000364845 -2.24169e-05 3.44501e-05 -0.000186128 -0.00159586 
50 0.0859893 -0.000362022 -2.3567e-05 3.39543e-05 -0.000182409 -0.00157351 
51 0.0859934 -0.000360064 -2.45064e-05 3.34877e-05 -0.000179144 -0.00155148 
52 0.0859982 -0.000357309 -2.52747e-05 3.30054e-05 -0.000176277 -0.00152975 
53 0.0860039 -0.000355418 -2.59041e-05 3.25521e-05 -0.00017376 -0.00150833 
54 0.0860101 -0.000352728 -2.64204e-05 3.20829e-05 -0.00017155 -0.00148721 
55 0.086017 -0.000350901 -2.68449e-05 3.16425e-05 -0.00016961 -0.00146638 
56 0.0860243 -0.000348275 -2.71944e-05 3.11862e-05 -0.000167907 -0.00144585 
57 0.086032 -0.000346511 -2.7483e-05 3.07584e-05 -0.000166412 -0.0014256 
58 0.0860402 -0.000343947 -2.77217e-05 3.03145e-05 -0.000165099 -0.00140564 
59 0.0860486 -0.000342243 -2.79198e-05 2.9899e-05 -0.000163946 -0.00138595 
60 0.0860574 -0.000339739 -2.80845e-05 2.94671e-05 -0.000162935 -0.00136655 
61 0.0860664 -0.000338095 -2.8222e-05 2.90636e-05 -0.000162047 -0.00134741 
62 0.0860757 -0.000335649 -2.83372e-05 2.86435e-05 -0.000161267 -0.00132854 
63 0.0860851 -0.000334063 -2.8434e-05 2.82515e-05 -0.000160582 -0.00130994 
64 0.0860947 -0.000331674 -2.85157e-05 2.78429e-05 -0.000159981 -0.0012916 
65 0.0861045 -0.000330143 -2.85851e-05 2.74622e-05 -0.000159454 -0.00127351 
66 0.0861144 -0.000327809 -2.86441e-05 2.70646e-05 -0.00015899 -0.00125568 
67 0.0861244 -0.000326333 -2.86947e-05 2.66949e-05 -0.000158584 -0.0012381 
68 0.0861345 -0.000324052 -2.87383e-05 2.63081e-05 -0.000158227 -0.00122076 
69 0.0861447 -0.000322629 -2.87761e-05 2.5949e-05 -0.000157913 -0.00120367 
70 0.086155 -0.0003204 -2.88091e-05 2.55727e-05 -0.000157638 -0.00118681 
71 0.0861654 -0.000319028 -2.88381e-05 2.5224e-05 -0.000157396 -0.0011702 
72 0.0861758 -0.00031685 -2.88637e-05 2.48579e-05 -0.000157184 -0.00115381 
73 0.0861799 0.0017561 0.000325679 8.84783e-05 -0.000157302 -0.00113764 
74 0.0862004 0.00600149 -5.14614e-05 0.00025818 -0.000156717 -0.00112166 
75 0.0862126 0.0102922 -5.45016e-05 0.000502314 -0.000155682 -0.00110586 
76 0.0862247 0.0144739 -5.01623e-05 0.000802597 -0.000154006 -0.00109023 
77 0.086237 0.0185529 -4.52109e-05 0.00114514 -0.000151454 -0.00107477 
78 0.0862496 0.0225522 -3.97266e-05 0.00151911 -0.000147762 -0.00105949 
79 0.0862627 0.0264943 -3.36391e-05 0.00191632 -0.000142626 -0.00104437 
80 0.0862761 0.0304066 -2.68566e-05 0.00233066 -0.0001357 -0.00102942 
81 0.0862901 0.0343151 -1.92652e-05 0.0027579 -0.000126583 -0.00101462 
82 0.0863045 0.0382493 -1.07267e-05 0.00319521 -0.000114811 -0.000999987 
83 0.0863194 0.0422374 -1.07437e-06 0.00364109 -9.98456e-05 -0.000985505 
84 0.0863347 0.0463112 9.89051e-06 0.00409498 -8.10605e-05 -0.000971175 
85 0.0863505 0.0504997 2.24029e-05 0.00455725 -5.77245e-05 -0.000956993 
86 0.0863668 0.0548372 3.67405e-05 0.00502892 -2.89842e-05 -0.000942957 
87 0.0863833 0.0593543 5.32284e-05 0.00551169 6.15687e-06 -0.000929063 
88 0.0864002 0.0640869 7.22486e-05 0.00600767 4.88632e-05 -0.000915309 
89 0.0864174 0.0690675 9.42458e-05 0.00651948 0.000100495 -0.000901691 
90 0.0864346 0.0743347 0.000119741 0.00705005 0.000162644 -0.000888206 
91 0.0864519 0.0799233 0.000149341 0.0076027 0.000237167 -0.000874854 
92 0.086469 0.0858747 0.000183751 0.00818099 0.000326235 -0.000861632 
93 0.0864859 0.0922273 0.000223796 0.00878881 0.000432386 -0.00084854 
94 0.0865022 0.0990263 0.000270434 0.00943028 0.000558581 -0.000835579 
95 0.0865178 0.106313 0.000324781 0.0101098 0.00070828 -0.000822751 
96 0.0865322 0.114139 0.000388136 0.010832 0.00088552 -0.000810061 
97 -40.1807 0.109467 1.18893 0.0122262 1.34406 -0.000822198 
98 -13.4145 0.535079 -0.36399 -0.0086551 0.276955 -0.000793915 
99 -2.97924 0.286235 -0.392552 -0.0157144 -0.197658 -0.000804503 
100 2.1243 0.178893 -0.265963 -0.0165059 -0.368 -0.000821881 
101 4.36493 0.141839 -0.170452 -0.0147468 -0.391109 -0.000840007 
102 28.4876 0.152435 -0.380163 -0.0128818 -1.16325 -0.000855009 
103 13.3733 0.133337 0.0439019 -0.00934356 -0.453805 -0.000875496 
104 6.71487 0.168636 0.170145 -0.00696765 -0.101133 -0.00086965 
105 3.15297 0.19557 0.0921574 -0.00520556 0.0605647 -0.000861274 
106 1.29928 0.219591 0.0425687 -0.00382955 0.123264 -0.000852538 
107 0.378836 0.243005 0.0168688 -0.00273049 0.137162 -0.000844401 
108 -0.0420706 0.266804 0.00472597 -0.00184697 0.129083 -0.000837384 
109 -0.20374 0.291454 -0.000198031 -0.00113675 0.112915 -0.000831883 
110 -0.237319 0.317233 -0.00143855 -0.000566284 0.0955057 -0.000828305 
111 -0.212863 0.344362 -0.000892635 -0.000107056 0.0799481 -0.000827135 
112 -0.166611 0.37306 0.000460265 0.000265315 0.0674064 -0.000828976 
113 -0.116374 0.403545 0.00214226 0.000571411 0.0581067 -0.000834594 
114 -0.0701364 0.436056 0.0039439 0.000828302 0.0518652 -0.000844954 
115 -0.02274 1.20304 0.0154059 0.0236229 0.0524329 -0.00087486 
116 0.00816007 0.794602 0.00918417 0.00727353 0.0523549 -0.000911181 
117 0.0311788 0.672428 0.0111787 7.92053e-05 0.0544178 -0.000957763 
118 0.0494805 0.638376 0.0137174 -0.00250876 0.0585008 -0.00101839 
119 0.0638075 0.652226 0.0164878 -0.00289831 0.0645478 -0.00109725 
120 0.0749117 0.692598 0.0195609 -0.00232693 0.0725727 -0.00119943 
121 0.0834798 0.748259 0.0230276 -0.00141018 0.0826595 -0.00133121 
122 -23.9267 0.807089 0.153478 -0.000205258 0.761966 -0.000660382 
123 -8.08986 0.896934 -0.24408 5.22184e-05 0.125615 -0.000626944 
124 -1.8237 0.962996 -0.188389 0.000852783 -0.155807 -0.000622228 
125 1.248 1.04363 -0.0943205 0.0016875 -0.254926 -0.000621605 
126 2.60215 1.13284 -0.0366795 0.00241677 -0.265865 -0.000622992 
127 17.459 1.23577 0.261989 0.00293564 -0.505795 -0.00268172 
128 7.95542 1.32739 0.166354 0.0036942 -0.0720981 -0.00307924 
129 3.87876 1.44185 0.104019 0.00411069 0.147357 -0.00353272 
130 1.68809 1.55963 0.0440382 0.00445928 0.253907 -0.00407973 
131 0.538349 1.68464 0.0131797 0.00482392 0.304149 -0.0047484 
132 -0.0454146 1.81882 8.75902e-05 0.00522752 0.329172 -0.00557259 
133 -0.32944 1.96333 -0.00322208 0.00567183 0.345846 -0.00659386 
134 -0.461581 2.11908 -0.00130127 0.0061534 0.363226 -0.00786365 
135 -0.539662 5.86828 0.127172 0.117145 0.457265 -0.0110938 
136 -0.565657 3.869 -0.000731909 0.0367246 0.497071 -0.0137083 
137 -0.643402 3.27018 0.00579206 0.00121736 0.546365 -0.0168874 
138 -0.713792 3.10289 0.0183119 -0.0116607 0.607656 -0.0208063 
139 -0.791557 3.17017 0.0304096 -0.0137136 0.682991 -0.0256749 
140 -0.965729 3.36739 0.0297816 -0.011045 0.73164 -0.0305421 
141 -1.59088 3.64083 -0.0307901 -0.00687815 0.557628 -0.0288704 
142 -2.15151 3.95642 -0.0445384 -0.0022963 0.362319 -0.0259574 
143 -2.53666 4.30656 -0.045202 0.00202658 0.153235 -0.0215048 
144 -2.84914 4.68498 -0.0430163 0.00585698 -0.0677558 -0.0151151 
145 -3.14907 5.08981 -0.0401228 0.00916304 -0.30204 -0.00626778 
146 -3.2522 5.52176 -0.0274728 0.0120326 -0.53787 0.00469193 
147 -0.653824 5.98512 0.109844 0.0148909 -0.592959 0.00513908 
148 0.618565 6.48324 0.179788 0.0173092 -0.578523 0.00544485 
149 1.17274 7.01425 0.229826 0.0194629 -0.533319 0.00564654 
150 1.64118 7.53642 0.266554 0.0237672 -0.487143 0.00244638 
151 1.44405 7.30231 0.227605 -0.000325795 -0.423305 0.00239533 
152 1.28116 5.94515 0.0902362 -0.0571777 -0.36788 0.00249437 
153 1.1277 4.29081 -0.0208768 -0.115541 -0.320387 0.00273964 
154 0.991677 2.65585 -0.104547 -0.163037 -0.279924 0.00300235 
155 0.87619 -3.62396 2.00955 -0.343883 -0.247015 0.00401964 
156 0.776605 -7.20809 0.346431 -0.413123 -0.217613 0.00470611 
157 1.64789 -8.37314 0.397416 -0.389264 -0.127656 -0.00462547 
158 2.32149 -8.49787 0.445426 -0.330481 0.00271126 -0.0180846 
159 2.1768 -8.13666 0.267106 -0.266056 0.0952923 -0.0261194 
160 0.679737 -11.3007 -0.561911 -0.335491 0.0121281 -0.0098548 
161 0.385879 -8.53689 -0.266553 -0.185397 0.0288843 -0.00923251 
162 0.141629 -6.96418 -0.240383 -0.100216 0.0323466 -0.00870512 
163 0.0349068 -5.9443 -0.258478 -0.0516243 0.029928 -0.00823661 
164 -0.00243328 -5.24269 -0.263029 -0.0238337 0.0253048 -0.00780857 
165 -0.00524291 -4.73014 -0.258334 -0.00794598 0.0202804 -0.00741048 
166 0.00796331 -4.33381 -0.248842 0.00108109 0.0156643 -0.00703629 
167 0.0276079 -4.0122 -0.237201 0.00612067 0.0117528 -0.00668241 
168 0.048992 -3.74146 -0.224905 0.00882105 0.00859067 -0.00634652 
169 0.0700262 -3.5075 -0.212765 0.0101387 0.00611114 -0.00602701 
170 0.0899735 -3.30193 -0.201211 0.0106322 0.00420741 -0.00572261 
171 0.108762 -3.11968 -0.190477 0.0106268 0.00276786 -0.00543218 
172 0.126623 -2.95726 -0.180622 0.0103256 0.00169157 -0.00515467 
173 -4.65547 60.4961 1.23804 2.70099 -0.0455613 -0.140316 
174 2.56193 14.6814 -10.7477 1.48674 0.130375 -0.417762 
175 -4.54609 -8.75429 -4.30039 1.29333 -0.258939 0.00988801 
176 -2.48218 -9.5392 0.474308 1.27877 -0.41729 0.0160324 
177 -0.667135 -8.14993 1.13443 1.24632 -0.466269 0.0160556 
178 2.06233 -30.6872 9.13832 -1.6425 -0.510499 -9.83579e-06 
179 2.45967 -17.2085 0.43552 -0.823972 -0.392948 -0.000614342 
180 1.74325 -14.3489 -0.440257 -0.152607 -0.333742 0.0147636 
181 0.238343 -11.6605 -0.477017 0.377048 -0.37688 0.0511312 
182 -0.632705 -9.0846 -0.38766 0.77253 -0.472436 0.0884101 
183 -1.05317 -6.50687 -0.225538 1.03402 -0.596142 0.126365 
184 -1.38169 -3.23528 0.277998 1.2457 -0.584075 0.112592 
185 -0.878168 -0.774253 -0.0420604 1.42257 -0.536264 0.093895 
186 -0.575834 1.06165 0.0187487 1.5075 -0.475837 0.0765057 
187 -0.942648 2.09666 0.37607 1.54467 -0.438804 0.060188 
188 -1.08036 2.98252 0.380787 1.54197 -0.411472 0.0447553 
189 -1.1453 2.50516 -0.087309 1.57394 -0.389866 0.0302803 
190 -0.0626556 1.60877 0.27257 1.66652 -0.257064 -0.0431824 
191 1.57981 1.95413 0.598771 1.75076 -0.0381485 -0.116623 
192 2.79251 2.8464 0.68256 1.7979 0.200639 -0.178358 
193 2.94313 4.8766 1.06219 1.74747 0.43849 -0.239508 
194 5.14252 5.2241 0.572116 1.69151 0.789798 -0.300779 
195 7.02252 5.65021 -0.534446 1.61191 0.978172 -0.273892 
196 5.78682 5.78597 -1.09109 1.53676 1.08582 -0.241591 
197 4.54074 5.92694 -1.2348 1.46819 1.14069 -0.212132 
198 3.38749 6.0698 -1.31 1.40681 1.14725 -0.185142 
199 2.0647 6.61877 -1.6477 1.28978 -0.23862 0.114897 
200 0.14977 4.96029 -0.327484 0.731468 -0.20038 0.105872 
201 -0.0220024 5.10011 -0.147286 0.188826 -0.177967 0.0962146 
202 -0.0520024 5.18918 -0.155534 -0.342483 -0.168683 0.0875212 
203 0.0901559 5.19274 -0.205737 -0.863009 -0.163214 0.0798327 
204 -0.670562 2.34047 -1.4801 -1.5409 0.195248 -0.0408591 
205 0.138154 3.082 -0.0411064 -1.93685 0.101743 -0.030186 
206 2.78521 3.78514 0.489946 -2.37585 0.149763 -0.0187915 
207 7.05267 -4.34827 3.98205 -2.37623 0.462212 -0.0108482 
208 5.53754 -5.00405 0.588828 -2.35813 0.706019 -0.0141376 
209 3.91594 -5.38154 0.383066 -2.33195 0.887777 -0.0235279 
210 2.72829 -5.93352 0.314343 -2.29059 0.959108 -0.0232076 
211 2.14071 -6.77099 0.139037 -2.22102 0.874006 0.00278062 
212 -4.99703 -13.2071 2.5946 -1.81653 0.376807 0.0309275 
213 -3.08264 -13.0261 -0.202662 -1.4459 -0.0356666 0.0640129 
214 -1.5562 -12.9457 -0.382416 -1.09888 -0.361332 0.0917642 
215 -0.116683 -12.7613 -0.25791 -0.782149 -0.450454 0.0836344 
216 1.19476 -12.4093 -0.129764 -0.507188 -0.48579 0.0757708 
217 2.15795 -12.1036 -0.0574731 -0.272599 -0.487139 0.0684182 
218 3.02822 -11.9246 -0.00702305 -0.0739701 -0.460852 0.0618741 
219 3.60615 -11.7077 0.0945111 0.0846153 -0.421235 0.0557028 
220 3.98086 -11.4992 0.204403 0.200619 -0.379723 0.0498607 
221 4.48472 -11.3097 0.332145 0.272783 -0.332053 0.04483 
222 6.90687 -11.4461 1.79805 0.326334 0.101573 -0.0339345 
223 10.0421 -11.6783 2.86013 0.356259 0.847865 -0.1421 
224 13.914 13.7394 10.8885 -1.0564 2.03999 -0.733987 
225 16.3933 -11.5165 0.890399 -1.1096 3.11859 -0.355198 
226 10.3776 -28.2788 0.0610716 -2.28329 1.36433 -0.0101331 
227 -10.8666 -16.9001 -3.62143 -2.01405 -0.852289 0.690258 
228 -12.4486 -7.53908 3.14423 -2.0149 -2.00006 1.43843 
229 -12.0858 -5.70294 3.62897 -2.06812 -2.50213 0.298135 
230 -15.1315 -11.4528 -5.39445 -1.55754 -3.91028 1.83898 
231 -15.1294 -9.18878 -4.4785 -0.680101 -4.94537 2.33801 
232 -11.5696 3.39276 -0.429255 0.896765 -5.68205 0.57884 
233 -8.69304 8.413 -1.21527 1.27331 -5.89297 0.109343 
234 -6.10273 12.5541 -0.978623 1.38159 -6.01184 -0.139026 
235 -3.92248 15.2241 -0.886015 1.29137 -6.00923 -0.329016 
236 -1.45046 17.6607 -1.57147 1.01328 -5.69654 -0.312445 
237 0.213458 18.3191 -1.2693 0.653708 -5.21271 -0.186195 
238 1.90051 18.4546 -0.882314 0.283696 -4.78148 0.15874 
239 3.20951 17.3722 -0.530472 -0.0978609 -4.36194 0.130917 
240 26.6654 -1.84571 8.03104 0.55842 -2.7118 0.0656596 
241 19.5077 8.0804 -3.69723 0.632095 -1.38758 0.300532 
242 17.2137 8.20276 -1.10422 0.615393 -0.322214 0.192436 
243 14.4958 8.34671 -0.759193 0.565934 0.580231 0.106395 
244 11.4214 7.81187 -0.443244 0.527043 1.30962 0.0650214 
245 8.5543 7.16102 -0.252152 0.50541 1.87587 0.0570567 
246 5.82412 7.39358 -0.516877 0.465518 2.32347 0.208468 
247 4.35707 7.50954 -0.517572 0.423428 2.74393 0.604025 
248 2.05933 6.49022 -0.233439 0.357771 2.86138 0.410334 
249 0.245753 5.66791 -0.561807 0.341278 2.81682 0.351962 
250 43.0205 -43.606 6.67732 -3.63884 -1.49654 1.5935 
251 26.2053 -44.063 -14.375 -4.46945 3.0281 5.80947 
252 19.9946 -10.0417 -17.8263 -2.5405 3.9336 11.457 
253 17.4996 -3.82664 -5.68147 -1.14787 5.40218 12.0777 
254 16.0336 13.1442 -4.34702 -1.40142 3.55921 8.27413 
255 7.68432 31.6133 0.283909 2.6105 9.24553 0.0493015 
256 15.9386 33.6698 4.40489 3.34592 10.1369 -0.0301115 
257 16.9529 26.075 -3.63613 2.11973 11.1084 -0.0187733 
258 -73.5907 35.6531 76.5758 0.365365 7.19544 -0.00303578 
259 -27.8978 23.7959 -46.7195 -0.747816 5.80612 -0.00635887 
260 -45.6714 14.8147 3.25333 -1.38667 3.4332 -0.0141779 
261 -38.0467 11.9067 -14.3614 -1.72846 1.48799 -0.0330281 
262 -40.3413 9.99728 -9.91587 -2.13756 -0.591359 -0.0332522 
263 -40.3888 8.15123 -9.36769 -2.46283 -2.5147 0.00219207 
264 4.15779 -1.36397 18.6817 -2.58094 -1.96279 0.06563 
265 -1.00339 0.345773 -2.23979 -2.8022 -1.75137 0.113034 
266 2.62816 0.332577 1.52917 -3.03649 -1.34366 0.160224 
267 6.46391 1.52645 2.654 -3.35171 -0.73307 0.208603 
268 7.85435 -0.294575 1.80253 -3.58283 -0.048347 0.259979 
269 9.2336 -2.00945 2.67216 -3.74143 0.718172 0.317133 
270 10.3603 -2.11381 1.72769 -3.91397 1.54116 0.374324 
271 10.3097 -2.18234 0.899353 -4.09921 2.24416 0.406424 
272 10.7908 -2.12993 -0.18236 -4.30236 2.78096 0.39502 
273 9.66643 -2.23206 -0.355872 -4.52536 3.2783 0.389706 
274 16.0999 -14.928 -9.84094 -10.0353 -3.6383 -0.422446 
275 3.72628 -0.764658 -1.52824 -9.27691 -2.89839 -0.424794 
276 1.27014 -1.33934 0.329965 -8.58917 -2.23039 -0.397579 
277 -0.487683 -1.85289 0.488862 -7.97033 -1.72267 -0.367577 
278 -1.79674 -2.277 0.381563 -7.41468 -1.34566 -0.33757 
279 -5.18019 0.132629 1.03028 -6.39711 3.65147 0.450126 
280 -95.6725 -122.34 127.122 -1.91193 6.4424 6.89967 
281 -22.724 -31.7923 -60.3955 0.278474 4.38661 6.34375 
282 -21.4986 -32.079 -60.5342 2.90022 0.586827 4.41331 
283 -23.8607 -35.4488 -53.7907 5.7269 -3.73218 2.10524 
284 -34.0741 -44.682 -32.7915 8.41391 -5.58668 1.94985 
285 35.6902 -4.64565 71.4975 8.66649 -5.52956 1.7577 
286 20.7976 -1.18291 -8.78228 9.753 -4.63069 1.4218 
287 21.9716 -2.16281 -2.07063 10.1786 -3.6619 1.34011 
288 22.2274 -2.04507 -0.722457 10.6353 -2.71125 1.27731 
289 22.7019 -0.397311 -0.315837 11.7622 -2.20093 1.27898 
290 28.9804 47.4383 38.4126 9.40604 -0.912209 -0.0695447 
291 20.3389 29.2606 -13.4683 8.30636 -0.188555 -0.153802 
292 21.8992 31.1225 -6.07729 7.13369 0.587747 -0.231444 
293 22.4596 31.7431 -4.78952 5.97425 1.3475 -0.308978 
294 23.1265 32.3198 -4.5629 4.82483 2.09289 -0.388423 
295 23.5749 32.3468 -4.76016 3.71538 2.8081 -0.467496 
296 23.9392 31.8927 -5.05136 2.66955 3.48317 -0.54624 
297 24.4718 31.4635 -2.96716 1.67268 4.43332 -0.543807 
298 24.8022 30.6561 -1.83493 0.75534 5.68922 -0.485994 
299 -41.8871 50.1686 29.7116 -1.19722 4.07392 -0.381144 
300 -8.57874 33.5569 -7.62283 -2.18952 4.38066 -0.209191 
301 -4.87945 31.4151 -2.01344 -3.01074 4.25863 -0.213246 
302 -46.7814 -3.21022 7.16966 -1.89608 1.09901 -0.516995 
303 -36.0237 -3.67182 -8.08407 -1.05914 -2.68878 0.286327 
304 -25.1568 19.3131 -4.58799 -1.26493 -4.40325 -0.764245 
305 -20.136 20.9882 -2.93797 -1.99081 -5.45822 -0.695403 
306 -18.692 15.0307 -1.20553 -2.56801 -6.36335 -0.569945 
307 -14.9275 10.687 -1.37853 -3.05478 -7.0191 -0.408939 
308 -11.8748 -0.338752 -1.04944 -3.64455 -7.4794 -0.226295 
309 -10.8322 -5.00783 0.398319 -4.3296 -7.87145 -0.0493124 
310 5.17761 -37.4397 11.5027 -3.17409 -7.11998 0.975001 
311 0.736896 -28.7106 -1.76088 -2.41511 -7.05793 1.5347 
312 4.93673 -27.8529 -0.586015 -1.68637 -6.58933 1.57618 
313 6.63851 -21.5301 -1.5723 -1.23136 -5.65009 1.73556 
314 9.58745 -19.1565 -0.0272078 -0.864985 -4.5655 1.85957 
315 11.154 -16.9435 0.310639 -0.569625 -3.45538 2.03919 
316 11.1063 -15.922 0.575321 -0.365099 -2.45858 1.63723 
317 9.42232 -15.8078 0.806103 -0.237599 -1.68726 0.410909 
318 8.06305 -13.5527 0.612743 -0.0502191 -1.05033 0.205589 
319 7.17009 -11.9353 0.438794 0.0947315 -0.389084 0.144534 
320 6.9006 -10.5549 0.259828 0.189445 0.071483 0.0923729 
321 6.74604 -9.38242 0.0922328 0.243508 0.376287 0.0361917 
322 5.64395 -8.51579 0.20596 0.282479 0.784361 -0.00488965 
323 4.21409 -8.29678 -0.186577 0.331216 1.09475 -0.0281699 
324 2.9335 -8.18856 -0.373827 0.395031 1.32151 -0.0546258 
325 3.18541 -4.03138 0.278709 0.25127 1.42666 -0.0574547 
326 0.963291 -5.02538 -0.696362 0.182793 1.41178 -0.0639485 
327 44.5745 52.1319 9.53648 3.9354 -0.442412 -0.0673876 
328 27.4097 40.9656 -17.4676 3.93243 4.87954 -0.672337 
329 22.1474 25.5548 -33.6869 1.83506 9.89584 -1.08184 
330 -49.5221 -17.3385 28.4853 1.76491 2.69844 -1.18874 
331 -22.5349 -17.7311 -31.4274 2.31143 2.20526 -2.99097 
332 -31.8484 -50.0941 38.0122 -2.38714 0.577267 0.0505771 
333 -20.0175 -36.965 -3.46288 -1.564 -0.544214 0.0306067 
334 -13.9082 -32.7971 -4.76413 0.00241622 -1.34182 0.00827479 
335 -0.615195 -22.0549 1.55173 0.991894 -1.42394 -0.00576448 
336 2.30232 -16.0311 -0.240747 1.67365 -1.36426 -0.0174 
337 4.09464 -11.8197 -0.403164 2.14246 -1.22476 -0.0247933 
338 4.99423 -8.16083 -0.187131 2.42702 -1.04626 -0.0305846 
339 4.09528 -6.07032 0.399333 2.61264 -0.92632 -0.0355513 
340 3.45437 -4.19966 0.426171 2.70952 -0.848405 -0.0396735 
341 4.02787 -2.98249 1.35637 2.76049 -0.566166 -0.0896623 
342 4.56757 -1.51219 0.395248 3.03475 -0.222943 -0.145316 
343 3.42646 -0.996038 0.237645 3.29403 0.0638692 -0.197199 
344 4.25942 0.66045 1.00717 3.63561 0.605418 -0.305338 
345 7.85442 0.462128 1.54886 3.8543 1.12095 -0.357314 
346 8.76962 1.92308 2.17173 4.01362 1.70397 -0.416047 
347 9.57405 2.76489 1.6689 4.1481 2.33438 -0.4758 
348 10.1129 2.82245 0.904887 4.30051 2.97526 -0.531015 
349 11.1964 2.88434 -0.605451 4.46055 3.37544 -0.511436 
350 9.85197 3.05246 -0.84538 4.63737 3.73035 -0.499794 
351 12.608 13.5032 -9.43752 9.05827 0.346008 -0.0144691 
352 4.68016 1.64713 -1.14895 8.35927 0.741946 -0.0234051 
353 2.34281 2.16972 0.232747 7.71952 1.00412 -0.0352676 
354 0.556407 2.60267 0.327754 7.13921 1.14955 -0.0446371 
355 -0.767767 2.9552 0.232837 6.61358 1.20477 -0.0509241 
356 -2.45558 1.36437 -0.319872 6.24702 3.62031 -0.487121 
357 0.242765 2.14031 0.601458 5.89004 3.45581 -0.450852 
358 -70.3228 93.3047 66.4151 0.657679 0.126125 -1.77631 
359 -11.2158 23.5182 -54.2558 -0.931403 -1.2853 -1.17299 
360 0.771727 19.6983 -17.0411 -2.16348 -1.3657 -0.851735 
361 4.30594 18.2539 -4.34708 -3.30539 -1.30472 -0.738516 
362 8.41173 15.2513 -2.20731 -4.28897 -1.07328 -0.619804 
363 11.397 12.8389 -1.59912 -5.15448 -0.699595 -0.525051 
364 13.4635 11.0896 -1.39842 -5.94537 -0.233545 -0.451813 
365 14.8501 9.84346 -1.39201 -6.69603 0.286823 -0.396262 
366 15.7656 8.94053 -1.50991 -7.43124 0.83529 -0.355587 
367 17.1334 7.46388 -2.1834 -8.13362 1.43373 -0.369577 
368 18.0132 6.57871 -2.3174 -8.83309 2.05436 -0.387843 
369 18.4079 6.08995 -2.39155 -9.55645 2.669 -0.402641 
370 18.4655 5.84269 -2.52788 -10.3219 3.25805 -0.4118 
371 12.0534 -38.0086 39.0148 -9.70618 2.78569 0.217743 
372 6.38827 -25.8805 -6.78911 -8.83507 2.86278 0.241674 
373 -30.666 -45.1184 19.1668 -6.95389 1.2613 0.211268 
374 -8.69473 -37.2665 -8.72346 -5.56791 1.12251 0.111115 
375 -4.8544 -39.5921 -2.45305 -4.10459 1.22504 0.000566745 
376 7.3563 -47.296 10.2945 -3.88053 2.29335 -0.333475 
377 8.49799 -41.0478 -1.47197 -2.45817 2.68431 -0.271039 
378 1.53925 -38.7529 -10.7897 -1.28127 1.00657 0.161522 
379 -12.6454 -38.732 -11.9751 -0.0020506 -1.3619 0.621753 
380 -17.436 -40.4515 -7.84207 1.63337 -2.48598 0.650965 
381 -18.9959 -40.4516 -8.78725 3.45686 -3.58378 0.588297 
382 -35.0876 -18.133 6.92366 4.2243 -5.48566 0.460838 
383 -16.9515 -12.6019 -3.43471 4.98733 -6.32583 0.275528 
384 -9.35668 -3.93906 -4.53603 6.19033 -6.73664 0.0929498 
385 -7.35952 -4.91522 -1.26797 7.40713 -7.02482 -0.0851836 
386 14.2988 56.2337 25.1091 5.28147 -6.12373 -0.26949 
387 2.50662 31.9087 -8.29166 4.29603 -5.73271 -1.9436 
388 1.68368 31.7572 -2.46005 3.28297 -5.42428 -2.7734 
389 1.80529 30.9044 -1.76635 2.28909 -5.05249 -3.44578 
390 2.68647 32.0765 -0.141074 1.23711 -4.36541 -3.58588 
391 2.5071 31.2469 -1.42504 0.362022 -3.8306 -2.40159 
392 9.98708 23.137 2.15181 -0.12137 -2.98753 -0.988505 
393 11.1236 18.335 0.230972 -0.421156 -2.11906 -0.325544 
394 11.6907 14.2317 0.110495 -0.624933 -1.25194 -0.22689 
395 11.6137 10.9664 0.0534637 -0.689581 -0.368124 -0.17157 
396 11.2272 8.33719 0.0226076 -0.645664 0.450785 -0.119148 
397 10.554 6.29766 -0.0227531 -0.521998 1.19334 -0.0693891 
398 9.65409 4.8005 -0.0765255 -0.344842 1.85327 -0.0229007 
399 -1.08546 10.8268 2.83334 -0.55371 1.7877 0.0254861 
400 -0.658783 8.94183 -0.600581 -0.648657 1.67926 0.0482562 
401 -0.765271 7.47207 -0.844083 -0.685758 1.55683 0.0649193 
402 -0.820032 6.31457 -0.744796 -0.680509 1.42574 0.0756471 
403 41.0338 -27.862 -3.33026 -5.82059 -0.602565 0.131693 
404 34.4834 -58.2208 4.49734 -5.0065 4.28709 1.65548 
405 23.065 -25.0691 -33.2184 -2.21468 8.72905 4.77521 
406 20.6089 -22.9081 -43.7397 -0.511935 12.6637 3.79569 
407 -68.8271 28.2866 81.7197 -1.31164 2.55666 0.126876 
408 -41.002 43.9512 -6.38637 3.07455 1.40192 -0.0772561 
409 -28.8994 37.5627 -2.97385 2.39801 -0.1434 -0.0404302 
410 -21.0628 33.1377 -5.99691 0.827285 -1.28165 -0.015269 
411 -14.9451 30.9269 -5.34939 -0.63177 -2.10711 0.00762499 
412 -8.97898 28.6219 -4.67383 -1.98032 -2.63976 0.0207084 
413 11.5851 11.045 6.64814 -2.38286 -2.05766 0.0257165 
414 7.22663 9.37769 -1.65478 -2.72441 -1.74278 0.0300572 
415 6.10423 7.08845 0.175419 -2.95619 -1.49738 0.0342609 
416 5.18044 4.92301 0.314611 -3.08529 -1.31089 0.0379783 
417 4.52043 2.98705 0.276142 -3.12352 -1.16843 0.0410401 
418 5.05403 1.69901 1.23708 -3.11268 -0.825319 0.0893165 
419 5.48146 0.25759 0.294623 -3.32717 -0.427047 0.139705 
420 4.26715 -0.266635 0.179915 -3.52805 -0.0897789 0.189196 
421 6.04093 -0.37002 1.35356 -3.74091 0.336832 0.241407 
422 7.51485 -0.40471 1.43777 -3.96941 0.844144 0.294802 
423 7.9689 -2.59936 2.52012 -4.26307 1.60194 0.410863 
424 10.6094 -2.6766 1.38659 -4.41457 2.2823 0.466976 
425 10.8608 -2.7188 0.657356 -4.58426 2.92932 0.512982 
426 11.9555 -2.74461 -0.652883 -4.76645 3.37525 0.495394 
427 10.0867 -2.92161 -0.859725 -4.9662 3.75005 0.486341 
428 12.3678 -13.5249 -9.72925 -9.59155 0.335219 0.00270596 
429 4.59909 -1.54522 -1.20654 -8.89952 0.734313 0.0133357 
430 2.20936 -2.06908 0.207168 -8.27052 0.996001 0.0269672 
431 0.393951 -2.50461 0.307421 -7.70463 1.13894 0.0378139 
432 -0.94215 -2.86062 0.21244 -7.19689 1.19062 0.0452753 
433 -2.76743 -1.22962 -0.179044 -6.74695 3.60599 0.478958 
434 0.149475 -2.20529 0.414629 -6.523 3.43998 0.443338 
435 -76.3671 -98.9362 76.2946 -1.33151 2.14708 1.39024 
436 -17.5345 -27.8316 -61.722 0.809438 -0.970519 1.17233 
437 0.196794 -20.35 -19.6818 1.99413 -2.02803 0.605647 
438 2.55174 -19.7486 -4.15639 3.19034 -2.06127 0.463225 
439 7.74925 -15.7033 -2.34571 4.16956 -1.85977 0.340184 
440 11.4683 -12.7962 -1.65155 4.98693 -1.47681 0.145913 
441 13.9223 -10.8303 -1.29056 5.70358 -0.979863 -0.100308 
442 15.474 -9.50747 -1.17166 6.36838 -0.420964 -0.359543 
443 16.4734 -8.47637 -1.25081 7.02725 0.162553 -0.490011 
444 17.0627 -7.82542 -1.41984 7.68677 0.752456 -0.609066 
445 21.6201 -2.5478 -3.00101 8.9045 1.04756 -0.871606 
446 20.7117 -4.4829 -1.91338 9.46545 1.74145 -0.975966 
447 22.9636 -2.28525 -3.46661 9.97789 2.51734 -1.01401 
448 24.9912 -0.474469 -4.06409 10.476 3.35335 -0.955541 
449 3.17048 33.5364 43.9 9.30303 3.1512 -0.251255 
450 3.94551 24.4948 -8.57628 8.55722 3.36219 -0.224351 
451 -25.5019 51.9103 29.3076 7.72439 2.41365 0.0539254 
452 -1.18766 38.3375 -7.53586 6.31333 2.81475 0.161942 
453 2.47237 40.8647 -1.13395 4.82751 3.48161 0.272081 
454 3.65205 41.0062 -2.77325 3.43477 3.61537 0.216163 
455 -3.09198 39.2717 -10.552 2.26013 1.69655 -0.196863 
456 -16.0392 39.3261 -11.6365 0.983136 -0.847475 -0.626861 
457 -20.5698 41.0246 -7.28852 -0.647621 -2.12854 -0.662096 
458 -21.7719 41.0145 -8.16229 -2.46487 -3.36269 -0.606744 
459 -35.0031 21.2741 6.18649 -3.36454 -5.2405 -0.481477 
460 -27.8953 20.5344 -8.62054 -4.38745 -6.66894 -0.320055 
461 -25.1499 13.7377 -9.22928 -6.01911 -7.92204 -0.138826 
462 3.0018 5.62532 8.39325 -7.25347 -7.62603 0.0596673 
463 -1.81924 5.74931 -3.5894 -8.45916 -7.60601 0.227286 
464 19.6794 -61.9867 26.8531 -5.97138 -6.44004 0.163688 
465 7.7082 -37.3154 -9.45341 -4.6842 -5.73949 1.70434 
466 7.46887 -37.7014 -3.134 -3.36132 -5.09909 2.12275 
467 8.30033 -36.9805 -0.46476 -2.07101 -4.12361 2.15729 
468 9.30829 -35.1713 0.882776 -0.82647 -3.11475 2.24592 
469 9.52498 -30.0412 -0.518719 -0.0208069 -2.28317 0.878534 
470 9.6411 -23.659 -0.345658 0.593389 -1.43758 0.360376 
471 9.34157 -18.4712 0.000172445 1.0164 -0.684643 0.220997 
472 8.3939 -14.5059 0.270853 1.26583 0.00920823 0.137856 
473 7.10696 -11.3532 0.411979 1.38973 0.625548 0.0769371 
474 6.74361 -11.8172 2.00603 1.22806 1.62437 -0.0331073 
475 3.28148 -11.0773 -0.687569 1.11937 1.85399 -0.0628905 
476 1.92178 -8.16065 -0.768551 1.19877 1.8885 -0.0833258 
477 0.716163 -6.3702 -0.668247 1.20367 1.85515 -0.0977605 
478 42.8356 28.0551 0.100283 6.29653 -0.690617 -0.11193 
479 35.548 63.4899 8.79175 5.8508 4.22934 -1.33369 
480 23.4895 26.8968 -35.6638 3.16182 7.55043 -3.30451 
481 21.7528 25.9862 -42.4441 1.45709 10.5583 -1.58882 
482 -65.7424 -26.3135 73.9194 1.58356 2.97427 -0.0993429 
483 -42.4317 -42.19 -8.27935 -2.89669 2.17658 0.0783985 
484 -30.3768 -37.4909 -1.25564 -2.5051 0.557479 0.0456883 
485 -22.7793 -32.02 -5.18151 -0.96926 -0.66186 0.0241498 
486 -16.9427 -30.0371 -4.93397 0.468799 -1.5787 0.00363689 
487 -12.1864 -27.7717 -4.3897 1.79926 -2.25654 -0.012992 
488 9.52329 -11.2124 6.54554 2.24028 -1.77191 -0.0149213 
489 5.71629 -8.96907 -1.26724 2.58943 -1.51203 -0.0193095 
490 4.62409 -6.70361 0.369698 2.83217 -1.31862 -0.0231535 
491 3.81558 -4.52241 0.478289 2.97314 -1.17551 -0.0263984 
492 3.2414 -2.5827 0.410472 3.02503 -1.06951 -0.028913 
493 2.87501 -0.905319 0.34024 3.00111 -0.989029 -0.0302306 
494 2.45542 -0.37899 -0.0441584 2.96243 -0.937303 -0.0284912 
495 1.29687 -0.341106 -0.195848 2.93486 -0.949415 -0.0260514 
496 1.91409 0.143582 0.459934 2.89422 -0.936801 -0.0253809 
497 2.48449 -0.0135474 0.576082 2.87428 -0.898806 -0.0258052 
498 3.61613 1.06181 1.50276 2.90123 -0.661432 -0.0622663 
499 4.75978 2.42463 1.45139 2.98444 -0.344797 -0.102908 
500 7.48948 2.32846 0.725086 3.08486 0.105689 -0.139684 
501 8.30497 2.3575 0.674663 3.19725 0.597193 -0.178565 
502 8.08233 2.45976 0.628768 3.31806 0.919116 -0.19481 
503 24.6662 15.9795 -3.39711 9.38396 -0.643791 -0.162857 
504 17.0061 4.78602 -3.36206 9.916 0.367316 -0.168024 
505 12.5461 2.00796 0.141928 9.19557 1.12905 -0.18473 
506 8.71799 2.59253 0.449998 8.54862 1.67298 -0.20039 
507 5.36736 3.08332 0.32101 7.9703 2.0277 -0.212652 
508 -6.02571 -4.7384 5.30777 4.49918 3.38151 -0.368833 
509 -2.34931 3.39276 -0.232687 4.795 2.91376 -0.304387 
510 -2.55864 3.59609 -1.23422 5.11402 2.44911 -0.242326 
511 -3.46178 3.76313 -1.48991 5.45374 1.95204 -0.181341 
512 -4.338 4.14649 -1.49513 5.80536 1.41819 -0.119495 
513 -4.6735 5.02836 -1.33742 6.14503 0.873357 -0.0575099 
514 -4.40544 5.06951 -1.7175 6.51808 0.378965 -0.000701015 
515 -3.94677 4.47722 -0.947985 6.55648 0.263102 -0.0111152 
516 17.1329 47.6932 11.4839 3.8324 1.35177 0.535612 
517 4.2602 29.2666 -6.74548 2.4431 1.6245 -0.13411 
518 -17.9488 47.8019 0.914426 -0.185879 0.679324 -1.20743 
519 -4.69607 28.928 -9.08833 -1.67031 0.490205 -0.806041 
520 -3.7635 23.4144 -4.60878 -2.82066 0.35395 -0.492115 
521 -2.83215 18.3874 -3.05159 -3.6682 0.261363 -0.0714669 
522 -2.31787 13.3976 -2.08573 -4.32396 0.159037 -0.0560207 
523 -1.81277 9.6057 -1.2619 -4.79057 0.0806857 -0.0449187 
524 -1.37365 4.40821 -1.15124 -5.54948 0.0201037 -0.0370178 
525 -1.53171 4.04983 0.135387 -5.74785 -0.0503189 -0.0307358 
526 -1.23937 3.32279 0.573126 -5.94258 -0.107195 -0.0257591 
527 -0.842395 3.06237 0.726115 -6.1633 -0.14391 -0.0222181 
528 -0.177874 3.28495 0.812469 -6.43388 -0.148774 -0.0213571 
529 0.40779 3.46835 0.73093 -6.75868 -0.126507 -0.0213386 
530 0.590784 3.09164 0.50213 -7.1118 -0.098248 -0.0209039 
531 0.699911 1.98741 0.281283 -7.51032 -0.118269 -0.0179171 
532 -0.291571 1.26156 0.279636 -7.79627 -0.174218 0.014197 
533 -1.1272 1.08145 1.22636 -7.97976 -0.130423 0.0213937 
534 -0.551549 0.841377 2.21326 -8.07702 -0.0588218 0.000840567 
535 -0.0698079 0.589289 1.9284 -8.11318 -0.0934471 0.001037 
536 0.224918 0.291932 1.53079 -8.09755 -0.113258 0.000862919 
537 19.5748 -33.2871 15.9079 -6.16141 0.929153 0.0171574 
538 4.62287 -15.3685 -6.78782 -4.82877 1.1425 0.0002336 
539 1.50158 -14.421 -2.27756 -3.58197 1.20091 -0.0029205 
540 -12.5875 -22.8946 2.25284 -1.90808 0.490995 -0.00637702 
541 -4.05235 -14.3097 -4.54805 -0.745935 0.262965 -0.00673526 
542 -2.73528 -10.8931 -2.6796 0.210117 0.0995567 -0.00704571 
543 -1.67961 -7.37267 -2.11075 0.954403 -0.00704315 -0.00791244 
544 -1.95842 -3.48377 -1.79557 1.74172 -0.130618 -0.00863283 
545 -2.51953 -2.30611 -0.850886 2.16432 -0.285502 -0.00636255 
546 -2.13642 -1.52932 -0.281494 2.53702 -0.420689 -0.00404663 
547 -1.11189 -1.72667 0.171278 2.91548 -0.502172 -0.00291685 
548 -0.236335 -1.89861 0.11777 3.29981 -0.538647 -0.00192694 
549 14.2555 30.4154 10.7562 1.93479 0.2547 -0.0779409 
550 5.3218 17.3142 -4.07333 1.26935 0.499169 -0.0381419 
551 2.58255 14.7977 -2.02175 0.723541 0.610847 -0.0370862 
552 0.489875 12.5008 -1.38916 0.291972 0.614052 -0.0348652 
553 0.171596 1.26837 -6.29796 -4.62918 0.421353 -0.046773 
554 -3.03533 2.05565 -3.87989 -4.15074 0.232849 -0.0212903 
555 6.97793 -18.4066 6.93148 -2.59608 0.634916 -0.0183767 
556 0.962491 -2.80362 -2.3307 -1.95013 0.689496 -0.0185437 
557 -3.90367 -3.43059 1.36297 -1.30235 0.488637 -0.0181228 
558 0.817064 22.532 2.484 1.4051 0.657458 -0.0200792 
559 -1.68117 12.9032 -0.371987 0.836678 0.566192 -0.0222861 
560 -2.78649 10.5525 -0.416095 0.388669 0.410098 -0.0188821 
561 -3.60019 8.12508 -0.105541 0.0672084 0.212072 -0.0149458 
562 -3.65768 6.40797 -0.0769436 -0.167167 0.0121665 -0.0128384 
563 -3.30233 5.12497 -0.0690651 -0.337988 -0.168342 -0.0111054 
564 -2.73598 4.11011 -0.0596541 -0.459862 -0.318935 -0.0100289 
565 0.318196 0.551206 0.742377 -0.393493 -0.302935 -0.00855093 
566 0.681384 0.471968 -0.0147954 -0.328927 -0.270715 -0.00866757 
567 0.858893 0.451629 -0.0757822 -0.267413 -0.229621 -0.00889011 
568 0.914197 0.489373 -0.0769208 -0.211655 -0.186275 -0.00913052 
569 0.890029 0.561724 -0.0710331 -0.163098 -0.144879 -0.00932481 
570 0.823593 0.65073 -0.0633152 -0.122296 -0.108171 -0.00921584 
571 0.728952 0.740193 -0.0553734 -0.088984 -0.0767414 -0.00908184 
572 0.62457 0.823132 -0.0476832 -0.0625187 -0.0510346 -0.00890832 
573 0.522115 0.894946 -0.0405772 -0.0420854 -0.0308844 -0.00870057 
574 0.428697 0.953765 -0.0342894 -0.0267682 -0.0157588 -0.00846468 
575 0.347917 0.998598 -0.0288296 -0.0156881 -0.00494534 -0.00820737 
576 0.281316 1.03134 -0.0243587 -0.00794047 0.00233746 -0.00793427 
577 0.228396 1.05193 -0.0205976 -0.00283241 0.00683782 -0.00765134 
578 0.188176 1.06322 -0.0176537 0.000336145 0.00924199 -0.00736309 
579 -2.25815 -32.8374 -0.804418 -2.42293 -0.229118 -0.0121018 
580 2.11158 -11.7817 -0.929244 -1.34645 -0.111783 -0.0106943 
581 2.91969 -4.32455 -0.571743 -0.703361 0.0524074 -0.0119542 
582 2.59435 0.128372 -0.29674 -0.337228 0.1956 -0.0131348 
583 2.18071 1.21739 -0.19294 -0.0530134 0.322206 -0.0148172 
584 4.09893 22.6141 2.10859 1.59576 0.595494 -0.0116188 
585 0.150247 13.0206 -0.15683 0.940295 0.59991 -0.0102477 
586 -2.35526 9.24565 0.0770593 0.487837 0.471033 -0.00884993 
587 -3.30651 6.78751 0.109262 0.167551 0.292504 -0.00749046 
588 -2.82233 4.34665 0.265717 -0.0215511 0.141296 -0.00634704 
589 -2.14217 2.77218 0.188827 -0.126944 0.0270073 -0.00563112 
590 -1.46497 1.74893 0.117424 -0.178582 -0.0508759 -0.00509305 
591 -0.882535 1.09084 0.0640716 -0.195975 -0.0976822 -0.00469615 
592 -0.426184 0.678144 0.0264633 -0.192275 -0.120318 -0.00441037 
593 -0.0952899 0.431151 0.00142695 -0.176416 -0.12558 -0.00420543 
594 0.126391 0.298204 -0.0141986 -0.154305 -0.119339 -0.00405511 
595 0.260167 0.242028 -0.0228754 -0.129911 -0.106289 -0.00393891 
596 0.327369 0.234712 -0.0265476 -0.105849 -0.0899579 -0.00384204 
597 0.347148 0.255922 -0.0268027 -0.083721 -0.072839 -0.00375436 
598 0.336503 0.297565 -0.0253664 -0.0641047 -0.0565112 -0.00366892 
599 0.313594 0.387578 -0.0257164 -0.0456777 -0.0415795 -0.00357982 
600 0.267936 0.411712 -0.0185408 -0.0333108 -0.0292247 -0.00348912 
601 0.224062 0.451263 -0.0154388 -0.0231056 -0.0193099 -0.00339431 
602 0.183221 0.487847 -0.0124682 -0.0151611 -0.0116431 -0.00329558 
603 0.147083 0.51981 -0.0098172 -0.00920075 -0.00594919 -0.00319382 
604 0.11694 0.549272 -0.00779162 -0.0047695 -0.00188788 -0.00308997 
605 0.0920292 0.571492 -0.00591283 -0.00175699 0.000839052 -0.00298529 
606 0.0723249 0.58784 -0.00443193 0.000166821 0.00251058 -0.00288053 
607 0.0528291 0.570318 -0.00115603 8.43067e-06 0.00313132 -0.00277691 
608 0.0420795 0.565894 -0.000848846 8.41646e-05 0.00318513 -0.00267515 
609 0.0364833 0.564823 -0.000773974 0.00021726 0.00294816 -0.00257579 
610 0.0339003 0.565152 -0.000750495 0.000333306 0.00258106 -0.00247933 
611 0.0330517 0.56592 -0.000759846 0.00040927 0.00217559 -0.00238602 
612 0.0331702 0.566684 -0.000792632 0.000445671 0.00178235 -0.00229595 
613 0.033793 0.567279 -0.000840179 0.000451664 0.00142719 -0.00220912 
614 0.0346425 0.56767 -0.000895347 0.000438214 0.00112119 -0.00212547 
615 0.0355535 0.567886 -0.000952418 0.000414698 0.000866762 -0.00204494 
616 0.0364315 0.567968 -0.0010075 0.00038821 0.000661385 -0.0019674 
617 0.0372256 0.567964 -0.0010579 0.000363246 0.000499972 -0.00189275 
618 0.0379132 0.56791 -0.0011023 0.000342426 0.000376345 -0.00182087 
619 0.0384878 0.567837 -0.00114001 0.000326718 0.000284103 -0.00175165 
620 0.0389543 0.567762 -0.00117119 0.000316229 0.00021719 -0.00168498 
621 0.0393224 0.567697 -0.00119617 0.000310317 0.000170152 -0.00162075 
622 0.0396052 0.567647 -0.00121574 0.000308192 0.000138297 -0.00155887 
623 0.0398163 0.567617 -0.00123058 0.000308827 0.0001177 -0.00149923 
624 0.0399691 0.567602 -0.00124159 0.00031139 0.000105194 -0.00144175 
625 0.0400756 0.567603 -0.00124944 0.000315021 9.8275e-05 -0.00138635 
626 0.0401467 0.567614 -0.00125491 0.000319165 9.50388e-05 -0.00133293 
627 0.040191 0.567637 -0.00125848 0.00032327 9.40582e-05 -0.00128143 
628 0.0402163 0.567664 -0.00126077 0.000327085 9.43243e-05 -0.00123178 
629 0.0402281 0.567697 -0.00126205 0.000330328 9.51274e-05 -0.0011839 
630 0.0402313 0.567731 -0.00126274 0.000332969 9.60192e-05 -0.00113774 
631 0.0402288 0.567767 -0.00126297 0.000334903 9.67149e-05 -0.00109322 
632 0.0402235 0.567801 -0.00126301 0.000336227 9.70777e-05 -0.0010503 
633 0.0402167 0.567836 -0.00126289 0.000336923 9.70426e-05 -0.0010089 
634 0.04021 0.567868 -0.00126279 0.000337142 9.6621e-05 -0.00096899 
635 0.0402036 0.567899 -0.00126265 0.000336893 9.58414e-05 -0.0009305 
636 0.0401982 0.567928 -0.0012626 0.000336335 9.47683e-05 -0.000893386 
637 0.0401937 0.567957 -0.00126255 0.000335471 9.34549e-05 -0.000857598 
638 0.0401904 0.567983 -0.00126262 0.000334447 9.19714e-05 -0.000823089 
639 0.0401878 0.56801 -0.00126269 0.000333246 9.03645e-05 -0.000789813 
640 0.040187 0.568061 -0.00126288 0.000331959 8.86524e-05 -0.000758055 
641 0.040185 0.56814 -0.00126251 0.000329816 8.67251e-05 -0.000727962 
642 0.0401787 0.568187 -0.00126154 0.000326306 8.44804e-05 -0.000699028 
643 0.0402082 0.568214 -0.00126057 0.000322095 8.15279e-05 -0.000675256 
644 0.0402826 0.568223 -0.00126066 0.000317896 7.87834e-05 -0.000659085 
645 0.0403206 0.56823 -0.00126301 0.000314541 7.83434e-05 -0.000643167 
646 0.0403378 0.568234 -0.00126474 0.000312129 7.91007e-05 -0.000627511 
647 0.040342 0.568243 -0.00126579 0.000310425 8.03503e-05 -0.000612132 
648 0.0403383 0.568254 -0.00126642 0.000309294 8.16771e-05 -0.000597038 
649 0.0403298 0.56827 -0.00126667 0.000308465 8.28256e-05 -0.000582235 
650 0.040319 0.568288 -0.00126676 0.000307856 8.3675e-05 -0.000567728 
651 0.040307 0.568309 -0.00126666 0.000307278 8.41622e-05 -0.000553517 
652 0.0402951 0.56833 -0.00126656 0.00030673 8.42902e-05 -0.000539605 
653 0.0402834 0.568353 -0.00126638 0.000306093 8.40738e-05 -0.000525988 
654 0.0402726 0.568375 -0.00126626 0.000305423 8.35615e-05 -0.000512666 
655 0.0402627 0.568398 -0.00126612 0.000304641 8.27913e-05 -0.000499635 
656 0.0402538 0.56842 -0.00126608 0.000303827 8.18205e-05 -0.000486891 
657 0.0402457 0.568442 -0.00126602 0.000302919 8.0686e-05 -0.000474431 
658 0.0402386 0.568464 -0.00126605 0.000302006 7.94379e-05 -0.000462249 
659 0.0402321 0.568486 -0.00126607 0.000301027 7.81028e-05 -0.000450342 
660 0.0402264 0.568506 -0.00126617 0.00030007 7.67191e-05 -0.000438705 
661 0.040221 0.568528 -0.00126623 0.000299071 7.53016e-05 -0.000427331 
662 0.0402163 0.568548 -0.00126638 0.000298113 7.38777e-05 -0.000416216 
663 0.0402117 0.568569 -0.00126648 0.00029713 7.24525e-05 -0.000405355 
664 0.0402076 0.568589 -0.00126665 0.000296201 7.10449e-05 -0.000394743 
665 0.0402035 0.56861 -0.00126677 0.000295253 6.96529e-05 -0.000384373 
666 0.0401997 0.568629 -0.00126695 0.000294365 6.829e-05 -0.000374242 
667 0.040196 0.56865 -0.00126707 0.000293461 6.69499e-05 -0.000364343 
668 0.0401925 0.568669 -0.00126725 0.000292618 6.56427e-05 -0.000354673 
669 0.0401889 0.56869 -0.00126738 0.000291758 6.436e-05 -0.000345224 
670 0.0401856 0.568709 -0.00126755 0.000290958 6.31102e-05 -0.000335994 
671 0.0401821 0.56873 -0.00126768 0.000290141 6.18837e-05 -0.000326976 
672 0.0401789 0.568749 -0.00126785 0.00028938 6.06884e-05 -0.000318166 
673 0.0401756 0.568769 -0.00126797 0.000288601 5.95144e-05 -0.00030956 
674 0.0401725 0.568788 -0.00126814 0.000287876 5.83694e-05 -0.000301153 
675 0.0401692 0.568809 -0.00126825 0.00028713 5.72436e-05 -0.000292939 
676 0.0401662 0.568828 -0.00126842 0.000286438 5.61449e-05 -0.000284916 
677 0.0401631 0.568848 -0.00126853 0.000285722 5.50635e-05 -0.000277078 
678 0.0401602 0.568867 -0.00126869 0.000285059 5.40077e-05 -0.000269421 
679 0.0401572 0.568888 -0.0012688 0.000284372 5.29677e-05 -0.000261941 
680 0.0401544 0.568906 -0.00126895 0.000283736 5.19519e-05 -0.000254635 
681 0.0401515 0.568927 -0.00126906 0.000283076 5.09509e-05 -0.000247497 
682 0.0401488 0.568946 -0.00126922 0.000282465 4.9973e-05 -0.000240525 
683 0.040146 0.568966 -0.00126932 0.00028183 4.9009e-05 -0.000233714 
684 0.0401434 0.568984 -0.00126947 0.000281244 4.80674e-05 -0.000227061 
685 0.0401408 0.569005 -0.00126958 0.000280632 4.71388e-05 -0.000220562 
686 0.0401383 0.569023 -0.00126973 0.000280069 4.62319e-05 -0.000214214 
687 0.0401357 0.569043 -0.00126983 0.00027948 4.53373e-05 -0.000208013 
688 0.0401333 0.569062 -0.00126998 0.000278939 4.44638e-05 -0.000201956 
689 0.0401308 0.569082 -0.00127008 0.000278372 4.3602e-05 -0.000196039 
690 0.0401285 0.569101 -0.00127023 0.000277852 4.27606e-05 -0.00019026 
691 0.0401261 0.56912 -0.00127032 0.000277306 4.19303e-05 -0.000184614 
692 0.0401239 0.569139 -0.00127047 0.000276808 4.11198e-05 -0.0001791 
693 0.0401216 0.569159 -0.00127056 0.000276281 4.03198e-05 -0.000173713 
694 0.0401195 0.569177 -0.00127071 0.000275803 3.95391e-05 -0.000168452 
695 0.0279016 0.625513 0.00117753 -0.00276193 -0.000628785 -0.000160213 
696 0.0383584 0.567878 -0.00111657 -0.00271379 -0.000729493 -0.000154375 
697 0.0402821 0.563472 -0.00143267 -0.00243764 -0.000728794 -0.000149518 
698 0.0406484 0.563479 -0.00145388 -0.0021698 -0.000711069 -0.000144867 
699 0.0407901 0.56383 -0.00144356 -0.00192799 -0.000688368 -0.000140339 
700 0.0408895 0.564174 -0.00143069 -0.00171101 -0.000662877 -0.000135925 
701 0.0409699 0.564485 -0.00141818 -0.00151642 -0.000635507 -0.000131617 
702 0.0410364 0.564763 -0.00140642 -0.00134178 -0.000606898 -0.000127412 
703 0.0410908 0.565014 -0.00139537 -0.00118502 -0.000577583 -0.000123308 
704 0.0411353 0.565238 -0.0013851 -0.00104419 -0.000547983 -0.000119301 
705 0.041171 0.56544 -0.00137551 -0.000917664 -0.000518456 -0.000115387 
706 0.0411995 0.565621 -0.00136664 -0.000803877 -0.000489274 -0.000111565 
707 0.0412216 0.565785 -0.00135838 -0.000701547 -0.000460671 -0.000107831 
708 0.0412387 0.565933 -0.00135079 -0.000609428 -0.000432812 -0.000104183 
709 0.0412512 0.566067 -0.00134374 -0.00052651 -0.00040584 -0.000100619 
710 0.0412602 0.566188 -0.00133727 -0.00045179 -0.000379845 -9.7137e-05 
711 0.0412659 0.566299 -0.00133128 -0.000384473 -0.000354908 -9.37345e-05 
712 0.0412692 0.566399 -0.0013258 -0.000323749 -0.000331064 -9.04098e-05 
713 0.0412702 0.566492 -0.00132073 -0.000268996 -0.000308352 -8.71609e-05 
714 0.0412697 0.566575 -0.0013161 -0.000219555 -0.000286771 -8.39861e-05 
715 0.0412675 0.566653 -0.00131182 -0.00017494 -0.000266328 -8.08835e-05 
716 0.0412645 0.566723 -0.00130793 -0.000134614 -0.000247001 -7.78517e-05 
717 0.0412604 0.566789 -0.00130432 -9.81975e-05 -0.000228776 -7.48888e-05 
718 0.0412557 0.566849 -0.00130105 -6.52487e-05 -0.000211617 -7.19936e-05 
719 0.0412504 0.566905 -0.00129803 -3.54604e-05 -0.000195497 -6.91642e-05 
720 0.0412448 0.566958 -0.00129526 -8.52283e-06 -0.000180378 -6.63993e-05 
721 0.041239 0.567006 -0.00129276 1.58861e-05 -0.000166213 -6.36975e-05 
722 0.0412328 0.567052 -0.00129043 3.79622e-05 -0.00015297 -6.10574e-05 
723 0.0412268 0.567094 -0.00128833 5.79846e-05 -0.000140597 -5.84776e-05 
724 0.0412206 0.567135 -0.00128638 7.61015e-05 -0.000129059 -5.59568e-05 
725 0.0412145 0.567172 -0.00128464 9.25486e-05 -0.000118305 -5.34938e-05 
726 0.0412084 0.567209 -0.00128301 0.000107435 -0.000108301 -5.10871e-05 
727 0.0412026 0.567243 -0.00128155 0.000120963 -9.89968e-05 -4.87358e-05 
728 0.0411967 0.567276 -0.00128019 0.00013321 -9.03598e-05 -4.64384e-05 
729 0.0411912 0.567307 -0.00127899 0.000144349 -8.23418e-05 -4.41939e-05 
730 0.0411857 0.567337 -0.00127785 0.000154434 -7.49141e-05 -4.2001e-05 
731 0.0411806 0.567365 -0.00127685 0.000163616 -6.8031e-05 -3.98587e-05 
732 0.0411755 0.567393 -0.00127591 0.000171928 -6.16667e-05 -3.77658e-05 
733 0.0411707 0.56742 -0.00127509 0.000179503 -5.57789e-05 -3.57213e-05 
734 0.041166 0.567446 -0.0012743 0.000186358 -5.03449e-05 -3.3724e-05 
735 0.0411616 0.567471 -0.00127363 0.000192612 -4.53256e-05 -3.1773e-05 
736 0.0411573 0.567496 -0.00127298 0.000198268 -4.07018e-05 -2.98672e-05 
737 0.0411534 0.567519 -0.00127243 0.000203434 -3.64376e-05 -2.80057e-05 
738 0.0411495 0.567543 -0.00127189 0.000208102 -3.25166e-05 -2.61873e-05 
739 0.0411459 0.567565 -0.00127145 0.000212371 -2.89061e-05 -2.44114e-05 
740 0.0411423 0.567588 -0.00127101 0.000216224 -2.55929e-05 -2.26766e-05 
741 0.0411391 0.56761 -0.00127065 0.000219752 -2.25467e-05 -2.09824e-05 
742 0.0411359 0.567632 -0.00127029 0.000222931 -1.97571e-05 -1.93276e-05 
743 0.041133 0.567653 -0.00127 0.000225846 -1.71967e-05 -1.77116e-05 
744 0.0411301 0.567674 -0.00126971 0.000228469 -1.48572e-05 -1.61332e-05 
745 0.0411275 0.567694 -0.00126949 0.000230876 -1.27137e-05 -1.45919e-05 
746 0.0411248 0.567715 -0.00126925 0.000233037 -1.07602e-05 -1.30866e-05 
747 0.0411225 0.567735 -0.00126908 0.000235025 -8.97358e-06 -1.16166e-05 
748 0.0411201 0.567755 -0.0012689 0.000236803 -7.35009e-06 -1.01811e-05 
749 0.041118 0.567775 -0.00126877 0.000238442 -5.86848e-06 -8.77934e-06 
750 0.0411159 0.567795 -0.00126862 0.000239903 -4.52662e-06 -7.41042e-06 
751 0.041114 0.567814 -0.00126854 0.000241253 -3.30497e-06 -6.07385e-06 
752 0.0411121 0.567834 -0.00126842 0.000242451 -2.20292e-06 -4.7686e-06 
753 0.0411104 0.567852 -0.00126837 0.000243561 -1.20239e-06 -3.49426e-06 
754 0.0411087 0.567872 -0.00126828 0.000244539 -3.04118e-07 -2.24982e-06 
755 0.0411072 0.56789 -0.00126825 0.00024545 5.08721e-07 -1.03491e-06 
756 0.0411056 0.56791 -0.00126819 0.000246247 1.23421e-06 1.51451e-07 
757 0.0411043 0.567928 -0.00126818 0.000246991 1.88807e-06 1.30962e-06 
758 0.0411028 0.567947 -0.00126814 0.000247637 2.46735e-06 2.44053e-06 
759 0.0411016 0.567965 -0.00126815 0.000248244 2.98685e-06 3.54452e-06 
760 0.0411003 0.567985 -0.00126812 0.000248764 3.44271e-06 4.62248e-06 
761 0.0410992 0.568002 -0.00126815 0.000249256 3.84889e-06 5.67475e-06 
762 0.0410981 0.568021 -0.00126814 0.000249672 4.20078e-06 6.70218e-06 
763 0.0410971 0.568039 -0.00126818 0.000250069 4.51163e-06 7.70506e-06 
764 0.041096 0.568058 -0.00126818 0.000250398 4.77618e-06 8.68425e-06 
765 0.0410951 0.568076 -0.00126823 0.000250716 5.00704e-06 9.64001e-06 
766 0.0410941 0.568095 -0.00126824 0.000250973 5.19839e-06 1.05732e-05 
767 0.0410934 0.568112 -0.0012683 0.000251225 5.36232e-06 1.14839e-05 
768 0.0410925 0.568131 -0.00126832 0.000251422 5.49253e-06 1.23731e-05 
769 0.0410918 0.568149 -0.00126839 0.00025162 5.60065e-06 1.3241e-05 
770 0.0410909 0.568167 -0.00126842 0.000251768 5.67994e-06 1.40883e-05 
771 0.0410903 0.568185 -0.00126849 0.000251921 5.74167e-06 1.49152e-05 
772 0.0410895 0.568203 -0.00126852 0.000252028 5.77874e-06 1.57225e-05 
773 0.041089 0.568221 -0.0012686 0.000252144 5.80209e-06 1.65103e-05 
774 0.0410883 0.568239 -0.00126864 0.000252216 5.8043e-06 1.72794e-05 
775 0.0410878 0.568257 -0.00126872 0.000252301 5.79603e-06 1.80299e-05 
776 0.0410871 0.568275 -0.00126876 0.000252346 5.76962e-06 1.87626e-05 
777 0.0410867 0.568293 -0.00126885 0.000252406 5.73547e-06 1.94775e-05 
778 0.0410861 0.568311 -0.0012689 0.000252428 5.68569e-06 2.01755e-05 
779 0.0410857 0.568328 -0.00126899 0.000252467 5.6305e-06 2.08565e-05 
780 0.0410851 0.568347 -0.00126904 0.00025247 5.56181e-06 2.15213e-05 
781 0.0410847 0.568364 -0.00126913 0.000252493 5.48965e-06 2.21699e-05 
782 0.0410842 0.568382 -0.00126918 0.00025248 5.40578e-06 2.28031e-05 
783 0.0410839 0.5684 -0.00126927 0.000252489 5.3201e-06 2.34209e-05 
784 0.0410834 0.568418 -0.00126933 0.000252464 5.22421e-06 2.40239e-05 
785 0.0410832 0.568435 -0.00126942 0.000252462 5.12788e-06 2.46122e-05 
786 0.0410827 0.568453 -0.00126948 0.000252427 5.02261e-06 2.51865e-05 
787 0.0410825 0.568471 -0.00126958 0.000252415 4.91806e-06 2.57467e-05 
788 0.0410821 0.568489 -0.00126963 0.000252373 4.80564e-06 2.62935e-05 
789 0.0410818 0.568506 -0.00126973 0.000252354 4.69489e-06 2.6827e-05 
790 0.0410815 0.568524 -0.00126979 0.000252305 4.57716e-06 2.73477e-05 
791 0.0410813 0.568542 -0.00126989 0.000252281 4.46191e-06 2.78556e-05 
792 0.0410809 0.56856 -0.00126995 0.000252227 4.34041e-06 2.83513e-05 
793 0.0410808 0.568577 -0.00127005 0.000252199 4.22207e-06 2.88349e-05 
794 0.0410805 0.568595 -0.00127011 0.000252141 4.09809e-06 2.93068e-05 
795 0.0410803 0.568612 -0.00127021 0.000252109 3.97783e-06 2.97672e-05 
796 0.04108 0.568631 -0.00127027 0.000252049 3.85243e-06 3.02164e-05 
797 0.0410799 0.568648 -0.00127037 0.000252015 3.73121e-06 3.06546e-05 
798 0.0410796 0.568666 -0.00127043 0.000251953 3.60528e-06 3.10823e-05 
799 0.0410796 0.568683 -0.00127053 0.000251917 3.4839e-06 3.14993e-05 
800 0.0410793 0.568701 -0.00127059 0.000251853 3.35816e-06 3.19064e-05 
801 0.0410792 0.568718 -0.0012707 0.000251816 3.23727e-06 3.23033e-05 
802 0.041079 0.568737 -0.00127076 0.000251752 3.1123e-06 3.26907e-05 
803 0.041079 0.568754 -0.00127086 0.000251715 2.99244e-06 3.30685e-05 
804 0.0410788 0.568772 -0.00127092 0.00025165 2.86872e-06 3.34371e-05 
805 0.0410787 0.568789 -0.00127102 0.000251612 2.75031e-06 3.37966e-05 
806 0.0410785 0.568807 -0.00127109 0.000251548 2.62822e-06 3.41474e-05 
807 0.0410785 0.568824 -0.00127119 0.00025151 2.51162e-06 3.44895e-05 
808 0.0410784 0.568842 -0.00127125 0.000251446 2.39147e-06 3.48232e-05 
809 0.0410784 0.568859 -0.00127135 0.000251409 2.27693e-06 3.51487e-05 
810 0.0410782 0.568877 -0.00127141 0.000251345 2.15897e-06 3.54662e-05 
811 0.0410782 0.568895 -0.00127152 0.000251309 2.04671e-06 3.57758e-05 
812 0.0410781 0.568913 -0.00127158 0.000251246 1.93111e-06 3.60779e-05 
813 0.0410781 0.56893 -0.00127168 0.00025121 1.82129e-06 3.63724e-05 
814 0.041078 0.568948 -0.00127174 0.000251148 1.7082e-06 3.66597e-05 
815 0.0410781 0.568965 -0.00127185 0.000251114 1.60094e-06 3.69398e-05 
816 0.041078 0.568983 -0.00127191 0.000251053 1.49045e-06 3.72131e-05 
817 0.041078 0.569 -0.00127201 0.000251019 1.38584e-06 3.74795e-05 
818 0.0410779 0.569018 -0.00127207 0.000250959 1.27802e-06 3.77395e-05 
819 0.041078 0.569035 -0.00127217 0.000250927 1.17611e-06 3.79928e-05 
820 0.0410779 0.569053 -0.00127224 0.000250868 1.07101e-06 3.824e-05 
821 0.041078 0.56907 -0.00127234 0.000250837 9.71825e-07 3.84809e-05 
822 0.041078 0.569088 -0.0012724 0.000250779 8.69462e-07 3.87159e-05 
823 0.0410781 0.569105 -0.0012725 0.000250749 7.73018e-07 3.8945e-05 
824 0.041078 0.569123 -0.00127256 0.000250693 6.73399e-07 3.91684e-05 
825 0.0410781 0.56914 -0.00127267 0.000250664 5.79688e-07 3.93862e-05 
826 0.0410781 0.569158 -0.00127273 0.000250609 4.82793e-07 3.95986e-05 
827 0.0410782 0.569175 -0.00127283 0.000250582 3.91805e-07 3.98056e-05 
828 0.0410782 0.569193 -0.00127289 0.000250528 2.97615e-07 4.00075e-05 
829 0.0410783 0.56921 -0.00127299 0.000250501 2.09314e-07 4.02042e-05 
830 0.0410783 0.569228 -0.00127305 0.000250449 1.17797e-07 4.03961e-05 
831 0.0410785 0.569245 -0.00127316 0.000250424 3.21443e-08 4.05831e-05 
832 0.0410785 0.569263 -0.00127322 0.000250373 -5.67405e-08 4.07655e-05 
833 0.0410786 0.56928 -0.00127332 0.000250349 -1.39781e-07 4.09431e-05 
