# record data: step_count | acceleration (x y z) | gyro (x y z)
0 0.0854122 -0.00056638 -2.84983e-05 -0 -0 0 
1 0.0846361 -0.00164629 -0.000357377 0.000106396 -0.000116505 -0.00312178 
2 1.68649 -0.00536428 2.30697 0.000346187 0.087422 -0.00160571 
3 -1.60467 0.0044618 -2.70773 9.59987e-05 -0.00449427 -0.00305303 
4 -0.0146252 -5.68672e-05 0.0306678 7.03876e-05 -0.00954473 -0.0030103 
5 0.0933245 -0.000460775 0.0711398 6.68015e-05 -0.00884218 -0.00296816 
6 0.0991939 -0.000492038 0.0582251 6.51334e-05 -0.00786098 -0.0029266 
7 0.0981984 -0.000493329 0.0468717 6.37697e-05 -0.00696492 -0.00288563 
8 0.0968646 -0.000490965 0.0377148 6.25126e-05 -0.00616811 -0.00284522 
9 0.0956313 -0.000488873 0.030347 6.13755e-05 -0.00546163 -0.00280538 
10 0.0945195 -0.00048564 0.0244191 6.02952e-05 -0.00483591 -0.0027661 
11 0.0935219 -0.000483006 0.0196494 5.93022e-05 -0.00428219 -0.00272736 
12 0.0926291 -0.000479367 0.0158116 5.83401e-05 -0.00379255 -0.00268917 
13 0.0918319 -0.000476428 0.0127234 5.74445e-05 -0.00335986 -0.00265151 
14 0.0911216 -0.000472564 0.0102382 5.65631e-05 -0.00297772 -0.00261438 
15 0.0904898 -0.000469465 0.00823817 5.57348e-05 -0.00264043 -0.00257777 
16 0.0899289 -0.000465495 0.00662852 5.49101e-05 -0.00234286 -0.00254167 
17 0.0894317 -0.000462331 0.00533293 5.41298e-05 -0.00208045 -0.00250607 
18 0.0889915 -0.00045833 0.00429006 5.33463e-05 -0.00184914 -0.00247098 
19 0.0886025 -0.000455164 0.00345053 5.26019e-05 -0.00164533 -0.00243637 
20 0.0882592 -0.000451182 0.00277464 5.185e-05 -0.00146581 -0.00240225 
21 0.0879565 -0.000448052 0.00223043 5.11339e-05 -0.00130772 -0.00236861 
22 0.0876901 -0.000444119 0.00179221 5.04075e-05 -0.00116855 -0.00233544 
23 0.087456 -0.000441049 0.00143928 4.97149e-05 -0.00104607 -0.00230273 
24 0.0872504 -0.000437184 0.00115502 4.90104e-05 -0.000938302 -0.00227048 
25 0.0870702 -0.000434188 0.000926028 4.83384e-05 -0.000843494 -0.00223868 
26 0.0869125 -0.000430402 0.000741531 4.76536e-05 -0.000760106 -0.00220733 
27 0.0867746 -0.000427488 0.00059286 4.70004e-05 -0.000686776 -0.00217642 
28 0.0866544 -0.000423787 0.000473036 4.63338e-05 -0.0006223 -0.00214594 
29 0.0865498 -0.000420959 0.000376443 4.56985e-05 -0.000565619 -0.00211589 
30 0.0864589 -0.000417345 0.000298561 4.50493e-05 -0.000515795 -0.00208625 
31 0.0863802 -0.000414605 0.00023575 4.4431e-05 -0.000472006 -0.00205704 
32 0.0863122 -0.000411078 0.000185081 4.37987e-05 -0.000433524 -0.00202823 
33 0.0862536 -0.000408425 0.000144195 4.31971e-05 -0.000399709 -0.00199983 
34 0.0862034 -0.000404984 0.000111195 4.25812e-05 -0.000369998 -0.00197182 
35 0.0861605 -0.000402417 8.45494e-05 4.19958e-05 -0.000343896 -0.00194421 
36 0.0861241 -0.000399061 6.30281e-05 4.1396e-05 -0.000320966 -0.00191698 
37 0.0860934 -0.000396578 4.56386e-05 4.08266e-05 -0.000300823 -0.00189013 
38 0.0860677 -0.000393305 3.15819e-05 4.02426e-05 -0.00028313 -0.00186366 
39 0.0860465 -0.000390904 2.02139e-05 3.96889e-05 -0.000267591 -0.00183756 
40 0.0860291 -0.000387712 1.1016e-05 3.91204e-05 -0.000253943 -0.00181183 
41 0.0860151 -0.00038539 3.56968e-06 3.8582e-05 -0.000241956 -0.00178646 
42 0.0860042 -0.000382276 -2.46198e-06 3.80287e-05 -0.00023143 -0.00176144 
43 0.0859959 -0.000380031 -7.35093e-06 3.75053e-05 -0.000222187 -0.00173677 
44 0.0859899 -0.000376994 -1.13164e-05 3.69669e-05 -0.00021407 -0.00171245 
45 0.0859859 -0.000374824 -1.45352e-05 3.64582e-05 -0.000206943 -0.00168847 
46 0.0859838 -0.00037186 -1.71501e-05 3.59344e-05 -0.000200684 -0.00166483 
47 0.0859833 -0.000369763 -1.92764e-05 3.54401e-05 -0.000195189 -0.00164151 
48 0.0859841 -0.000366871 -2.10069e-05 3.49304e-05 -0.000190364 -0.00161852 
49 0.0859862 -0.000364845 -2.24169e-05 3.44501e-05 -0.000186128 -0.00159586 
50 0.0859893 -0.000362022 -2.3567e-05 3.39543e-05 -0.000182409 -0.00157351 
51 0.0859934 -0.000360064 -2.45064e-05 3.34877e-05 -0.000179144 -0.00155148 
52 0.0859982 -0.000357309 -2.52747e-05 3.30054e-05 -0.000176277 -0.00152975 
53 0.0860039 -0.000355418 -2.59041e-05 3.25521e-05 -0.00017376 -0.00150833 
54 0.0860101 -0.000352728 -2.64204e-05 3.20829e-05 -0.00017155 -0.00148721 
55 0.086017 -0.000350901 -2.68449e-05 3.16425e-05 -0.00016961 -0.00146638 
56 0.0860243 -0.000348275 -2.71944e-05 3.11862e-05 -0.000167907 -0.00144585 
57 0.086032 -0.000346511 -2.7483e-05 3.07584e-05 -0.000166412 -0.0014256 
58 0.0860402 -0.000343947 -2.77217e-05 3.03145e-05 -0.000165099 -0.00140564 
59 0.0860486 -0.000342243 -2.79198e-05 2.9899e-05 -0.000163946 -0.00138595 
60 0.0860574 -0.000339739 -2.80845e-05 2.94671e-05 -0.000162935 -0.00136655 
61 0.0860664 -0.000338095 -2.8222e-05 2.90636e-05 -0.000162047 -0.00134741 
62 0.0860757 -0.000335649 -2.83372e-05 2.86435e-05 -0.000161267 -0.00132854 
63 0.0860851 -0.000334063 -2.8434e-05 2.82515e-05 -0.000160582 -0.00130994 
64 0.0860947 -0.000331674 -2.85157e-05 2.78429e-05 -0.000159981 -0.0012916 
65 0.0861045 -0.000330143 -2.85851e-05 2.74622e-05 -0.000159454 -0.00127351 
66 0.0861144 -0.000327809 -2.86441e-05 2.70646e-05 -0.00015899 -0.00125568 
67 0.0861244 -0.000326333 -2.86947e-05 2.66949e-05 -0.000158584 -0.0012381 
68 0.0861345 -0.000324052 -2.87383e-05 2.63081e-05 -0.000158227 -0.00122076 
69 0.0861447 -0.000322629 -2.87761e-05 2.5949e-05 -0.000157913 -0.00120367 
70 0.086155 -0.0003204 -2.88091e-05 2.55727e-05 -0.000157638 -0.00118681 
71 0.0861654 -0.000319028 -2.88381e-05 2.5224e-05 -0.000157396 -0.0011702 
72 0.0861758 -0.00031685 -2.88637e-05 2.48579e-05 -0.000157184 -0.00115381 
73 0.0861863 -0.000315528 -2.88866e-05 2.45191e-05 -0.000156998 -0.00113765 
74 0.0861968 -0.0003134 -2.89071e-05 2.41629e-05 -0.000156834 -0.00112172 
75 0.0862074 -0.000312126 -2.89257e-05 2.3834e-05 -0.00015669 -0.00110602 
76 0.086218 -0.000310045 -2.89426e-05 2.34874e-05 -0.000156564 -0.00109053 
77 0.0862286 -0.000308818 -2.89581e-05 2.3168e-05 -0.000156453 -0.00107526 
78 0.0862393 -0.000306784 -2.89725e-05 2.28307e-05 -0.000156356 -0.00106021 
79 0.08625 -0.000305603 -2.89859e-05 2.25205e-05 -0.00015627 -0.00104536 
80 0.0862607 -0.000303614 -2.89984e-05 2.21924e-05 -0.000156195 -0.00103073 
81 0.0862714 -0.000302478 -2.90103e-05 2.18911e-05 -0.000156129 -0.00101629 
82 0.0862822 -0.000300533 -2.90215e-05 2.15718e-05 -0.000156071 -0.00100207 
83 0.0862929 -0.00029944 -2.90323e-05 2.12792e-05 -0.00015602 -0.000988035 
84 0.0863037 -0.000297538 -2.90426e-05 2.09685e-05 -0.000155976 -0.000974202 
85 0.0863145 -0.000296487 -2.90526e-05 2.06844e-05 -0.000155936 -0.000960562 
86 0.0863253 -0.000294626 -2.90622e-05 2.03821e-05 -0.000155902 -0.000947113 
87 0.0863361 -0.000293617 -2.90715e-05 2.01062e-05 -0.000155871 -0.000933853 
88 0.0863469 -0.000291796 -2.90806e-05 1.98119e-05 -0.000155845 -0.000920778 
89 0.0863577 -0.000290826 -2.90896e-05 1.95441e-05 -0.000155821 -0.000907887 
90 0.0863686 -0.000289045 -2.90983e-05 1.92577e-05 -0.000155801 -0.000895176 
91 0.0863794 -0.000288114 -2.91069e-05 1.89976e-05 -0.000155782 -0.000882643 
92 0.0863902 -0.000286371 -2.91153e-05 1.87189e-05 -0.000155766 -0.000870286 
93 0.0864011 -0.000285477 -2.91237e-05 1.84663e-05 -0.000155752 -0.000858102 
94 0.0864119 -0.000283772 -2.91319e-05 1.81951e-05 -0.00015574 -0.000846088 
95 0.0864227 -0.000282915 -2.91401e-05 1.79499e-05 -0.000155729 -0.000834243 
96 0.0864336 -0.000281245 -2.91482e-05 1.76859e-05 -0.000155719 -0.000822564 
97 0.0864444 -0.000280424 -2.91563e-05 1.74478e-05 -0.000155711 -0.000811048 
98 0.0864553 -0.000278789 -2.91642e-05 1.71908e-05 -0.000155703 -0.000799693 
99 0.0864661 -0.000278002 -2.91722e-05 1.69597e-05 -0.000155697 -0.000788498 
100 0.086477 -0.000276402 -2.91801e-05 1.67095e-05 -0.000155691 -0.00077746 
101 0.0864879 -0.000275648 -2.91879e-05 1.64852e-05 -0.000155686 -0.000766576 
102 0.0864987 -0.000274081 -2.91957e-05 1.62417e-05 -0.000155681 -0.000755844 
103 0.0865096 -0.000273361 -2.92035e-05 1.60239e-05 -0.000155677 -0.000745263 
104 0.0865204 -0.000271825 -2.92113e-05 1.57868e-05 -0.000155674 -0.00073483 
105 0.0865313 -0.000271137 -2.92191e-05 1.55754e-05 -0.000155671 -0.000724543 
106 0.0865421 -0.000269633 -2.92268e-05 1.53447e-05 -0.000155668 -0.000714401 
107 0.0865438 0.00180263 0.000462701 7.90952e-05 -0.000156119 -0.000704387 
108 0.0865679 0.00604738 -6.25445e-05 0.000248929 -0.00015567 -0.000694471 
109 0.0865805 0.0103375 -6.71088e-05 0.000493192 -0.00015475 -0.000684649 
110 0.0865927 0.0145185 -6.16713e-05 0.000793603 -0.00015318 -0.000674919 
111 0.0866051 0.0185969 -5.56654e-05 0.00113628 -0.000150725 -0.000665278 
112 0.0866178 0.0225956 -4.9217e-05 0.00151037 -0.000147123 -0.000655723 
113 0.0866309 0.0265371 -4.22507e-05 0.0019077 -0.000142072 -0.000646254 
114 0.0866444 0.0304487 -3.46683e-05 0.00232216 -0.000135225 -0.000636869 
115 0.0866584 0.0343566 -2.63498e-05 0.00274952 -0.000126183 -0.000627564 
116 0.0866728 0.0382902 -1.71513e-05 0.00318695 -0.000114481 -0.00061834 
117 0.0866878 0.0422777 -6.90026e-06 0.00363294 -9.95832e-05 -0.000609193 
118 0.0867032 0.046351 4.60705e-06 0.00408694 -8.08614e-05 -0.000600123 
119 0.086719 0.050539 1.76105e-05 0.00454933 -5.75855e-05 -0.000591126 
120 0.0867352 0.0548759 3.23924e-05 0.00502111 -2.89023e-05 -0.000582201 
121 0.0867519 0.0593925 4.9282e-05 0.00550399 6.18451e-06 -0.000573346 
122 0.0867688 0.0641245 6.86651e-05 0.00600007 4.88392e-05 -0.000564558 
123 0.0867859 0.0691046 9.09901e-05 0.00651198 0.000100422 -0.000555836 
124 0.0868032 0.0743712 0.000116781 0.00704266 0.000162523 -0.000547178 
125 0.0868205 0.0799593 0.000146648 0.00759541 0.000237001 -0.000538583 
126 0.0868377 0.0859102 0.000181299 0.00817381 0.000326026 -0.00053005 
127 0.0868546 0.0922623 0.000221561 0.00878173 0.000432135 -0.00052158 
128 0.0868709 0.0990608 0.000268395 0.00942329 0.00055829 -0.000513174 
129 0.0868865 0.106347 0.000322918 0.0101029 0.000707948 -0.000504836 
130 0.0869009 0.114173 0.000386432 0.0108252 0.00088515 -0.000496571 
131 -40.1776 0.110044 1.18996 0.0121895 1.34446 -0.00050862 
132 -13.4129 0.535444 -0.363999 -0.0087106 0.277402 -0.000488512 
133 -2.97852 0.501835 -0.392274 -0.00913452 -0.197209 -0.000503454 
134 2.12431 0.263574 -0.266067 -0.0147744 -0.367585 -0.000529399 
135 29.0965 0.179966 -0.14714 -0.0151623 -1.36275 -0.0005461 
136 15.1682 0.141703 -0.456533 -0.0128045 -0.555496 -0.000582181 
137 7.67919 0.158152 0.174232 -0.0105208 -0.150955 -0.000584406 
138 3.66614 0.177441 0.114086 -0.00838102 0.038322 -0.000581602 
139 1.56366 0.199627 0.0593629 -0.00647471 0.115217 -0.000577324 
140 0.507777 0.223917 0.0291978 -0.00484292 0.136038 -0.000573176 
141 0.0147208 0.249687 0.013895 -0.00348701 0.131016 -0.000569948 
142 -0.184129 0.276601 0.00672979 -0.00238417 0.115925 -0.000568137 
143 -0.235873 0.304558 0.00386746 -0.00149973 0.0986305 -0.000568185 
144 -0.219473 0.33363 0.00321519 -0.000795887 0.0827679 -0.000570586 
145 -0.176087 0.363991 0.0036667 -0.000236283 0.069778 -0.000575947 
146 -0.126193 0.395874 0.00466056 0.000211054 0.0600202 -0.000585031 
147 -0.0791922 0.429544 0.00593086 0.000573404 0.0533684 -0.000598803 
148 -0.0387287 0.465269 0.00736908 0.000872656 0.04952 -0.000618482 
149 0.00382808 1.29318 0.0201628 0.0254757 0.0528982 -0.000663937 
150 0.0289381 0.853051 0.012406 0.00784975 0.0549133 -0.000715746 
151 0.0467795 0.721673 0.014346 9.60434e-05 0.0589237 -0.00078067 
152 0.0610083 0.685306 0.0170005 -0.00269115 0.0648942 -0.000863317 
153 0.0722064 0.700579 0.0199906 -0.0031084 0.0728486 -0.000968932 
154 0.0809491 0.744406 0.023386 -0.00249094 0.082875 -0.00110389 
155 -26.5691 0.798131 0.254551 -0.00123953 0.850956 -0.000447757 
156 -8.97638 0.888249 -0.266056 -0.000933138 0.144588 -0.000415569 
157 -2.0264 0.952855 -0.216279 3.56745e-05 -0.168016 -0.000415637 
158 1.37964 1.03385 -0.115158 0.00105433 -0.278374 -0.000420162 
159 2.88055 1.12408 -0.0513399 0.00194597 -0.2909 -0.000426683 
160 19.3679 1.22682 0.22872 0.00266937 -0.577475 -0.00249801 
161 8.87384 1.32145 0.205857 0.00351597 -0.0897779 -0.0030317 
162 4.33055 1.43695 0.112514 0.00397337 0.15321 -0.00350094 
163 1.88677 1.55536 0.0460997 0.00435142 0.269821 -0.00406304 
164 0.60574 1.68085 0.012331 0.00473997 0.323203 -0.00474658 
165 -0.0427947 1.81543 -0.00206229 0.00516394 0.348013 -0.00558572 
166 -0.356058 1.96031 -0.00581306 0.00562538 0.363016 -0.00662225 
167 -0.499052 2.1164 -0.00389081 0.00612112 0.378243 -0.00790781 
168 -0.56224 2.28458 0.00100621 0.0066494 0.399034 -0.00950668 
169 -0.59446 2.46578 0.00747852 0.00721114 0.42831 -0.0114991 
170 -0.621629 2.66102 0.0148511 0.00780938 0.467837 -0.0139856 
171 -0.657308 2.87131 0.0228419 0.00844658 0.518928 -0.0170921 
172 -0.708634 3.0979 0.0313861 0.00912996 0.582835 -0.0209765 
173 -0.779624 3.34206 0.0405226 0.00986549 0.660965 -0.0258371 
174 -0.873014 3.60513 0.0503404 0.0106595 0.755013 -0.0319229 
175 -1.84148 9.96459 0.294748 0.198485 0.650936 -0.033764 
176 -2.44794 6.56721 -0.0939913 0.0619917 0.42687 -0.0309455 
177 -2.94087 5.54887 -0.093855 0.0016572 0.184186 -0.0258363 
178 -3.32887 5.26193 -0.0791822 -0.0203235 -0.0737695 -0.018035 
179 -3.69123 5.37222 -0.0674681 -0.0239736 -0.348015 -0.00696184 
180 -3.318 5.70249 -0.0248365 -0.0195046 -0.590205 0.00448513 
181 -0.575853 6.16231 0.122797 -0.0118084 -0.644955 0.00524882 
182 0.757406 6.70395 0.201859 -0.00381029 -0.626559 0.00579998 
183 1.61845 7.25449 0.254088 0.00584896 -0.585695 0.00286857 
184 1.60386 7.05368 0.223117 -0.013728 -0.517012 0.00305399 
185 1.51247 5.72933 0.0888897 -0.066958 -0.452574 0.00341179 
186 1.37415 4.10451 -0.0209999 -0.122515 -0.394959 0.00387155 
187 1.22628 2.49525 -0.104241 -0.16788 -0.344718 0.00436816 
188 1.08692 1.04001 -0.164255 -0.199641 -0.301456 0.00478398 
189 0.947533 -5.34304 0.328435 -0.373932 -0.265165 0.00595095 
190 0.847582 -7.88319 0.485715 -0.408176 -0.233798 0.00665131 
191 0.762956 -8.65105 0.534815 -0.370685 -0.206615 0.00706885 
192 1.59629 -8.57883 0.573203 -0.308417 -0.121463 -0.00303729 
193 2.32922 -8.13415 0.571045 -0.243604 0.00841501 -0.0182157 
194 2.25265 -7.54826 0.384023 -0.186866 0.108812 -0.028076 
195 0.821866 -7.01454 -0.281702 -0.140341 0.0314667 -0.0114768 
196 0.240853 -9.72999 -0.50581 -0.208881 0.0290463 -0.00897599 
197 0.14095 -7.13817 -0.172294 -0.0970499 0.0321258 -0.00844678 
198 0.0918535 -8.56466 -0.437527 -0.12173 0.0269525 -0.00775267 
199 0.0434939 -5.95725 -0.115301 -0.0267921 0.0239504 -0.00730813 
200 0.0281825 -4.74804 -0.159029 0.0167922 0.0198189 -0.00693768 
201 0.0350417 -4.02848 -0.185296 0.0340738 0.0156813 -0.00660452 
202 0.0515654 -3.57729 -0.193459 0.0384368 0.0120045 -0.0062937 
203 0.0718328 -3.27481 -0.191853 0.0368834 0.00893756 -0.00599863 
204 0.0929957 -3.05637 -0.185563 0.0329777 0.00647645 -0.00571796 
205 0.113872 -2.8869 -0.17735 0.0284686 0.00455151 -0.00544919 
206 -4.58574 57.5248 1.30826 2.48195 -0.043821 -0.139831 
207 2.74377 14.1311 -9.37775 1.33958 0.143068 -0.426597 
208 -4.82056 -10.4445 -4.84809 1.2662 -0.26367 0.0111252 
209 -2.43924 -9.72891 0.530758 1.29216 -0.416638 0.0163707 
210 -0.635755 -8.18165 1.03231 1.28858 -0.463642 0.0162715 
211 2.08422 -29.219 8.184 -1.42003 -0.505116 9.05398e-06 
212 2.42966 -16.385 0.407575 -0.645579 -0.389165 -0.000574842 
213 1.71471 -13.5672 -0.384026 -0.0160034 -0.331402 0.0149894 
214 0.217858 -10.9354 -0.420906 0.475274 -0.375585 0.0517768 
215 -0.654269 -8.43353 -0.339535 0.836605 -0.472223 0.0894536 
216 -1.05558 -5.93853 -0.18461 1.06852 -0.596127 0.127848 
217 -1.38332 -2.75312 0.309412 1.25535 -0.58417 0.113888 
218 -0.878148 -0.381992 -0.0198228 1.41214 -0.5364 0.0949519 
219 -0.635249 1.31634 0.0562182 1.48439 -0.479297 0.077457 
220 -0.9529 2.3017 0.371884 1.51133 -0.442857 0.0609992 
221 -1.056 3.14076 0.370797 1.50077 -0.41428 0.0454281 
222 -1.09916 2.62102 -0.0969384 1.52703 -0.390269 0.0307288 
223 -0.0610522 1.70418 0.253874 1.61474 -0.259118 -0.0417622 
224 1.59977 2.00985 0.592424 1.69615 -0.0391042 -0.116306 
225 2.82277 2.87101 0.677111 1.74194 0.201277 -0.179368 
226 2.97683 4.87044 1.0531 1.69154 0.440995 -0.241089 
227 5.0807 5.37246 0.477776 1.62685 0.788848 -0.303223 
228 7.02341 5.79864 -0.494268 1.53905 0.992746 -0.281378 
229 5.80216 5.93421 -1.10377 1.45453 1.09989 -0.248351 
230 4.55446 6.07379 -1.25606 1.37631 1.1543 -0.218213 
231 3.39837 6.2155 -1.33302 1.30496 1.1604 -0.190613 
232 2.05027 6.30379 -1.20634 0.965853 -0.24226 0.11697 
233 0.146573 5.12206 -0.319579 0.417658 -0.20358 0.107628 
234 -0.0221374 5.24133 -0.199624 -0.116889 -0.180596 0.0976748 
235 -0.052263 5.31267 -0.215136 -0.642399 -0.170809 0.0887327 
236 0.0894459 5.30036 -0.263841 -1.15929 -0.164915 0.0808354 
237 -1.42192 3.07772 -1.24445 -1.54995 0.316213 -0.0485982 
238 0.427923 2.49291 -0.366472 -2.25975 0.0690031 -0.0312344 
239 7.54559 -4.07006 4.26546 -2.26074 0.38034 -0.0139829 
240 5.93381 -4.52072 0.630856 -2.25255 0.629821 -0.012642 
241 4.54468 -5.25546 0.179027 -2.21521 0.823523 -0.0156837 
242 3.01152 -5.58254 0.346089 -2.17337 0.960015 -0.024459 
243 1.92856 -6.07168 0.321668 -2.12029 0.991741 -0.0236235 
244 -4.61273 -12.051 2.42822 -1.75603 0.539268 0.00223686 
245 -2.92288 -11.9793 -0.162246 -1.41784 0.162304 0.0330676 
246 -1.59256 -11.9778 -0.345989 -1.09765 -0.169678 0.0656586 
247 -0.483578 -11.8556 -0.286596 -0.803215 -0.445609 0.0946712 
248 0.630183 -11.6546 -0.154266 -0.539708 -0.493835 0.0859717 
249 1.69432 -11.3265 -0.039417 -0.316589 -0.501685 0.0776716 
250 2.47041 -11.0791 0.0201371 -0.130716 -0.485686 0.0699809 
251 3.20398 -10.984 0.0600518 0.0235941 -0.449436 0.0631692 
252 3.68631 -10.8684 0.152664 0.143102 -0.405011 0.056784 
253 3.99726 -10.7711 0.254939 0.225721 -0.362122 0.0507707 
254 4.46139 -10.6965 0.375934 0.270328 -0.315213 0.0456013 
255 6.88258 -10.9473 1.84966 0.30221 0.120398 -0.0341077 
256 6.73584 20.2823 12.129 -1.46283 1.44727 -3.2326 
257 13.8864 -10.137 -1.20525 -1.49297 1.76147 -0.270852 
258 16.7209 -19.2234 2.60774 -1.16726 2.99118 -0.357206 
259 10.6035 -32.4787 -0.173672 -2.13115 1.25983 -0.0127357 
260 -12.0171 -20.8784 -4.75676 -1.69977 -0.938972 0.380656 
261 -11.2954 -6.30282 5.31999 -1.71241 -2.11455 1.40501 
262 -21.2063 -21.6617 1.71844 -1.73611 -4.00955 0.511225 
263 -17.3318 -6.6006 -4.68652 -0.310947 -5.18435 1.32573 
264 -12.8442 2.08321 -2.41459 0.538846 -5.7677 1.08372 
265 -9.39065 8.24129 -1.79411 0.988019 -6.11081 0.799283 
266 -7.02697 11.8848 -1.28202 1.16375 -6.25824 0.282235 
267 -5.22525 14.3152 -0.847517 1.17066 -6.29359 -0.176314 
268 -3.16784 16.3909 -0.83447 1.01913 -6.31872 -0.284393 
269 -0.848135 18.0286 -1.25585 0.734118 -6.10318 -0.456675 
270 0.623474 18.4393 -1.19394 0.372341 -5.60143 -0.372671 
271 2.30908 18.2797 -0.855891 -0.00125421 -5.16718 0.0182935 
272 25.3867 1.19322 6.8032 0.550594 -3.53976 0.0611703 
273 19.1809 9.22858 -3.05313 0.5806 -2.26779 0.169325 
274 17.5662 8.9587 -0.921684 0.559432 -1.17848 0.0665529 
275 15.4398 8.81401 -0.665883 0.51969 -0.218014 -0.0026681 
276 13.2858 8.57891 -0.552837 0.471226 0.617527 -0.0264199 
277 10.5217 7.67339 -0.266869 0.448617 1.28981 -0.0327215 
278 8.29989 6.59107 -0.26279 0.45813 2.07763 -0.0493723 
279 5.9359 6.32178 -0.543477 0.462254 2.76986 -0.0564475 
280 3.67057 6.95143 -0.456779 0.42108 2.86901 -0.0274225 
281 2.82552 7.36687 -0.208121 0.368232 2.79839 0.351489 
282 0.85796 6.01351 -0.623102 0.344757 2.75764 0.340585 
283 42.9258 -42.6774 6.97693 -3.57952 -1.41223 2.00107 
284 26.0099 -43.9107 -14.4683 -4.47926 3.3017 6.18732 
285 21.0583 -10.9849 -16.8759 -2.57462 3.97947 11.6766 
286 15.6591 4.92741 -9.22174 -1.16639 6.51937 17.333 
287 6.583 33.5221 -4.45677 2.86174 10.2384 10.2653 
288 16.3298 33.498 8.1612 3.80912 9.79109 3.11674 
289 15.8129 25.8357 -1.71848 2.22505 9.91966 0.0158333 
290 16.3584 26.0219 -4.52125 1.00825 10.872 -0.00923089 
291 -73.2708 32.3782 74.3154 -0.555763 6.99275 -0.0147459 
292 -34.6041 13.9561 -29.0676 -1.12748 5.25823 -0.00606392 
293 -39.9292 14.0896 -13.4747 -1.72522 3.20896 -0.0187991 
294 -40.5742 12.2338 -10.8065 -2.23228 1.1324 -0.0319083 
295 -40.5502 10.1218 -10.3451 -2.63856 -0.949188 -0.0424697 
296 -40.2862 7.9765 -10.2393 -2.94372 -3.03242 -0.0487182 
297 3.20861 -0.303798 18.5214 -2.8285 -2.56527 0.010126 
298 -0.0811753 -0.0815912 -2.03026 -3.02332 -2.2999 0.0529063 
299 0.478875 0.835793 -0.100464 -3.28248 -2.0014 0.0973259 
300 3.92329 0.79996 1.58089 -3.55482 -1.52878 0.140097 
301 6.94546 0.759263 2.02857 -3.84217 -0.898556 0.184226 
302 9.02472 0.0563967 2.33943 -4.11056 -0.155203 0.232006 
303 10.2795 -1.5124 2.64843 -4.31508 0.660746 0.284787 
304 11.2275 -1.62163 1.70333 -4.53547 1.52423 0.337789 
305 11.1571 -1.69059 1.04999 -4.77272 2.30456 0.375489 
306 12.0141 -1.66784 -0.144035 -5.02783 2.89529 0.363536 
307 9.95422 -1.8347 -0.371131 -5.30233 3.4027 0.359443 
308 18.9438 -15.3255 -10.1948 -11.4022 -3.27098 -0.335534 
309 5.7431 -1.13874 -1.96247 -10.8125 -2.96628 -0.410444 
310 2.22174 -0.939551 0.193854 -10.1206 -2.21276 -0.383647 
311 0.0625905 -1.5087 0.406975 -9.50866 -1.64245 -0.352653 
312 -1.58471 -1.98426 0.289956 -8.9693 -1.224 -0.321597 
313 -6.64892 0.815117 0.228071 -7.79302 3.83288 0.429128 
314 -102.99 -128.103 140.902 -3.18779 7.3371 7.66695 
315 -24.2348 -34.2322 -55.5463 -0.749235 4.40988 6.42435 
316 -21.7965 -31.859 -60.6929 1.84371 0.600655 4.46275 
317 -23.844 -34.7676 -54.8852 4.61062 -3.71335 2.15002 
318 -34.2214 -43.9986 -33.9107 7.23122 -5.57532 1.9681 
319 -36.0781 -46.0447 -29.2539 9.9265 -7.35218 1.93646 
320 39.4806 -4.53135 89.1591 9.91707 -7.80767 2.22531 
321 21.4929 -0.319164 -6.45157 11.3708 -6.95788 1.76581 
322 22.2785 -1.66065 -2.23347 11.7689 -6.07857 1.72834 
323 22.5526 -1.50069 -1.39444 12.2009 -5.23139 1.68197 
324 22.6952 -1.26632 -1.51101 12.6746 -4.42482 1.62519 
325 22.8105 -0.959569 -1.84904 13.1952 -3.66315 1.57503 
326 30.1302 48.77 40.1775 10.7821 -2.51099 -0.314669 
327 21.5777 35.3471 -10.738 9.45072 -1.91566 -0.407399 
328 22.9875 37.1051 -6.47875 8.06972 -1.29993 -0.485295 
329 23.5095 37.7447 -5.60074 6.70396 -0.723333 -0.555654 
330 24.0997 37.9222 -5.68363 5.37858 -0.190249 -0.624912 
331 24.4612 38.6407 -4.63599 4.05362 0.513342 -0.629578 
332 24.9359 39.4745 -3.4195 2.72377 1.35741 -0.586229 
333 24.9351 38.9555 -0.335482 1.4653 3.18303 -0.400131 
334 25.4582 37.6002 1.236 0.32467 5.16335 -0.21292 
335 25.4422 35.2468 -3.29862 -0.616965 6.53471 -0.190604 
336 25.877 38.3574 -22.2033 0.28848 4.25393 -0.925109 
337 24.1619 33.1129 -14.0657 -0.925638 5.48159 -0.890007 
338 24.6853 30.0901 -13.2108 -2.16406 6.87681 -0.778695 
339 -53.1476 66.7341 66.0445 -5.58434 4.11836 -0.809789 
340 -26.9018 34.4169 -28.6226 -7.58076 2.87626 -0.683557 
341 -39.8388 4.95518 22.2694 -8.76204 1.0342 -0.705231 
342 -29.1365 3.94865 -16.0993 -9.85621 -0.243536 -0.772643 
343 -67.7435 -70.0651 47.5339 -8.97407 -2.36046 3.70546 
344 -37.0165 -38.8889 -30.4979 -7.75482 -4.22879 4.02624 
345 -41.8932 -44.1378 -16.7078 -5.63397 -5.79886 2.40235 
346 -39.8807 -38.625 -16.8738 -3.7664 -7.35413 0.912912 
347 -39.7511 -34.1443 -11.2099 -2.4191 -8.97851 -0.171827 
348 17.3891 -56.029 19.7934 -0.210978 -7.6057 -0.357363 
349 6.74147 -39.506 -11.1919 1.28195 -6.95397 -0.381243 
350 5.7078 -32.4951 -3.69077 2.64352 -6.28234 -0.803038 
351 2.76683 -28.7678 -0.0319481 3.73156 -5.81522 -1.27605 
352 40.7514 9.38683 28.4812 2.5034 -3.86104 -0.133786 
353 29.7325 2.3333 -5.72763 1.78163 -1.50781 -0.765796 
354 30.7438 0.56737 -2.59328 1.08934 0.160029 -1.87654 
355 29.849 0.0707693 -3.70124 0.768763 1.7368 -1.4484 
356 9.32705 3.35476 8.47595 0.501117 1.95488 -0.075329 
357 4.34294 -4.84616 -2.7784 0.403677 2.20747 -0.0723085 
358 0.521052 -5.76632 -0.790774 0.369502 2.17046 -0.06943 
359 45.8257 51.3844 12.3192 4.17782 -0.703669 -0.027073 
360 27.6722 47.6908 -14.3724 5.53074 4.65195 -0.466587 
361 21.463 27.6744 -34.4285 3.14037 9.60683 -0.908553 
362 20.9047 22.7065 -41.2261 1.02761 12.9065 -1.20279 
363 -70.8824 -31.2846 85.7669 1.16264 2.98572 -0.0991104 
364 -45.6748 -43.339 -7.73124 -3.25547 1.9313 0.0485146 
365 -43.0965 -36.9462 -6.17192 -3.42212 -0.362622 0.0138296 
366 -40.7411 -29.582 -11.5209 -2.05838 -2.54612 0.00826062 
367 -3.82057 -40.8319 5.28563 -0.0751204 -2.73961 -0.0121988 
368 -6.76606 -32.1333 -7.35854 1.4418 -3.14949 -0.0238496 
369 -3.90944 -28.0791 -4.11364 2.76071 -3.40361 -0.0379071 
370 17.7532 -9.69491 9.54705 3.09298 -2.506 -0.0379266 
371 10.5546 -8.50156 -1.78875 3.39282 -2.02352 -0.0407206 
372 7.96137 -6.33697 -0.429305 3.59091 -1.6878 -0.0443148 
373 6.59919 -3.89256 0.246163 3.67246 -1.43425 -0.0476126 
374 6.56026 -2.1255 1.29608 3.68161 -1.01059 -0.0944308 
375 6.54985 -0.255808 0.372814 3.89482 -0.555917 -0.140584 
376 5.36004 -0.0266485 0.546513 4.11316 -0.161258 -0.188627 
377 6.9766 0.00955031 1.60274 4.34889 0.314311 -0.23807 
378 8.24858 0.0440125 1.59651 4.60251 0.859836 -0.288559 
379 8.84321 1.33383 2.05203 4.80805 1.44727 -0.34235 
380 9.18981 2.62686 1.99005 5.13631 2.27124 -0.453164 
381 10.7644 2.47968 0.483457 5.3294 2.83315 -0.476816 
382 12.0488 2.4893 -0.656933 5.54209 3.28727 -0.460464 
383 10.0945 2.65968 -0.847536 5.7758 3.66657 -0.453215 
384 14.4787 14.8545 -10.4616 11.014 0.1607 -0.00191437 
385 5.77526 1.18768 -1.27189 10.3072 0.6439 -0.0161752 
386 3.09145 1.77643 0.244928 9.67082 0.97258 -0.0334828 
387 1.01021 2.27326 0.335644 9.10538 1.16612 -0.0477837 
388 -0.564697 2.68314 0.213429 8.60565 1.25379 -0.0581585 
389 -2.85672 0.354287 0.447173 7.82383 3.83428 -0.501663 
390 -102.426 131.997 146.567 2.79034 7.4957 -6.86995 
391 -17.3812 27.2478 -71.7175 0.56764 4.0282 -4.92049 
392 -20.7352 31.5945 -62.4299 -2.00018 0.246852 -2.88121 
393 -23.4519 34.9862 -55.3436 -4.69239 -3.5991 -0.847557 
394 -34.1324 45.4138 -31.8961 -7.32865 -5.32485 -0.736394 
395 38.0114 4.3393 67.2607 -7.56615 -5.70771 -0.77418 
396 21.5009 1.77274 -13.8046 -8.09245 -4.84938 -0.688935 
397 23.7799 2.29814 -1.87878 -8.4299 -3.85926 -0.671093 
398 23.6191 2.15194 -3.10315 -8.79214 -2.9112 -0.646307 
399 24.2441 2.0666 -0.289817 -9.17997 -1.96195 -0.613156 
400 24.3916 1.86599 -0.164163 -9.59796 -1.03675 -0.572125 
401 24.4431 1.60517 -0.714995 -10.0494 -0.141133 -0.523622 
402 24.4794 1.2764 -1.3789 -10.5396 0.721586 -0.486391 
403 30.8022 -43.3819 31.7332 -8.51513 1.90425 0.273917 
404 22.9787 -27.1793 -11.404 -7.5712 2.61284 0.321132 
405 24.3049 -29.2777 -6.13472 -6.54633 3.35578 0.364912 
406 24.7026 -30.5485 -5.26074 -5.50037 4.37408 0.361243 
407 25.1654 -31.1574 -5.06461 -4.46579 5.67358 0.315708 
408 25.4729 -31.5299 -3.48112 -3.44849 7.21428 0.211782 
409 -47.2273 -51.598 36.4661 -1.37266 4.97232 0.090908 
410 -16.8973 -37.6096 -11.1088 -0.106968 4.51105 -0.04852 
411 -18.3634 -27.7023 6.10221 0.57797 4.04076 -0.181603 
412 -6.37942 -26.9801 -1.46783 1.16326 3.6283 -0.143707 
413 -27.2853 -12.4472 -2.44749 0.784551 0.518522 -0.0959151 
414 -21.0586 -19.7763 -8.918 1.06026 -1.94092 0.457004 
415 -25.958 -31.9172 2.5952 0.605134 -4.54502 0.666058 
416 -22.949 -22.3099 -2.61519 1.68143 -5.73733 0.540476 
417 -17.6952 -13.618 -4.51904 2.99016 -6.59365 0.372361 
418 -10.3187 -6.64159 -4.41518 4.34577 -7.02082 0.193115 
419 -6.33058 -4.69889 -2.35816 5.54659 -7.21878 0.0169291 
420 -20.2156 19.0914 8.19204 5.40343 -8.1463 -0.155383 
421 11.6914 43.5702 8.78945 3.89523 -7.33943 -0.807634 
422 7.63558 32.147 -3.14362 2.77775 -6.64516 -2.50532 
423 10.1948 30.6989 -0.967724 1.72003 -5.66024 -3.66231 
424 10.9442 26.381 -1.25396 0.993936 -4.51482 -3.64651 
425 12.5867 23.4979 -0.712373 0.57927 -3.4742 -2.13541 
426 13.3701 19.6447 -0.509938 0.324266 -2.45246 -0.766446 
427 13.3811 15.7028 -0.242305 0.118314 -1.45397 -0.321953 
428 8.3025 15.9676 1.42961 -0.18799 -0.773778 -0.214556 
429 7.37929 13.5412 0.360077 -0.399041 -0.121149 -0.146103 
430 6.47322 11.5884 0.283581 -0.536252 0.43767 -0.0832816 
431 5.60468 9.9557 0.266889 -0.614542 0.909739 -0.0254208 
432 4.79638 8.6084 0.235336 -0.64716 1.30307 0.0271209 
433 3.99758 7.90254 -0.248074 -0.665464 1.49219 0.0477108 
434 2.92237 7.20523 -0.701566 -0.667893 1.48164 0.0495279 
435 1.78334 6.40886 -0.789137 -0.648131 1.38808 0.0501195 
436 0.604636 5.78995 -0.631253 -0.614291 1.34017 0.0585806 
437 41.5794 -27.8444 -0.788899 -5.7451 -0.605267 0.106133 
438 33.8202 -58.415 3.85318 -5.66418 4.7592 0.499723 
439 21.9825 -29.6664 -34.0819 -3.26526 10.0367 1.00769 
440 21.6856 -24.2422 -41.9393 -1.14394 12.9975 1.26604 
441 -67.0707 29.3339 77.2885 -1.36413 2.80275 0.159668 
442 -45.4468 41.9534 -5.59406 3.13322 1.37815 -0.0538367 
443 -42.5531 33.3364 -7.07479 3.00138 -0.908795 -0.0263071 
444 -40.5939 27.1943 -11.4248 1.75417 -3.1076 -0.0166602 
445 0.091983 39.9473 7.16707 -0.196723 -3.1169 0.0116524 
446 -2.68013 31.0774 -6.41861 -1.66947 -3.3321 0.0242552 
447 17.2101 12.8135 6.91904 -2.164 -2.46632 0.0279237 
448 10.9322 11.231 -1.5611 -2.60286 -1.97057 0.0336332 
449 8.92216 8.50715 -0.0664342 -2.90809 -1.59123 0.0391463 
450 7.24185 5.98895 0.0913877 -3.09186 -1.31122 0.0440885 
451 8.00702 4.78901 0.998581 -3.08362 -0.821395 0.0932512 
452 6.24564 1.40548 0.653536 -3.34583 -0.384407 0.15108 
453 5.00112 1.67997 -0.280817 -3.6382 -0.0252719 0.200113 
454 5.53803 -0.182267 0.591584 -3.84571 0.362255 0.248133 
455 7.12063 -0.223739 1.48968 -4.0712 0.836459 0.299847 
456 8.09857 -1.45856 2.06968 -4.24948 1.37246 0.354694 
457 8.9256 -2.44077 1.75846 -4.39549 1.95728 0.410453 
458 9.65204 -2.5268 1.06539 -4.55874 2.58617 0.46723 
459 9.48898 -2.58037 0.28507 -4.73785 3.09272 0.496844 
460 11.0108 -2.61181 -0.703903 -4.93279 3.48925 0.479814 
461 8.82363 -2.80714 -0.876378 -5.14507 3.80099 0.472195 
462 12.5496 -13.7825 -9.92869 -9.95964 0.355626 0.0142886 
463 4.67751 -1.42918 -1.21001 -9.26383 0.76498 0.0252907 
464 2.25926 -1.97229 0.22987 -8.63303 1.03477 0.0391835 
465 0.419242 -2.41804 0.323756 -8.06788 1.18383 0.0501719 
466 -0.942677 -2.78372 0.222755 -7.56328 1.23974 0.0576417 
467 -2.93396 -0.960271 0.0137765 -7.01527 3.70175 0.496048 
468 0.231448 -2.31634 0.24621 -6.91449 3.53806 0.459406 
469 -75.5466 -98.0141 74.0448 -1.7185 2.0125 0.905815 
470 -16.0774 -27.4822 -58.6103 0.208595 -1.35149 0.58491 
471 -2.28505 -21.7518 -18.8017 1.56727 -1.9483 0.512102 
472 -0.0107838 -21.8646 -3.74573 2.86382 -2.12022 0.38744 
473 5.95895 -17.0712 -2.70713 3.88998 -2.01409 0.188594 
474 14.691 -13.5054 -1.75721 5.28096 -1.77717 -0.0233214 
475 15.514 -10.9619 -2.51705 5.9885 -1.21801 -0.252533 
476 16.1548 -8.64431 -1.95986 6.61064 -0.652181 -0.379841 
477 17.1568 -7.81604 -1.29563 7.2211 -0.0611666 -0.494381 
478 17.8128 -7.12467 -1.35847 7.83447 0.533244 -0.600437 
479 18.2598 -6.54963 -1.61158 8.46357 1.1169 -0.69909 
480 18.6248 -6.01264 -1.93669 9.11521 1.68378 -0.790645 
481 22.9749 -2.02429 -4.48525 9.62403 2.44196 -0.809079 
482 25.1132 -0.326878 -4.19445 10.1143 3.26795 -0.758406 
483 2.41476 32.8589 42.8905 8.94115 3.0395 -0.244606 
484 2.8821 22.333 -12.0001 8.30991 3.17318 -0.218273 
485 1.91339 25.1886 0.751045 7.55981 3.5073 -0.127309 
486 -29.3779 47.0951 20.7272 5.66644 2.26021 -0.0212677 
487 -4.58933 38.7024 -8.0253 4.30946 2.45819 0.100389 
488 0.214487 40.2931 0.601804 2.91653 2.98627 0.217647 
489 4.54718 37.8933 -1.23677 1.73858 3.15412 0.176604 
490 -3.31637 37.5449 -10.8438 0.683458 1.20675 -0.206546 
491 -19.5122 31.7601 -5.04898 -0.170263 -1.13496 -0.478163 
492 -23.8335 28.4983 -2.24811 -1.10716 -2.64574 -0.519977 
493 -22.8039 23.5704 -1.90934 -1.97016 -3.99037 -0.481654 
494 -19.6669 18.5539 -2.19482 -2.72897 -5.08795 -0.387125 
495 -15.1816 13.8971 -2.00137 -3.38138 -5.88162 -0.254967 
496 -9.14955 7.37493 -3.10091 -4.35913 -6.30934 -0.100153 
497 -6.22266 3.66821 -0.56315 -6.35763 -7.09921 0.0410208 
498 7.9174 -46.8018 19.2656 -4.67752 -6.45062 0.205766 
499 1.7773 -32.2688 -5.12234 -3.72143 -5.97208 0.818579 
500 1.19747 -34.5295 0.534136 -2.43565 -5.19927 2.11162 
501 6.36267 -30.8763 -1.14669 -1.50823 -4.31874 1.69123 
502 7.72258 -27.4011 -0.737295 -0.842806 -3.50667 0.360392 
503 9.13305 -22.1539 -0.520952 -0.282248 -2.66107 0.247869 
504 9.09107 -18.472 -0.114151 0.128594 -1.7881 0.19587 
505 8.59317 -15.2839 0.109835 0.424569 -0.990232 0.17513 
506 7.8254 -12.7549 0.248073 0.608546 -0.285284 0.118465 
507 6.90958 -10.6676 0.303164 0.71156 0.326377 0.0618681 
508 6.34369 -8.93505 0.19809 0.747655 0.755158 0.0136576 
509 6.10039 -7.54384 0.0223436 0.732036 0.990819 -0.0210284 
510 4.81603 -7.12928 -0.363996 0.718358 1.17563 -0.044168 
511 3.06752 -6.99797 -0.35303 0.725356 1.43008 -0.0671115 
512 3.80038 -2.34125 0.76225 0.499558 1.64054 -0.0737981 
513 1.73412 -4.65668 -0.377156 0.422564 1.69568 -0.0839386 
514 44.8809 51.771 9.25762 4.2046 -0.49518 -0.0408083 
515 28.4222 46.3103 -14.3255 4.96377 4.71336 -0.538911 
516 23.4597 27.1582 -34.7987 2.66618 8.20674 -0.886059 
517 -32.7656 -26.4654 4.1743 3.53882 6.41001 -3.53118 
518 -42.6692 -9.94763 -0.850652 2.88542 1.07535 -2.07143 
519 -53.4276 -39.6848 14.3889 -1.89935 -0.260328 -1.05435 
520 -10.2037 -39.4154 14.5255 -1.67299 -0.771906 0.0289449 
521 -7.36963 -25.0944 -2.38829 -0.50431 -1.17839 0.017984 
522 -3.06229 -21.7533 -1.63076 0.358648 -1.31306 0.00479932 
523 1.63929 -15.8021 -0.60118 1.06272 -1.26017 -0.00279646 
524 3.18081 -12.0136 -0.606918 1.57666 -1.13132 -0.00859095 
525 3.99537 -8.58804 -0.342121 1.91911 -0.966057 -0.0133286 
526 3.25384 -6.45406 0.217186 2.16072 -0.848515 -0.0173294 
527 2.55191 -4.62696 0.292391 2.31699 -0.774315 -0.0206519 
528 2.47061 -3.34557 0.193092 2.30628 -0.682817 -0.0234144 
529 0.36385 -3.78994 -0.532378 2.44451 -0.733844 -0.0279541 
530 0.543827 -2.54347 0.0657618 2.5257 -0.784613 -0.0292342 
531 0.579433 -1.52952 0.0523356 2.56269 -0.83783 -0.027304 
532 1.50674 -0.163429 0.688168 2.63007 -0.705712 -0.0592398 
533 2.78663 2.30788 1.75813 2.6941 -0.480576 -0.0998572 
534 5.31237 2.26909 0.912524 2.77172 -0.134068 -0.136015 
535 7.77039 2.19886 0.785178 2.86523 0.331968 -0.171045 
536 7.89621 2.3024 0.786238 2.96588 0.65132 -0.18598 
537 7.68674 2.38291 0.701715 3.0764 0.964396 -0.202203 
538 23.7097 15.8888 -4.79449 9.11894 -0.893559 -0.137603 
539 16.4629 4.55094 -3.3835 9.65124 0.117113 -0.139378 
540 12.1363 1.75535 0.318903 8.91299 0.887877 -0.154468 
541 8.43275 2.38037 0.646958 8.24617 1.44455 -0.169249 
542 5.1775 2.9275 0.51094 7.64479 1.81439 -0.181315 
543 -6.88287 -5.00783 5.52981 4.07834 3.15414 -0.316165 
544 -2.76631 3.30669 -0.0954297 4.35366 2.68187 -0.254843 
545 -3.02691 3.52044 -1.12747 4.65002 2.20966 -0.19628 
546 22.4001 60.0019 14.178 1.87584 3.16205 0.0578776 
547 -11.7974 4.17547 -18.8612 2.21135 2.20608 -0.121209 
548 -11.7568 4.59672 -4.30687 2.49729 1.29814 -0.0422676 
549 1.16458 30.6612 5.56287 1.36415 1.14037 -0.0047186 
550 -3.74202 22.7136 -3.80265 0.402013 1.04429 -0.0132471 
551 -5.44427 18.6425 -3.00909 -1.01482 0.842479 -0.00850093 
552 -6.15174 16.424 -2.16788 -2.00006 0.612399 -0.0109624 
553 -6.24174 13.7763 -1.67158 -2.83456 0.368664 -0.0127757 
554 -5.85554 11.2958 -1.27773 -3.53411 0.136384 -0.0155589 
555 -5.14029 8.98383 -0.942145 -4.11393 -0.0666518 -0.0203538 
556 -4.216 6.84468 -0.649386 -4.58726 -0.229633 -0.027555 
557 -3.19677 4.86063 -0.397307 -4.96804 -0.346974 -0.0370025 
558 -2.18428 3.44042 -0.0783644 -5.29093 -0.425751 -0.0414201 
559 -1.06048 3.31297 0.385399 -5.63225 -0.461991 -0.0364719 
560 -0.175078 3.13097 0.398306 -5.99141 -0.455616 -0.0339113 
561 0.378252 2.9086 0.343332 -6.36996 -0.424726 -0.0326546 
562 0.791157 2.65113 0.295337 -6.77055 -0.377016 -0.0319026 
563 1.15413 2.36082 0.266832 -7.19523 -0.315154 -0.031218 
564 1.36677 2.0299 0.253519 -7.64739 -0.245617 -0.0305241 
565 1.46022 1.65876 0.256124 -8.12968 -0.174234 -0.0295875 
566 22.5309 -34.8418 16.9891 -6.71111 1.00144 -0.0123782 
567 8.01917 -21.8336 -4.53385 -5.94953 1.39116 0.0113244 
568 -16.9943 -41.6863 10.2579 -4.77866 0.70386 -0.00525764 
569 -4.5677 -29.5929 -3.39411 -3.2637 0.448978 -0.00732645 
570 -3.2919 -26.3288 -1.77209 -1.86439 0.252724 -0.00927009 
571 -2.13061 -19.9934 -3.07233 -0.361611 0.119457 -0.0107892 
572 -1.30351 -14.4823 -3.04036 0.879214 0.0306438 -0.0118863 
573 -0.694545 -9.40494 -2.61564 1.81842 -0.0256374 -0.0125342 
574 13.068 28.8953 9.30862 0.668298 0.733445 -0.120874 
575 1.73466 12.806 -3.15483 0.37459 0.811538 -0.153516 
576 -0.505163 10.0649 -1.15907 0.176289 0.759595 -0.122942 
577 -1.52837 8.34918 -0.79855 0.0467547 0.658396 -0.100284 
578 -1.89641 7.13541 -0.644242 -0.0397213 0.541488 -0.0816442 
579 -1.90058 6.21289 -0.540736 -0.0974801 0.427584 -0.0661954 
580 -1.71861 5.47168 -0.464661 -0.13496 0.326047 -0.0535617 
581 -1.4567 4.85361 -0.406549 -0.157514 0.240618 -0.0433542 
582 -1.17659 4.32712 -0.36067 -0.168855 0.171812 -0.0351833 
583 -0.912204 3.87406 -0.32328 -0.171776 0.118406 -0.0286886 
584 -0.680298 3.48275 -0.291889 -0.168495 0.0783592 -0.0235531 
585 -0.48741 3.14495 -0.264651 -0.160837 0.0494082 -0.0197332 
586 -0.335658 2.85624 -0.239255 -0.150403 0.0296441 -0.0186641 
587 -0.218311 2.60547 -0.21815 -0.138399 0.0164104 -0.0177168 
588 -0.131063 2.38648 -0.199148 -0.125655 0.00802315 -0.0168613 
589 -2.61563 -39.0197 -4.23622 -2.92075 -0.341765 -0.031443 
590 -0.194624 -23.4355 -3.87451 -1.14502 -0.349625 -0.0246983 
591 2.97383 -10.9492 -0.650097 -0.0935214 -0.161271 -0.0236321 
592 1.89019 -6.54823 -1.9552 0.706873 -0.0477024 -0.0223464 
593 2.3337 0.73657 0.0324174 1.07193 0.0875869 -0.0190758 
594 10.0422 36.0144 8.5565 2.8853 0.760658 -0.00663968 
595 3.29788 22.4507 -0.28301 1.76754 0.943882 -0.00770671 
596 -1.98608 15.6849 -0.169759 1.01003 0.841925 -0.00882226 
597 -4.37728 11.4463 -0.0486583 0.477045 0.614017 -0.00889149 
598 -5.12513 8.6343 0.0111231 0.0909994 0.347415 -0.00872759 
599 -4.96887 6.63583 0.0359608 -0.192486 0.0897055 -0.00833224 
600 -4.34643 5.11338 0.0424566 -0.399413 -0.13493 -0.0078874 
601 -3.51679 3.88574 0.0398835 -0.545882 -0.31606 -0.00750216 
602 -0.317824 -0.139295 0.711717 -0.479162 -0.32358 -0.00798924 
603 0.259808 -0.31598 0.00258091 -0.409066 -0.303996 -0.00810695 
604 0.597194 -0.390493 -0.0621363 -0.339115 -0.26796 -0.00798535 
605 0.753727 -0.380222 -0.0724027 -0.273413 -0.224368 -0.00781852 
606 0.787236 -0.315026 -0.0722864 -0.214518 -0.179523 -0.00764774 
607 0.743077 -0.219879 -0.0675791 -0.163692 -0.137466 -0.00746908 
608 0.654859 -0.112695 -0.0605091 -0.121231 -0.100445 -0.00728149 
609 0.546411 -0.00635583 -0.0524335 -0.0868232 -0.0694445 -0.0070859 
610 0.433946 0.0912535 -0.0443113 -0.0597396 -0.044599 -0.00688386 
611 0.327602 0.175002 -0.036658 -0.0390738 -0.0255163 -0.00667759 
612 0.233425 0.244131 -0.0299468 -0.0237577 -0.0114981 -0.00646853 
613 0.182316 0.474322 -0.041432 -0.00466259 -0.000368598 -0.00618062 
614 -4.52446 -38.103 -3.83403 -2.08534 -0.36875 -0.0133526 
615 1.00168 -17.6336 -1.4798 -0.735539 -0.297663 -0.0122699 
616 1.62123 -10.6503 -1.92389 0.221751 -0.196616 -0.0136536 
617 2.64616 -2.48393 -0.0459061 0.698046 -0.0482675 -0.0118435 
618 2.48128 2.16476 0.20943 0.894679 0.091309 -0.0106142 
619 8.20669 28.5045 5.67979 2.14777 0.61454 -0.00786651 
620 1.72008 16.2974 0.17665 1.29988 0.710383 -0.00665632 
621 -2.0021 11.2803 0.115814 0.722048 0.606339 -0.00711384 
622 -3.62585 8.11619 0.127324 0.314621 0.417213 -0.00665883 
623 -4.05662 6.00543 0.124327 0.0201746 0.206094 -0.00604883 
624 -3.2215 3.7035 0.280644 -0.150804 0.040778 -0.00545613 
625 -2.2662 2.11705 0.212973 -0.237894 -0.0731914 -0.00498471 
626 -1.42853 1.09453 0.129125 -0.271417 -0.142517 -0.00462947 
627 -0.763577 0.449428 0.0670309 -0.271639 -0.176664 -0.00436732 
628 -0.276053 0.0596183 0.0245744 -0.252301 -0.185264 -0.00421431 
629 0.0537494 -0.154957 -0.0028576 -0.222572 -0.17677 -0.00411214 
630 0.25503 -0.251316 -0.0191077 -0.188613 -0.158031 -0.00403099 
631 0.358226 -0.27134 -0.027277 -0.154483 -0.134245 -0.00396124 
632 0.391078 -0.245356 -0.0298792 -0.122687 -0.109107 -0.00389651 
633 0.377958 -0.188577 -0.0293483 -0.0943295 -0.0850031 -0.00383336 
634 0.336238 -0.120505 -0.0265074 -0.0702244 -0.0633924 -0.00376929 
635 0.286353 -0.00921486 -0.0256784 -0.0486233 -0.0446461 -0.00370791 
636 0.219454 0.0384049 -0.0181274 -0.0338063 -0.0296198 -0.00363911 
637 0.157681 0.091887 -0.0141102 -0.0221896 -0.0179927 -0.00356838 
638 0.103216 0.139599 -0.0106634 -0.0134213 -0.0093382 -0.00349587 
639 0.0575978 0.182806 -0.0079414 -0.00693005 -0.0031546 -0.0034225 
640 0.02006 0.216447 -0.00548694 -0.00247541 0.00101546 -0.00334852 
641 -0.00959713 0.241909 -0.00355712 0.000400468 0.00359849 -0.00327418 
642 -0.0366852 0.231362 2.99617e-05 0.000818282 0.00473036 -0.00319585 
643 -0.0529692 0.23209 0.000557518 0.00119694 0.00500425 -0.00311872 
644 -0.0624059 0.234658 0.000765337 0.0014416 0.0047876 -0.00304293 
645 -0.067487 0.237425 0.000852806 0.00154251 0.00431304 -0.00296864 
646 -0.0698085 0.239703 0.000855802 0.00152627 0.00372695 -0.00289598 
647 -0.0704121 0.241295 0.000799414 0.00142963 0.00311961 -0.00282498 
648 -0.0699865 0.242232 0.000705007 0.00128741 0.00254434 -0.00275567 
649 -0.0689905 0.242643 0.000590168 0.00112738 0.00203001 -0.00268803 
650 -0.0677272 0.242673 0.000468122 0.000969411 0.0015894 -0.00262204 
651 -0.0663938 0.242462 0.000348481 0.000825974 0.00122496 -0.00255766 
652 -0.0651123 0.242116 0.000237383 0.000703818 0.000932846 -0.00249485 
653 -0.0639536 0.241721 0.000138562 0.000605246 0.000705601 -0.00243356 
654 -0.0629522 0.241328 5.35585e-05 0.000529811 0.000534129 -0.00237375 
655 -0.062119 0.240975 -1.72999e-05 0.000475154 0.000408914 -0.00231536 
656 -0.0614488 0.240677 -7.48482e-05 0.000438176 0.000320858 -0.00225837 
657 -0.0609276 0.240443 -0.000120285 0.000415335 0.00026172 -0.00220272 
658 -0.0605359 0.240268 -0.000155313 0.000403358 0.000224388 -0.00214838 
659 -0.0602531 0.240151 -0.00018151 0.000399167 0.000202915 -0.0020953 
660 -0.0600586 0.240079 -0.000200614 0.0004003 0.000192518 -0.00204345 
661 -0.0599335 0.240046 -0.000214008 0.000404644 0.000189443 -0.00199281 
662 -0.059861 0.240042 -0.000223107 0.000410711 0.000190869 -0.00194333 
663 -0.0598273 0.240061 -0.000228908 0.00041729 0.000194721 -0.00189499 
664 -0.0598206 0.240093 -0.000232418 0.000423679 0.000199565 -0.00184776 
665 -0.0598323 0.240136 -0.000234246 0.000429313 0.000204436 -0.00180161 
666 -0.0598549 0.240183 -0.00023505 0.000434 0.000208758 -0.00175652 
667 -0.0598839 0.240233 -0.000235134 0.000437561 0.000212206 -0.00171247 
668 -0.0599153 0.240283 -0.000234898 0.00044008 0.000214667 -0.00166942 
669 -0.0599469 0.240332 -0.000234442 0.00044156 0.000216132 -0.00162736 
670 -0.0599769 0.240378 -0.000234004 0.000442198 0.00021669 -0.00158626 
671 -0.0600049 0.240422 -0.000233559 0.000442057 0.000216455 -0.00154611 
672 -0.0600301 0.240463 -0.000233256 0.000441354 0.000215573 -0.00150687 
673 -0.0600529 0.240502 -0.000233007 0.000440146 0.000214173 -0.00146854 
674 -0.0600731 0.240538 -0.000232918 0.000438627 0.000212392 -0.00143108 
675 -0.0600912 0.240573 -0.000232873 0.000436822 0.000210333 -0.00139448 
676 -0.0601073 0.240605 -0.000232962 0.000434891 0.000208097 -0.00135873 
677 -0.0601221 0.240637 -0.000233063 0.000432823 0.000205751 -0.00132379 
678 -0.0601355 0.240667 -0.000233267 0.000430744 0.000203361 -0.00128965 
679 -0.0601482 0.240697 -0.00023345 0.000428617 0.00020096 -0.0012563 
680 -0.0601599 0.240725 -0.000233708 0.000426543 0.000198587 -0.00122372 
681 -0.0601714 0.240754 -0.000233924 0.000424463 0.000196254 -0.00119188 
682 -0.0601824 0.240782 -0.000234196 0.000422465 0.00019398 -0.00116077 
683 -0.0601932 0.24081 -0.000234412 0.000420479 0.000191763 -0.00113038 
684 -0.0602038 0.240838 -0.000234676 0.000418582 0.000189613 -0.00110069 
685 -0.0602144 0.240866 -0.000234878 0.000416697 0.000187522 -0.00107168 
686 -0.0602248 0.240893 -0.000235124 0.0004149 0.000185494 -0.00104333 
687 -0.0602353 0.240921 -0.000235306 0.000413111 0.000183518 -0.00101564 
688 -0.0602456 0.240948 -0.000235533 0.000411404 0.000181599 -0.000988581 
689 -0.060256 0.240976 -0.000235697 0.000409698 0.000179722 -0.000962146 
690 -0.0602663 0.241003 -0.000235906 0.000408068 0.000177895 -0.000936319 
691 -0.0602766 0.241031 -0.000236055 0.000406435 0.000176103 -0.000911086 
692 -0.0602868 0.241058 -0.000236251 0.000404871 0.000174354 -0.000886434 
693 -0.0602971 0.241086 -0.000236388 0.0004033 0.000172635 -0.000862348 
694 -0.0603071 0.241112 -0.000236573 0.000401796 0.000170955 -0.000838817 
695 -0.0603173 0.24114 -0.000236702 0.000400281 0.000169301 -0.000815827 
696 -0.0603272 0.241166 -0.00023688 0.000398829 0.000167682 -0.000793367 
697 -0.0603372 0.241194 -0.000237002 0.000397366 0.000166087 -0.000771423 
698 -0.060347 0.24122 -0.000237175 0.000395964 0.000164526 -0.000749984 
699 -0.0603569 0.241248 -0.000237292 0.000394549 0.000162987 -0.000729039 
700 -0.0603665 0.241274 -0.00023746 0.000393195 0.000161479 -0.000708577 
701 -0.0603762 0.241301 -0.000237573 0.000391825 0.000159993 -0.000688585 
702 -0.0603857 0.241327 -0.000237738 0.000390517 0.000158537 -0.000669055 
703 -0.0603953 0.241355 -0.000237848 0.000389192 0.000157103 -0.000649974 
704 -0.0604047 0.241381 -0.00023801 0.000387927 0.000155697 -0.000631333 
705 -0.0604141 0.241408 -0.000238116 0.000386646 0.000154312 -0.000613121 
706 -0.0604233 0.241433 -0.000238275 0.000385424 0.000152955 -0.00059533 
707 -0.0604326 0.24146 -0.000238378 0.000384185 0.000151617 -0.000577948 
708 -0.0604417 0.241486 -0.000238534 0.000383003 0.000150308 -0.000560968 
709 -0.0604508 0.241513 -0.000238635 0.000381805 0.000149016 -0.000544379 
710 -0.0604598 0.241538 -0.000238788 0.000380663 0.000147752 -0.000528173 
711 -0.0604688 0.241565 -0.000238886 0.000379504 0.000146505 -0.00051234 
712 -0.0604776 0.24159 -0.000239036 0.000378401 0.000145284 -0.000496874 
713 -0.0604865 0.241617 -0.000239131 0.000377279 0.000144081 -0.000481764 
714 -0.0604952 0.241642 -0.000239278 0.000376214 0.000142902 -0.000467003 
715 -0.060504 0.241668 -0.000239371 0.000375128 0.00014174 -0.000452582 
716 -0.0605126 0.241694 -0.000239516 0.000374099 0.000140603 -0.000438495 
717 -0.0605213 0.24172 -0.000239606 0.000373049 0.00013948 -0.000424733 
718 -0.0605297 0.241745 -0.000239748 0.000372054 0.000138382 -0.00041129 
719 -0.0605383 0.241771 -0.000239836 0.000371037 0.000137298 -0.000398157 
720 -0.0605466 0.241796 -0.000239976 0.000370076 0.000136237 -0.000385327 
721 -0.0605551 0.241822 -0.000240061 0.000369092 0.000135191 -0.000372794 
722 -0.0605633 0.241847 -0.000240198 0.000368163 0.000134166 -0.000360551 
723 -0.0605717 0.241873 -0.000240281 0.000367211 0.000133155 -0.000348591 
724 -0.0605798 0.241897 -0.000240417 0.000366313 0.000132166 -0.000336908 
725 -0.0605881 0.241923 -0.000240497 0.000365392 0.00013119 -0.000325495 
726 -0.0605961 0.241948 -0.000240631 0.000364523 0.000130234 -0.000314346 
727 -0.0606043 0.241974 -0.000240709 0.000363631 0.000129291 -0.000303455 
728 -0.0606122 0.241998 -0.00024084 0.000362792 0.000128368 -0.000292817 
729 -0.0606203 0.242024 -0.000240917 0.000361928 0.000127456 -0.000282425 
730 -0.0606282 0.242048 -0.000241046 0.000361116 0.000126564 -0.000272273 
731 -0.0606361 0.242073 -0.000241132 0.000360294 0.000125686 -0.000262357 
732 -0.0740054 0.299196 0.00229464 -0.0027178 -0.000603995 -0.000251559 
733 -0.0624111 0.240806 -8.60111e-05 -0.00267145 -0.00070531 -0.000241473 
734 -0.0603873 0.236324 -0.000411737 -0.00239295 -0.00069983 -0.000232235 
735 -0.0600207 0.236329 -0.000433545 -0.00212252 -0.00067721 -0.000223275 
736 -0.0598882 0.236687 -0.000422918 -0.00187827 -0.000649986 -0.000214532 
737 -0.0597988 0.237038 -0.000409686 -0.00165905 -0.000620361 -0.000205996 
738 -0.059728 0.237357 -0.000396844 -0.00146239 -0.000589217 -0.000197662 
739 -0.0596709 0.237643 -0.000384791 -0.00128585 -0.000557163 -0.000189523 
740 -0.0596255 0.2379 -0.000373473 -0.00112735 -0.000524704 -0.000181575 
741 -0.0595898 0.238131 -0.000362957 -0.000984933 -0.000492234 -0.000173813 
742 -0.0595626 0.238341 -0.000353137 -0.000856945 -0.000460089 -0.000166233 
743 -0.0595423 0.238529 -0.000344064 -0.000741826 -0.000428519 -0.000158828 
744 -0.0595283 0.2387 -0.00033562 -0.000638283 -0.000397737 -0.000151597 
745 -0.0595191 0.238854 -0.000327852 -0.000545059 -0.000367891 -0.000144533 
746 -0.0595143 0.238995 -0.000320639 -0.000461136 -0.000339108 -0.000137634 
747 -0.0595129 0.239122 -0.000314027 -0.000385504 -0.000311463 -0.000130895 
748 -0.0595146 0.23924 -0.000307895 -0.000317363 -0.000285022 -0.000124312 
749 -0.0595186 0.239346 -0.00030229 -0.000255894 -0.00025981 -0.000117882 
750 -0.0595247 0.239444 -0.000297095 -0.00020047 -0.000235852 -0.000111601 
751 -0.0595323 0.239534 -0.00029236 -0.000150427 -0.000213138 -0.000105466 
752 -0.0595414 0.239618 -0.000287971 -0.000105273 -0.000191665 -9.94737e-05 
753 -0.0595513 0.239694 -0.000283982 -6.4465e-05 -0.000171403 -9.362e-05 
754 -0.0595622 0.239766 -0.000280281 -2.76206e-05 -0.00015233 -8.79021e-05 
755 -0.0595735 0.239832 -0.000276926 5.70651e-06 -0.000134401 -8.23169e-05 
756 -0.0595855 0.239894 -0.00027381 3.58137e-05 -0.000117586 -7.68612e-05 
757 -0.0595976 0.239952 -0.000270994 6.307e-05 -0.000101832 -7.15323e-05 
758 -0.0596101 0.240007 -0.000268374 8.77041e-05 -8.71026e-05 -6.6327e-05 
759 -0.0596225 0.240058 -0.000266015 0.000110024 -7.33413e-05 -6.12428e-05 
760 -0.059635 0.240107 -0.000263814 0.000130203 -6.051e-05 -5.62766e-05 
761 -0.0596474 0.240152 -0.00026184 0.000148501 -4.85521e-05 -5.14259e-05 
762 -0.0596599 0.240196 -0.000259993 0.000165048 -3.74297e-05 -4.66879e-05 
763 -0.0596721 0.240237 -0.000258344 0.000180063 -2.70875e-05 -4.20603e-05 
764 -0.0596843 0.240278 -0.000256796 0.000193642 -1.74895e-05 -3.75403e-05 
765 -0.0596962 0.240315 -0.000255421 0.000205973 -8.58298e-06 -3.31256e-05 
766 -0.059708 0.240353 -0.000254125 0.000217124 -3.34707e-07 -2.88136e-05 
767 -0.0597194 0.240387 -0.00025298 0.000227256 7.3049e-06 -2.46023e-05 
768 -0.0597308 0.240422 -0.000251895 0.000236415 1.43656e-05 -2.04891e-05 
769 -0.0597418 0.240455 -0.000250945 0.000244744 2.08935e-05 -1.64719e-05 
770 -0.0597528 0.240487 -0.000250039 0.000252268 2.69149e-05 -1.25484e-05 
771 -0.0597633 0.240518 -0.000249252 0.000259114 3.24721e-05 -8.71663e-06 
772 -0.0597738 0.240549 -0.000248496 0.000265294 3.75879e-05 -4.97426e-06 
773 -0.059784 0.240579 -0.000247847 0.000270921 4.23013e-05 -1.3195e-06 
774 -0.059794 0.240608 -0.000247217 0.000275994 4.66313e-05 2.2499e-06 
775 -0.0598037 0.240636 -0.000246683 0.000280615 5.06137e-05 5.73567e-06 
776 -0.0598133 0.240665 -0.00024616 0.000284775 5.42643e-05 9.13995e-06 
777 -0.0598226 0.240692 -0.000245724 0.000288567 5.76156e-05 1.24644e-05 
778 -0.0598319 0.24072 -0.000245289 0.000291974 6.06806e-05 1.5711e-05 
779 -0.0598408 0.240746 -0.000244935 0.000295081 6.34888e-05 1.88814e-05 
780 -0.0598497 0.240773 -0.000244576 0.000297865 6.60503e-05 2.19776e-05 
781 -0.0598583 0.240798 -0.000244291 0.000300406 6.83923e-05 2.50009e-05 
782 -0.0598669 0.240825 -0.000243995 0.000302675 7.05224e-05 2.79534e-05 
783 -0.0598752 0.24085 -0.000243768 0.000304748 7.24652e-05 3.08364e-05 
784 -0.0598835 0.240876 -0.000243525 0.00030659 7.42262e-05 3.36518e-05 
785 -0.0598915 0.2409 -0.000243347 0.000308275 7.58281e-05 3.64008e-05 
786 -0.0598995 0.240925 -0.000243149 0.000309765 7.72744e-05 3.90852e-05 
787 -0.0599073 0.24095 -0.000243011 0.000311128 7.85858e-05 4.17064e-05 
788 -0.0599151 0.240975 -0.000242851 0.000312325 7.97641e-05 4.42659e-05 
789 -0.0599226 0.240999 -0.000242748 0.000313422 8.08284e-05 4.6765e-05 
790 -0.0599302 0.241023 -0.000242619 0.000314377 8.17791e-05 4.92053e-05 
791 -0.0599375 0.241047 -0.000242546 0.000315253 8.26339e-05 5.15879e-05 
792 -0.0599449 0.241071 -0.000242443 0.000316007 8.33918e-05 5.39144e-05 
793 -0.0599521 0.241095 -0.000242394 0.000316701 8.40692e-05 5.61858e-05 
794 -0.0599593 0.241119 -0.000242314 0.000317288 8.4664e-05 5.84037e-05 
795 -0.0599663 0.241142 -0.000242285 0.00031783 8.51917e-05 6.0569e-05 
796 -0.0599734 0.241166 -0.000242224 0.00031828 8.56489e-05 6.26833e-05 
797 -0.0599802 0.241189 -0.000242212 0.000318696 8.60504e-05 6.47474e-05 
798 -0.0599871 0.241213 -0.000242167 0.000319032 8.6392e-05 6.67627e-05 
799 -0.0599938 0.241236 -0.00024217 0.000319345 8.66874e-05 6.87302e-05 
800 -0.0600007 0.24126 -0.000242137 0.000319586 8.69319e-05 7.06512e-05 
801 -0.0600073 0.241282 -0.000242152 0.000319814 8.71385e-05 7.25265e-05 
802 -0.060014 0.241306 -0.000242131 0.000319977 8.73019e-05 7.43574e-05 
803 -0.0600205 0.241328 -0.000242156 0.000320134 8.74343e-05 7.61448e-05 
804 -0.0600271 0.241352 -0.000242144 0.000320233 8.753e-05 7.78898e-05 
805 -0.0600335 0.241374 -0.000242177 0.000320332 8.76007e-05 7.95932e-05 
806 -0.06004 0.241398 -0.000242173 0.000320379 8.76401e-05 8.12562e-05 
