# record data: step_count | acceleration (x y z) | gyro (x y z)
0 0.0854122 -0.00056638 -2.84983e-05 -0 -0 0 
1 0.0846361 -0.00164629 -0.000357377 0.000106396 -0.000116505 -0.00312178 
2 1.68649 -0.00536428 2.30697 0.000346187 0.087422 -0.00160571 
3 -1.60467 0.0044618 -2.70773 9.59987e-05 -0.00449427 -0.00305303 
4 -0.0146252 -5.68672e-05 0.0306678 7.03876e-05 -0.00954473 -0.0030103 
5 0.0933245 -0.000460775 0.0711398 6.68015e-05 -0.00884218 -0.00296816 
6 0.0991939 -0.000492038 0.0582251 6.51334e-05 -0.00786098 -0.0029266 
7 0.0981984 -0.000493329 0.0468717 6.37697e-05 -0.00696492 -0.00288563 
8 0.0968646 -0.000490965 0.0377148 6.25126e-05 -0.00616811 -0.00284522 
9 0.0956313 -0.000488873 0.030347 6.13755e-05 -0.00546163 -0.00280538 
10 0.0945195 -0.00048564 0.0244191 6.02952e-05 -0.00483591 -0.0027661 
11 0.0935219 -0.000483006 0.0196494 5.93022e-05 -0.00428219 -0.00272736 
12 0.0926291 -0.000479367 0.0158116 5.83401e-05 -0.00379255 -0.00268917 
13 0.0918319 -0.000476428 0.0127234 5.74445e-05 -0.00335986 -0.00265151 
14 0.0911216 -0.000472564 0.0102382 5.65631e-05 -0.00297772 -0.00261438 
15 0.0904898 -0.000469465 0.00823817 5.57348e-05 -0.00264043 -0.00257777 
16 0.0899289 -0.000465495 0.00662852 5.49101e-05 -0.00234286 -0.00254167 
17 0.0894317 -0.000462331 0.00533293 5.41298e-05 -0.00208045 -0.00250607 
18 0.0889915 -0.00045833 0.00429006 5.33463e-05 -0.00184914 -0.00247098 
19 0.0886025 -0.000455164 0.00345053 5.26019e-05 -0.00164533 -0.00243637 
20 0.0882592 -0.000451182 0.00277464 5.185e-05 -0.00146581 -0.00240225 
21 0.0879565 -0.000448052 0.00223043 5.11339e-05 -0.00130772 -0.00236861 
22 0.0876901 -0.000444119 0.00179221 5.04075e-05 -0.00116855 -0.00233544 
23 0.087456 -0.000441049 0.00143928 4.97149e-05 -0.00104607 -0.00230273 
24 0.0872504 -0.000437184 0.00115502 4.90104e-05 -0.000938302 -0.00227048 
25 0.0870702 -0.000434188 0.000926028 4.83384e-05 -0.000843494 -0.00223868 
26 0.0869125 -0.000430402 0.000741531 4.76536e-05 -0.000760106 -0.00220733 
27 0.0867746 -0.000427488 0.00059286 4.70004e-05 -0.000686776 -0.00217642 
28 0.0866544 -0.000423787 0.000473036 4.63338e-05 -0.0006223 -0.00214594 
29 0.0865498 -0.000420959 0.000376443 4.56985e-05 -0.000565619 -0.00211589 
30 0.0864589 -0.000417345 0.000298561 4.50493e-05 -0.000515795 -0.00208625 
31 0.0863802 -0.000414605 0.00023575 4.4431e-05 -0.000472006 -0.00205704 
32 0.0863122 -0.000411078 0.000185081 4.37987e-05 -0.000433524 -0.00202823 
33 0.0862536 -0.000408425 0.000144195 4.31971e-05 -0.000399709 -0.00199983 
34 0.0862034 -0.000404984 0.000111195 4.25812e-05 -0.000369998 -0.00197182 
35 0.0861605 -0.000402417 8.45494e-05 4.19958e-05 -0.000343896 -0.00194421 
36 0.0861241 -0.000399061 6.30281e-05 4.1396e-05 -0.000320966 -0.00191698 
37 0.0860934 -0.000396578 4.56386e-05 4.08266e-05 -0.000300823 -0.00189013 
38 0.0860677 -0.000393305 3.15819e-05 4.02426e-05 -0.00028313 -0.00186366 
39 0.0860465 -0.000390904 2.02139e-05 3.96889e-05 -0.000267591 -0.00183756 
40 0.0860291 -0.000387712 1.1016e-05 3.91204e-05 -0.000253943 -0.00181183 
41 0.0860151 -0.00038539 3.56968e-06 3.8582e-05 -0.000241956 -0.00178646 
42 0.0860042 -0.000382276 -2.46198e-06 3.80287e-05 -0.00023143 -0.00176144 
43 0.0859959 -0.000380031 -7.35093e-06 3.75053e-05 -0.000222187 -0.00173677 
44 0.0859899 -0.000376994 -1.13164e-05 3.69669e-05 -0.00021407 -0.00171245 
45 0.0859859 -0.000374824 -1.45352e-05 3.64582e-05 -0.000206943 -0.00168847 
46 0.0859838 -0.00037186 -1.71501e-05 3.59344e-05 -0.000200684 -0.00166483 
47 0.0859833 -0.000369763 -1.92764e-05 3.54401e-05 -0.000195189 -0.00164151 
48 0.0859841 -0.000366871 -2.10069e-05 3.49304e-05 -0.000190364 -0.00161852 
49 0.0859862 -0.000364845 -2.24169e-05 3.44501e-05 -0.000186128 -0.00159586 
50 0.0859893 -0.000362022 -2.3567e-05 3.39543e-05 -0.000182409 -0.00157351 
51 0.0859934 -0.000360064 -2.45064e-05 3.34877e-05 -0.000179144 -0.00155148 
52 0.0859982 -0.000357309 -2.52747e-05 3.30054e-05 -0.000176277 -0.00152975 
53 0.0860039 -0.000355418 -2.59041e-05 3.25521e-05 -0.00017376 -0.00150833 
54 0.0860101 -0.000352728 -2.64204e-05 3.20829e-05 -0.00017155 -0.00148721 
55 0.086017 -0.000350901 -2.68449e-05 3.16425e-05 -0.00016961 -0.00146638 
56 0.0860243 -0.000348275 -2.71944e-05 3.11862e-05 -0.000167907 -0.00144585 
57 0.086032 -0.000346511 -2.7483e-05 3.07584e-05 -0.000166412 -0.0014256 
58 0.0860402 -0.000343947 -2.77217e-05 3.03145e-05 -0.000165099 -0.00140564 
59 0.0860486 -0.000342243 -2.79198e-05 2.9899e-05 -0.000163946 -0.00138595 
60 0.0860574 -0.000339739 -2.80845e-05 2.94671e-05 -0.000162935 -0.00136655 
61 0.0860664 -0.000338095 -2.8222e-05 2.90636e-05 -0.000162047 -0.00134741 
62 0.0860757 -0.000335649 -2.83372e-05 2.86435e-05 -0.000161267 -0.00132854 
63 0.0860851 -0.000334063 -2.8434e-05 2.82515e-05 -0.000160582 -0.00130994 
64 0.0860947 -0.000331674 -2.85157e-05 2.78429e-05 -0.000159981 -0.0012916 
65 0.0861045 -0.000330143 -2.85851e-05 2.74622e-05 -0.000159454 -0.00127351 
66 0.0861144 -0.000327809 -2.86441e-05 2.70646e-05 -0.00015899 -0.00125568 
67 0.0861244 -0.000326333 -2.86947e-05 2.66949e-05 -0.000158584 -0.0012381 
68 0.0861345 -0.000324052 -2.87383e-05 2.63081e-05 -0.000158227 -0.00122076 
69 0.0861447 -0.000322629 -2.87761e-05 2.5949e-05 -0.000157913 -0.00120367 
70 0.086155 -0.0003204 -2.88091e-05 2.55727e-05 -0.000157638 -0.00118681 
71 0.0861654 -0.000319028 -2.88381e-05 2.5224e-05 -0.000157396 -0.0011702 
72 0.0861758 -0.00031685 -2.88637e-05 2.48579e-05 -0.000157184 -0.00115381 
73 0.0861863 -0.000315528 -2.88866e-05 2.45191e-05 -0.000156998 -0.00113765 
74 0.0861968 -0.0003134 -2.89071e-05 2.41629e-05 -0.000156834 -0.00112172 
75 0.0862074 -0.000312126 -2.89257e-05 2.3834e-05 -0.00015669 -0.00110602 
76 0.086218 -0.000310045 -2.89426e-05 2.34874e-05 -0.000156564 -0.00109053 
77 0.0862286 -0.000308818 -2.89581e-05 2.3168e-05 -0.000156453 -0.00107526 
78 0.0862393 -0.000306784 -2.89725e-05 2.28307e-05 -0.000156356 -0.00106021 
79 0.08625 -0.000305603 -2.89859e-05 2.25205e-05 -0.00015627 -0.00104536 
80 0.0862607 -0.000303614 -2.89984e-05 2.21924e-05 -0.000156195 -0.00103073 
81 0.0862714 -0.000302478 -2.90103e-05 2.18911e-05 -0.000156129 -0.00101629 
82 0.0862822 -0.000300533 -2.90215e-05 2.15718e-05 -0.000156071 -0.00100207 
83 0.0862929 -0.00029944 -2.90323e-05 2.12792e-05 -0.00015602 -0.000988035 
84 0.0863037 -0.000297538 -2.90426e-05 2.09685e-05 -0.000155976 -0.000974202 
85 0.0863145 -0.000296487 -2.90526e-05 2.06844e-05 -0.000155936 -0.000960562 
86 0.0863253 -0.000294626 -2.90622e-05 2.03821e-05 -0.000155902 -0.000947113 
87 0.0863361 -0.000293617 -2.90715e-05 2.01062e-05 -0.000155871 -0.000933853 
88 0.0863469 -0.000291796 -2.90806e-05 1.98119e-05 -0.000155845 -0.000920778 
89 0.0863577 -0.000290826 -2.90896e-05 1.95441e-05 -0.000155821 -0.000907887 
90 0.0863686 -0.000289045 -2.90983e-05 1.92577e-05 -0.000155801 -0.000895176 
91 0.0863794 -0.000288114 -2.91069e-05 1.89976e-05 -0.000155782 -0.000882643 
92 0.0863902 -0.000286371 -2.91153e-05 1.87189e-05 -0.000155766 -0.000870286 
93 0.0864011 -0.000285477 -2.91237e-05 1.84663e-05 -0.000155752 -0.000858102 
94 0.0864119 -0.000283772 -2.91319e-05 1.81951e-05 -0.00015574 -0.000846088 
95 0.0864227 -0.000282915 -2.91401e-05 1.79499e-05 -0.000155729 -0.000834243 
96 0.0864336 -0.000281245 -2.91482e-05 1.76859e-05 -0.000155719 -0.000822564 
97 0.0864444 -0.000280424 -2.91563e-05 1.74478e-05 -0.000155711 -0.000811048 
98 0.0864553 -0.000278789 -2.91642e-05 1.71908e-05 -0.000155703 -0.000799693 
99 0.0864661 -0.000278002 -2.91722e-05 1.69597e-05 -0.000155697 -0.000788498 
100 0.086477 -0.000276402 -2.91801e-05 1.67095e-05 -0.000155691 -0.00077746 
101 0.0864879 -0.000275648 -2.91879e-05 1.64852e-05 -0.000155686 -0.000766576 
102 0.0864987 -0.000274081 -2.91957e-05 1.62417e-05 -0.000155681 -0.000755844 
103 0.0865096 -0.000273361 -2.92035e-05 1.60239e-05 -0.000155677 -0.000745263 
104 0.0865204 -0.000271825 -2.92113e-05 1.57868e-05 -0.000155674 -0.00073483 
105 0.0865313 -0.000271137 -2.92191e-05 1.55754e-05 -0.000155671 -0.000724543 
106 0.0865421 -0.000269633 -2.92268e-05 1.53447e-05 -0.000155668 -0.000714401 
107 0.086553 -0.000268975 -2.92345e-05 1.51394e-05 -0.000155665 -0.0007044 
108 0.0865639 -0.000267502 -2.92422e-05 1.49148e-05 -0.000155663 -0.00069454 
109 0.0865747 -0.000266874 -2.92499e-05 1.47156e-05 -0.000155661 -0.000684817 
110 0.0865856 -0.00026543 -2.92575e-05 1.44969e-05 -0.000155659 -0.000675231 
111 0.0865965 -0.000264832 -2.92652e-05 1.43035e-05 -0.000155658 -0.000665779 
112 0.0866073 -0.000263417 -2.92728e-05 1.40906e-05 -0.000155656 -0.000656459 
113 0.0866182 -0.000262847 -2.92805e-05 1.39029e-05 -0.000155655 -0.00064727 
114 0.0866291 -0.00026146 -2.92881e-05 1.36956e-05 -0.000155654 -0.00063821 
115 0.0866399 -0.000260917 -2.92958e-05 1.35135e-05 -0.000155653 -0.000629277 
116 0.0866508 -0.000259558 -2.93034e-05 1.33117e-05 -0.000155652 -0.000620469 
117 0.0866616 -0.000259042 -2.9311e-05 1.31349e-05 -0.000155651 -0.000611784 
118 0.0866725 -0.000257709 -2.93186e-05 1.29384e-05 -0.000155651 -0.000603221 
119 0.0866834 -0.000257219 -2.93262e-05 1.27668e-05 -0.00015565 -0.000594777 
120 0.0866942 -0.000255911 -2.93338e-05 1.25755e-05 -0.000155649 -0.000586452 
121 0.0867051 -0.000255447 -2.93415e-05 1.2409e-05 -0.000155649 -0.000578244 
122 0.086716 -0.000254165 -2.9349e-05 1.22227e-05 -0.000155648 -0.000570151 
123 0.0867268 -0.000253725 -2.93566e-05 1.20612e-05 -0.000155648 -0.000562171 
124 0.0867377 -0.000252467 -2.93642e-05 1.18797e-05 -0.000155647 -0.000554302 
125 0.0867486 -0.000252051 -2.93718e-05 1.1723e-05 -0.000155647 -0.000546544 
126 0.0867594 -0.000250817 -2.93794e-05 1.15463e-05 -0.000155647 -0.000538895 
127 0.0867703 -0.000250424 -2.9387e-05 1.13942e-05 -0.000155646 -0.000531353 
128 0.0867812 -0.000249213 -2.93946e-05 1.12221e-05 -0.000155646 -0.000523916 
129 0.086792 -0.000248843 -2.94022e-05 1.10746e-05 -0.000155646 -0.000516584 
130 0.0868029 -0.000247654 -2.94097e-05 1.0907e-05 -0.000155645 -0.000509354 
131 0.0868138 -0.000247306 -2.94173e-05 1.07639e-05 -0.000155645 -0.000502226 
132 0.0868246 -0.000246139 -2.94249e-05 1.06006e-05 -0.000155645 -0.000495197 
133 0.0868355 -0.000245812 -2.94325e-05 1.04618e-05 -0.000155645 -0.000488267 
134 0.0868464 -0.000244666 -2.94401e-05 1.03028e-05 -0.000155645 -0.000481434 
135 0.0868572 -0.000244361 -2.94476e-05 1.01682e-05 -0.000155644 -0.000474697 
136 0.0868681 -0.000243235 -2.94552e-05 1.00132e-05 -0.000155644 -0.000468054 
137 0.086879 -0.000242949 -2.94628e-05 9.88267e-06 -0.000155644 -0.000461504 
138 0.0868898 -0.000241844 -2.94704e-05 9.73172e-06 -0.000155644 -0.000455046 
139 0.0869007 -0.000241578 -2.94779e-05 9.60512e-06 -0.000155644 -0.000448678 
140 0.0869116 -0.000240492 -2.94855e-05 9.45806e-06 -0.000155644 -0.0004424 
141 0.0869224 -0.000240245 -2.94931e-05 9.3353e-06 -0.000155643 -0.000436209 
142 0.0869333 -0.000239178 -2.95006e-05 9.19202e-06 -0.000155643 -0.000430105 
143 0.0869442 -0.00023895 -2.95082e-05 9.07299e-06 -0.000155643 -0.000424087 
144 0.086955 -0.0002379 -2.95157e-05 8.93338e-06 -0.000155643 -0.000418153 
145 0.0869659 -0.000237691 -2.95233e-05 8.81797e-06 -0.000155643 -0.000412302 
146 0.0869767 -0.000236659 -2.95309e-05 8.68194e-06 -0.000155643 -0.000406533 
147 0.0869876 -0.000236467 -2.95385e-05 8.57005e-06 -0.000155643 -0.000400845 
148 0.0869985 -0.000235453 -2.9546e-05 8.43749e-06 -0.000155643 -0.000395237 
149 0.0870093 -0.000235278 -2.95536e-05 8.32904e-06 -0.000155643 -0.000389707 
150 0.0870202 -0.000234281 -2.95611e-05 8.19985e-06 -0.000155642 -0.000384254 
151 0.0870311 -0.000234122 -2.95687e-05 8.09472e-06 -0.000155642 -0.000378878 
152 0.0870419 -0.000233141 -2.95762e-05 7.96882e-06 -0.000155642 -0.000373578 
153 0.0870528 -0.000232999 -2.95838e-05 7.86693e-06 -0.000155642 -0.000368351 
154 0.0870637 -0.000232034 -2.95914e-05 7.74423e-06 -0.000155642 -0.000363198 
155 0.0870745 -0.000231907 -2.95989e-05 7.64548e-06 -0.000155642 -0.000358117 
156 0.0870854 -0.000230958 -2.96065e-05 7.52588e-06 -0.000155642 -0.000353107 
157 0.0870963 -0.000230846 -2.9614e-05 7.43019e-06 -0.000155642 -0.000348167 
158 0.0871071 -0.000229912 -2.96216e-05 7.31361e-06 -0.000155642 -0.000343297 
159 0.087118 -0.000229816 -2.96292e-05 7.2209e-06 -0.000155642 -0.000338494 
160 0.0871289 -0.000228896 -2.96367e-05 7.10725e-06 -0.000155642 -0.000333759 
161 0.0871397 -0.000228814 -2.96443e-05 7.01742e-06 -0.000155642 -0.00032909 
162 0.0871506 -0.000227908 -2.96518e-05 6.90662e-06 -0.000155642 -0.000324487 
163 0.0871615 -0.00022784 -2.96594e-05 6.81962e-06 -0.000155642 -0.000319948 
164 0.0871723 -0.000226948 -2.96669e-05 6.71159e-06 -0.000155641 -0.000315473 
165 0.0871832 -0.000226894 -2.96745e-05 6.62731e-06 -0.000155641 -0.00031106 
166 0.0871941 -0.000226015 -2.9682e-05 6.52198e-06 -0.000155641 -0.00030671 
167 0.087191 0.00184553 0.000696716 7.03541e-05 -0.00015635 -0.000302408 
168 0.0872207 0.00608958 -8.12801e-05 0.000240309 -0.000155859 -0.000298119 
169 0.0872333 0.0103789 -8.84686e-05 0.000484689 -0.000154895 -0.000293845 
170 0.0872453 0.0145593 -8.11782e-05 0.000785213 -0.00015329 -0.000289582 
171 0.0872575 0.018637 -7.3391e-05 0.00112799 -0.000150811 -0.000285329 
172 0.0872701 0.022635 -6.53133e-05 0.00150219 -0.000147192 -0.000281087 
173 0.087283 0.0265757 -5.68609e-05 0.00189963 -0.000142133 -0.000276853 
174 0.0872964 0.0304869 -4.79253e-05 0.00231419 -0.000135283 -0.000272628 
175 0.0873103 0.034394 -3.83764e-05 0.00274165 -0.000126245 -0.000268411 
176 0.0873247 0.0383271 -2.80604e-05 0.00317918 -0.000114552 -0.0002642 
177 0.0873395 0.0423138 -1.67957e-05 0.00362527 -9.96668e-05 -0.000259995 
178 0.0873548 0.0463864 -4.3699e-06 0.00407936 -8.09616e-05 -0.000255796 
179 0.0873706 0.0505738 9.46541e-06 0.00454183 -5.7705e-05 -0.0002516 
180 0.0873868 0.0549101 2.49997e-05 0.00501371 -2.90436e-05 -0.000247407 
181 0.0874034 0.0594261 4.25698e-05 0.00549667 6.01932e-06 -0.000243215 
182 0.0874203 0.0641573 6.25673e-05 0.00599284 4.86483e-05 -0.000239023 
183 0.0874374 0.0691369 8.54474e-05 0.00650484 0.000100204 -0.000234831 
184 0.0874547 0.0744028 0.000111739 0.00703559 0.000162277 -0.000230637 
185 0.087472 0.0799902 0.000142057 0.00758842 0.000236724 -0.000226441 
186 0.0874891 0.0859408 0.000177116 0.00816689 0.000325718 -0.000222243 
187 0.087506 0.092292 0.000217744 0.00877489 0.000431794 -0.000218044 
188 0.0875223 0.0990897 0.000264908 0.00941652 0.000557914 -0.000213846 
189 0.0875379 0.106376 0.000319728 0.0100962 0.000707537 -0.000209654 
190 0.0875523 0.114201 0.000383509 0.0108185 0.000884701 -0.000205474 
191 -40.172 0.110567 1.19178 0.0121555 1.34517 -0.000217546 
192 -13.4101 0.535768 -0.364016 -0.00876154 0.278192 -0.000204987 
193 -2.9775 0.286452 -0.392736 -0.0158317 -0.196431 -0.00023084 
194 2.12466 0.178726 -0.26616 -0.0166137 -0.366848 -0.000262605 
195 4.36464 0.141476 -0.170646 -0.0148347 -0.390056 -0.000294239 
196 5.10867 0.138367 -0.105064 -0.0122657 -0.349083 -0.000322909 
197 26.5049 0.158231 -0.377043 -0.0100212 -0.998336 -0.000355446 
198 11.9504 0.157918 0.197224 -0.00705007 -0.36585 -0.000377005 
199 5.9332 0.19264 0.161198 -0.00513228 -0.0552647 -0.00037701 
200 2.7282 0.219493 0.0802202 -0.00375084 0.0836059 -0.000375543 
201 1.07386 0.243681 0.0342793 -0.00268707 0.134243 -0.000374182 
202 0.263666 0.267495 0.0113059 -0.00183926 0.142038 -0.000373684 
203 -0.0972058 0.291945 0.00100179 -0.0011539 0.131111 -0.00037454 
204 -0.226896 0.317515 -0.00266451 -0.000597135 0.113846 -0.000377196 
205 -0.243995 0.344486 -0.00301354 -0.000143298 0.0962611 -0.00038215 
206 -0.211485 0.373084 -0.001806 0.000228861 0.0810034 -0.000390013 
207 -0.155704 1.03272 0.00714843 0.0199351 0.0719987 -0.000408286 
208 -0.105037 0.682242 0.0032777 0.00597851 0.064119 -0.000432679 
209 -0.0602215 0.577629 0.00544956 -0.000134067 0.0593843 -0.00046325 
210 -0.0221524 0.548653 0.00794289 -0.00230582 0.0575121 -0.000502512 
211 0.00881066 0.560766 0.0105008 -0.00260194 0.058223 -0.000553137 
212 0.0480863 1.58675 0.0309518 0.0284761 0.0688197 -0.000658539 
213 0.0655193 1.03132 0.0187613 0.00688322 0.0760026 -0.000771257 
214 0.075856 0.867882 0.0219088 -0.00225069 0.0853495 -0.000910776 
215 -21.542 0.81972 0.0878938 -0.00500461 0.68935 -0.000315071 
216 -7.28873 0.858855 -0.224299 -0.00565772 0.115539 -0.000281967 
217 -1.64277 0.906808 -0.165788 -0.00451456 -0.138485 -0.000278447 
218 1.1261 0.983263 -0.078527 -0.0028572 -0.228194 -0.000280401 
219 2.34775 1.07493 -0.0263378 -0.00120517 -0.238379 -0.000284883 
220 15.6945 1.18241 0.258628 0.000181258 -0.444933 -0.00219653 
221 7.1579 1.28112 0.155957 0.00163715 -0.053587 -0.00259247 
222 3.48907 1.40097 0.0964061 0.00263609 0.14528 -0.00304436 
223 1.51644 1.52406 0.0412523 0.0034389 0.242869 -0.00358862 
224 0.479833 1.65383 0.0130677 0.00414444 0.290136 -0.0042535 
225 -0.0480504 1.7921 0.0012353 0.0047976 0.315099 -0.00507287 
226 -0.306793 1.94008 -0.00159671 0.00542101 0.332991 -0.00608825 
227 -0.429489 2.09877 0.000395311 0.00602898 0.352028 -0.00735105 
228 -0.489207 2.26913 0.00495138 0.00663346 0.376668 -0.00892531 
229 -0.525509 2.45217 0.010904 0.00724561 0.409445 -0.0108911 
230 -0.559527 2.64896 0.0176951 0.00787597 0.451994 -0.0133487 
231 -0.60248 2.86059 0.0250962 0.00853239 0.505621 -0.0164238 
232 -0.660464 3.08832 0.0330634 0.00922597 0.571624 -0.0202742 
233 -0.737125 3.33346 0.0416387 0.00996541 0.651473 -0.0250978 
234 -1.26746 3.59919 -0.0160721 0.010537 0.516349 -0.0241408 
235 -1.7944 3.88099 -0.0343767 0.0112479 0.347936 -0.0218237 
236 -2.159 4.18533 -0.0370783 0.0120684 0.166358 -0.0183256 
237 -3.1476 11.5759 0.351685 0.230459 -0.0745562 -0.0127165 
238 -3.32771 7.62521 -0.116614 0.071962 -0.315669 -0.004494 
239 -2.50017 6.4439 -0.053211 0.00198454 -0.496309 0.0025673 
240 -0.358001 6.11415 0.078395 -0.0232821 -0.534636 0.00324159 
241 0.677501 6.24742 0.152668 -0.0273786 -0.516249 0.0037846 
242 1.11692 6.6346 0.206645 -0.0222002 -0.473314 0.00420084 
243 1.53638 7.13868 0.248393 -0.0108726 -0.432082 0.00118148 
244 1.324 6.90985 0.209012 -0.0282318 -0.374062 0.00126836 
245 1.16278 5.58583 0.0721204 -0.0787273 -0.324412 0.00149265 
246 1.01846 3.97222 -0.0381554 -0.131673 -0.282251 0.00177944 
247 0.89392 2.3779 -0.120587 -0.174794 -0.24653 0.00209654 
248 0.788589 0.799123 -0.166668 -0.206595 -0.216239 0.0025511 
249 0.685803 -5.70804 0.342844 -0.385378 -0.191266 0.00322678 
250 0.621403 -8.03875 0.481912 -0.4113 -0.169542 0.00369945 
251 0.567391 -8.72145 0.527614 -0.370045 -0.150588 0.00397868 
252 0.567149 -8.61028 0.523845 -0.306457 -0.130844 0.00344474 
253 1.76961 -8.14346 0.546964 -0.241179 -0.0292241 -0.011284 
254 1.98569 -7.5488 0.353689 -0.184522 0.0557719 -0.0206242 
255 0.809969 -7.00494 -0.277992 -0.138456 0.0095384 -0.00776872 
256 0.336311 -6.45082 -0.278358 -0.100866 0.0212236 -0.00743928 
257 0.163758 -5.93173 -0.264382 -0.0715693 0.0235486 -0.00713183 
258 0.0884497 -5.46355 -0.251218 -0.0492356 0.0216449 -0.00683724 
259 0.0636484 -5.04553 -0.237963 -0.0325002 0.0181813 -0.00655471 
260 0.0639992 -4.6737 -0.224971 -0.0201442 0.0144629 -0.00628373 
261 0.075996 -4.34311 -0.212485 -0.0111517 0.0110693 -0.00602393 
262 0.0926914 -4.0488 -0.200638 -0.00470597 0.00820761 -0.00577456 
263 0.110708 -3.7863 -0.189505 -0.000169541 0.00590342 -0.00553499 
264 0.128563 -3.55192 -0.179138 0.00294353 0.00410296 -0.00530547 
265 0.145767 -3.34231 -0.169528 0.0050093 0.00272487 -0.00508555 
266 0.162304 -3.15496 -0.160698 0.00630368 0.00168551 -0.00487472 
267 0.178375 -2.98766 -0.152628 0.00703669 0.000909923 -0.00467243 
268 -3.85518 52.5205 -0.741855 2.11176 -0.020057 -0.140322 
269 2.30862 10.5259 -8.06578 1.21816 0.129271 -0.389742 
270 -4.30274 -10.9351 -4.19529 1.22281 -0.238416 0.0076058 
271 -2.09181 -9.81188 0.604054 1.30362 -0.371809 0.0117108 
272 -0.450798 -8.09234 1.03883 1.33865 -0.410331 0.0116563 
273 0.589062 -6.5293 1.03981 1.32515 -0.394895 0.0111337 
274 2.18321 -23.7431 7.64665 -0.995677 -0.426637 -4.48038e-05 
275 1.94751 -13.1545 0.311655 -0.384919 -0.358194 0.01586 
276 0.433373 -10.8135 -0.338379 0.104306 -0.392472 0.0536718 
277 -0.450443 -8.59988 -0.332105 0.477744 -0.480066 0.0925905 
278 -0.956699 -6.3169 -0.195786 0.73187 -0.599949 0.132202 
279 -1.28749 -3.33231 0.257973 0.950877 -0.584756 0.117965 
280 -0.808642 -1.07745 -0.0810044 1.1451 -0.535059 0.0990068 
281 -0.503452 0.623209 -0.0378517 1.25352 -0.472467 0.0806507 
282 0.378353 2.65432 0.255104 1.37082 -0.259513 0.044627 
283 -0.201026 2.18578 0.500989 1.41546 -0.127073 -0.0314644 
284 1.22994 0.580831 -0.0706175 1.55617 0.0682892 -0.103306 
285 2.24006 1.11875 0.499462 1.67767 0.321745 -0.175795 
286 3.03373 2.12537 0.606309 1.75559 0.57351 -0.238199 
287 2.60032 4.44532 0.916402 1.71849 0.771926 -0.287826 
288 2.71974 5.56302 -1.12305 1.61989 0.720009 -0.250483 
289 5.57306 6.7193 -1.56761 1.61656 0.713559 -0.206013 
290 3.86593 6.5786 -1.18299 1.49943 0.755259 -0.177752 
291 3.05474 6.32812 -0.691221 1.14646 0.760056 -0.151642 
292 2.07447 6.03136 -0.405489 0.565108 -0.353105 0.103256 
293 0.674785 5.58292 -0.198929 0.0275672 -0.299588 0.0945633 
294 0.612176 5.61482 -0.183957 -0.498653 -0.256303 0.0854128 
295 0.635454 5.60389 -0.22036 -1.01745 -0.222475 0.0771958 
296 3.10324 1.50627 1.72986 -1.30812 -0.0628733 0.0740178 
297 1.73916 -2.47321 -0.189522 -1.38285 0.417797 -0.0229861 
298 2.38494 -3.01117 0.399359 -1.43397 0.436686 -0.0105926 
299 4.03081 -2.73198 0.562901 -1.50412 0.545834 0.00126431 
300 3.10345 -3.30941 0.294175 -1.54934 0.631462 0.00578694 
301 2.29558 -4.05365 0.231883 -1.56271 0.689379 0.00638345 
302 1.29767 -4.32262 0.437219 -1.57196 0.715189 0.00132457 
303 -4.01985 -8.91971 2.22226 -1.34101 0.468602 -0.00932353 
304 -2.21256 -9.03676 0.00829406 -1.12092 0.273753 -0.00813769 
305 -0.968656 -9.21283 -0.189665 -0.905858 0.0206065 0.017427 
306 -0.0659733 -9.2988 -0.166395 -0.701915 -0.207867 0.0449927 
307 0.666786 -9.30185 -0.11705 -0.514791 -0.403891 0.0704599 
308 1.42612 -9.2675 -0.0213483 -0.347453 -0.418579 0.0637867 
309 2.14529 -9.19157 0.0452818 -0.204665 -0.408977 0.0574843 
310 5.64577 -14.0755 1.69613 -0.707294 -0.590868 0.0530139 
311 5.03157 -12.0155 0.0969985 -0.446098 -0.452053 0.0475682 
312 4.929 -11.9813 -0.0297439 -0.220242 -0.337392 0.042727 
313 4.66679 -11.7966 0.0790167 -0.0416778 -0.254435 0.0379814 
314 5.39724 -11.6339 0.63924 0.0930562 -0.0650659 0.0086869 
315 7.87783 -11.7022 2.04034 0.199623 0.491318 -0.0861309 
316 10.4305 -11.826 2.7001 0.26913 1.24933 -0.186629 
317 13.0476 -12.0962 3.373 0.306198 2.22811 -0.288919 
318 15.574 -12.7504 4.22294 0.326853 3.44384 -0.388471 
319 15.017 -1.8664 4.61792 -0.313057 4.05899 -0.326593 
320 -1.08538 -7.93779 -7.18706 -0.739754 2.12296 0.070953 
321 -16.671 -5.73198 -4.63712 -1.18295 -0.365791 0.393675 
322 -21.1811 -4.88396 1.29896 -1.42408 -1.81224 0.447547 
323 -12.8827 0.136089 6.76005 -1.71502 -2.78661 0.804833 
324 -15.9708 -7.30904 -3.95163 -1.45122 -4.1141 2.03997 
325 -16.0893 -8.616 -2.37226 -1.04664 -5.05418 2.0271 
326 -12.082 0.78981 -1.8839 -0.224356 -5.65053 1.7034 
327 -8.56453 6.75906 -1.39498 0.307735 -5.99859 1.30389 
328 -5.98317 10.4857 -0.926406 0.570589 -6.16808 0.867159 
329 -3.44578 12.5255 -0.342297 0.657907 -6.17708 0.414057 
330 -0.665854 13.6315 -0.0854915 0.633852 -5.98911 -0.0212323 
331 4.02002 14.4578 -0.229937 0.518613 -5.50823 -0.364392 
332 7.6798 14.4046 -0.0755377 0.381602 -4.92259 -0.392579 
333 14.5304 17.7192 2.05392 0.622567 -3.15761 -0.0268892 
334 18.145 9.25545 0.695035 0.661291 -1.93225 0.0785291 
335 16.4784 8.99744 -0.710176 0.660512 -0.842739 0.0942266 
336 14.4199 8.7693 -0.751771 0.631328 0.113998 0.0523407 
337 12.2525 7.42844 -0.801473 0.659174 1.49566 0.0823895 
338 10.4721 7.09625 -0.644432 0.646563 2.25573 -0.064617 
339 7.30812 7.27385 -0.531233 0.636185 2.72564 -0.02236 
340 4.57595 7.30813 -0.459324 0.603566 2.92746 0.00677336 
341 2.53925 7.12311 -0.274121 0.562074 3.01878 0.0302905 
342 0.604222 6.47346 -0.554252 0.540086 3.00848 0.0480511 
343 -1.00258 5.85168 -0.668155 0.536561 2.91396 0.0604281 
344 24.6657 -34.1867 2.18722 -4.27504 -0.258881 0.178181 
345 29.4214 -46.041 -9.96231 -4.01435 2.9814 4.51737 
346 20.6343 -5.74986 -16.7847 -2.11333 4.19644 9.98375 
347 17.3736 1.62722 -7.00639 -1.20855 5.43787 10.0144 
348 16.4822 13.3109 -3.92821 -1.68568 4.13081 5.34813 
349 15.4003 11.1701 -2.99382 -2.10602 5.37365 0.506682 
350 12.8964 37.8476 3.61556 2.49363 9.91433 -0.0267789 
351 -72.8899 39.9062 72.7777 1.34897 6.02778 0.01031 
352 -36.5215 16.1709 -27.6313 0.659716 4.1678 0.00619731 
353 -39.6618 16.7319 -13.0554 -0.0819535 2.10122 -0.00812684 
354 -39.8539 14.1368 -9.84258 -0.69169 0.0420972 -0.00722474 
355 -38.3744 12.8935 -9.45844 -1.08537 -1.94586 -0.0201048 
356 -5.61988 2.02656 8.80503 -1.05738 -2.16035 -0.00942739 
357 0.036565 5.86108 0.762969 -1.25072 -2.11921 -0.00561062 
358 2.15928 5.93921 0.859595 -1.4582 -1.79855 0.0396502 
359 3.83665 4.50568 0.960222 -1.88627 -1.35582 0.0960184 
360 3.66738 5.11652 0.247582 -2.35836 -0.92873 0.152593 
361 4.85706 3.41499 0.812937 -2.74964 -0.44218 0.207849 
362 5.70979 1.5797 0.809623 -3.05514 0.0894403 0.258763 
363 6.04023 -1.57163 1.26891 -3.20645 0.645437 0.315557 
364 7.33171 -2.84449 1.92972 -3.3083 1.27401 0.377254 
365 8.50345 -2.92669 1.43556 -3.42378 1.96733 0.440372 
366 8.24049 -2.98368 0.234291 -3.54595 2.43206 0.45039 
367 9.55503 -2.9082 -0.397513 -3.68905 2.88129 0.438277 
368 8.03633 -3.06467 -0.486525 -3.84666 3.27513 0.434406 
369 11.0816 -12.8483 -8.58975 -8.04923 -2.47768 -0.363981 
370 1.4044 -1.68591 -1.24891 -7.34309 -1.91876 -0.347877 
371 -0.255451 -2.18121 0.299751 -6.69214 -1.48143 -0.322093 
372 -1.41233 -2.5822 0.431914 -6.09654 -1.15794 -0.296145 
373 -2.19446 -2.90507 0.353458 -5.55147 -0.923807 -0.271367 
374 -3.30839 -1.35716 -0.0678786 -5.16253 3.13019 0.449544 
375 1.12347 -2.05056 0.983068 -4.77697 3.09091 0.414985 
376 -65.6794 -87.288 54.1927 0.215353 0.231932 1.80017 
377 -3.24482 -18.172 -46.0341 1.54822 -0.830342 1.4549 
378 4.96041 -16.3403 -14.3486 2.58327 -0.605934 0.818693 
379 5.69821 -16.1123 -2.57007 4.10333 -0.647869 0.575994 
380 8.42338 -14.4047 -1.89344 5.0897 -0.344654 0.465921 
381 10.7176 -12.481 -1.71026 5.97928 0.0663091 0.29513 
382 12.3315 -11.0748 -1.63896 6.81003 0.547319 0.0764206 
383 13.4517 -10.0329 -1.68653 7.60948 1.07021 -0.181497 
384 14.3196 -9.05729 -1.86948 8.41053 1.61311 -0.337003 
385 14.996 -8.25753 -2.11132 9.21889 2.16604 -0.454492 
386 25.8845 38.5027 22.9769 7.84567 3.72024 1.93016 
387 2.84555 15.6418 -1.36604 7.26225 3.10794 -0.0711762 
388 0.27521 20.533 -2.06863 6.65431 2.75457 -0.157905 
389 -3.10808 21.2728 -0.461392 6.05288 2.17468 -0.246183 
390 -28.857 42.9371 13.0877 4.30709 0.135746 -0.361948 
391 -14.9381 33.8727 -6.4473 3.11712 -1.21444 -0.461449 
392 -10.8505 34.3987 -1.90549 1.91474 -1.82254 -0.429737 
393 -2.51514 32.1005 1.19596 0.875162 -1.40851 -0.287399 
394 4.97751 29.4134 2.36614 0.0228335 -0.546828 -0.142728 
395 6.42932 21.9956 5.5101 -0.418721 0.48925 -0.0340765 
396 7.19969 18.8211 1.91409 -0.580648 0.923532 -0.112717 
397 -2.50364 18.7168 -7.98432 -0.617426 -0.885973 -0.372885 
398 -12.9079 20.1385 -6.59985 -0.855669 -2.78168 -0.616055 
399 -15.3473 20.9471 -2.34366 -1.39692 -3.77026 -0.637838 
400 -16.2246 18.2166 -1.66515 -1.98835 -4.70037 -0.583739 
401 -19.1221 17.668 1.72444 -2.24394 -6.46396 -0.548975 
402 -13.2436 7.72069 -3.78437 -3.66516 -6.95895 -0.350475 
403 -16.787 -8.34587 1.75011 -4.17389 -7.62698 -0.156483 
404 -0.504974 -36.5255 9.84812 -3.06765 -7.14221 0.89861 
405 -2.91877 -27.7146 -2.26255 -2.38652 -7.27575 1.29528 
406 2.71149 -26.8242 -0.735339 -1.71059 -6.77209 1.32818 
407 5.52227 -20.6661 -1.67413 -1.30169 -5.83406 1.49833 
408 9.12121 -18.4936 -0.14826 -0.96801 -4.77212 1.66179 
409 11.3983 -16.9211 0.194582 -0.724276 -3.67704 1.50285 
410 11.0427 -20.6826 3.89781 -0.861929 -2.00187 0.246607 
411 10.6789 -16.3233 0.204202 -0.515494 -1.12465 0.174798 
412 10.0634 -14.3411 -0.217599 -0.24994 -0.513137 0.11354 
413 9.47042 -12.5796 -0.322156 -0.0543826 -0.0832749 0.0537074 
414 7.86422 -11.1954 -0.117507 0.0975813 0.436487 0.0149433 
415 5.94677 -10.4448 -0.397527 0.233612 0.861068 -0.00584203 
416 4.19742 -9.91574 -0.587661 0.36385 1.17267 -0.0173017 
417 2.78761 -9.15363 -0.660904 0.474804 1.36417 -0.0315706 
418 3.03306 -4.67097 0.187101 0.361189 1.46846 -0.0360855 
419 1.44496 -6.06365 -0.476432 0.345279 1.48838 -0.0441457 
420 45.7376 51.3124 12.5055 4.14956 -0.901811 -0.0234996 
421 28.2161 49.3456 -13.4089 5.69159 4.50826 -0.430635 
422 21.6844 28.0278 -34.4564 3.25156 9.47208 -0.894388 
423 -30.7574 -22.5409 -2.86457 3.7918 8.83219 -3.72818 
424 -33.0218 -2.57635 3.2222 2.6055 1.23783 -1.79752 
425 -42.1529 -12.6003 -11.7103 2.31089 -0.957756 -1.36763 
426 -5.85067 -46.0619 39.4384 -2.22568 0.322724 0.0413878 
427 -12.867 -33.3178 -0.844219 -2.1053 -0.390719 0.0211499 
428 -6.69494 -25.1086 -1.74657 -0.935495 -0.772996 0.00940163 
429 -1.25078 -21.238 -1.45705 0.0322015 -0.884084 0.00192873 
430 0.791414 -16.2917 -0.671583 0.741595 -0.881421 -0.00657312 
431 2.25582 -12.6384 -0.598963 1.26442 -0.81452 -0.0120208 
432 3.74647 -10.3651 -0.39238 1.52365 -0.670702 -0.0154931 
433 3.03748 -7.07032 -0.227831 1.76718 -0.575665 -0.021119 
434 3.33459 -5.87302 1.20853 1.96415 -0.298256 -0.07007 
435 3.40915 -3.62636 0.62358 2.34003 0.0192393 -0.12671 
436 2.41333 -3.99617 -0.146384 2.74817 0.281023 -0.183492 
437 3.12888 -2.15211 0.536582 3.06868 0.581037 -0.235574 
438 3.78701 -0.343542 0.962277 3.46707 1.13316 -0.342909 
439 6.40455 2.15939 2.111 3.59382 1.61972 -0.398652 
440 7.93654 2.51409 1.52788 3.72132 2.19298 -0.456081 
441 8.35828 2.57796 0.491977 3.86002 2.65269 -0.480719 
442 9.88832 2.57656 -0.48783 4.01366 3.02481 -0.463267 
443 8.82825 2.7388 -0.633541 4.18275 3.36564 -0.453908 
444 12.4132 13.8059 -9.61793 8.88857 -0.4957 0.0710161 
445 4.19447 1.34272 -1.07717 8.1478 -0.0462534 0.0628665 
446 2.11956 1.88145 0.404047 7.46653 0.277179 0.0496476 
447 0.541214 2.33074 0.509178 6.84566 0.487457 0.0375145 
448 -0.631821 2.69711 0.408054 6.2801 0.608745 0.0273961 
449 -2.22259 0.794146 0.209229 5.70462 3.40148 -0.465267 
450 0.889666 2.18385 0.499418 5.49775 3.29084 -0.431215 
451 -66.8099 89.3574 58.7782 0.353969 -0.461184 -1.80843 
452 13.9234 1.07259 -60.6446 -0.0191689 0.123655 -1.03899 
453 -8.79801 30.3311 1.09064 -1.88075 -0.45278 -1.16153 
454 2.62892 19.2287 -5.73804 -3.10382 -0.456784 -0.906983 
455 6.26657 16.6115 -2.70368 -4.19873 -0.309147 -0.749325 
456 9.21835 14.2324 -2.02487 -5.17624 -0.0201044 -0.61247 
457 11.4069 12.3791 -1.80484 -6.07287 0.370101 -0.498165 
458 12.9964 10.9661 -1.7719 -6.92003 0.827523 -0.403176 
459 14.1468 9.87329 -1.85568 -7.74163 1.32745 -0.324739 
460 15.2943 8.68326 -2.21086 -8.54143 1.86775 -0.274226 
461 16.53 7.3915 -2.64442 -9.32126 2.4505 -0.25234 
462 -7.00823 1.6989 13.2477 -9.81961 1.70282 -0.0368363 
463 19.9148 -34.5682 14.3707 -8.40614 2.4563 0.0928516 
464 6.57795 -24.2487 -3.87688 -7.60681 2.37643 0.164573 
465 3.00171 -24.6495 -0.513903 -6.83289 2.07468 0.236019 
466 -25.2551 -43.4536 14.3116 -5.07565 0.335156 0.301126 
467 -11.3655 -37.4163 -7.24384 -3.70431 -0.243659 0.284287 
468 -8.25563 -38.4189 -3.09629 -2.30703 -0.471488 0.205267 
469 -1.89092 -36.6821 -0.109083 -1.04172 -0.179639 0.0798929 
470 5.33643 -33.3399 1.7868 0.00050743 0.562255 -0.0477909 
471 11.4798 -30.0236 2.89025 0.819655 1.71674 -0.170401 
472 11.3737 -26.6025 0.375356 1.38383 2.25827 -0.129059 
473 -2.10769 -23.069 -7.9943 1.65945 0.381841 0.245491 
474 -14.5882 -20.89 -5.86503 1.94807 -1.62249 0.490068 
475 -26.8129 -27.5709 4.78928 1.23947 -4.24535 0.685026 
476 -23.7529 -18.2342 -2.45248 2.1089 -5.4802 0.555106 
477 -16.985 -11.3425 -3.86743 3.3259 -6.29245 0.384493 
478 -10.2733 -4.56179 -4.45256 4.58148 -6.71242 0.201653 
479 -7.85146 -4.68052 -1.76443 5.79645 -6.98831 0.0228998 
480 -4.27892 51.952 20.6653 3.86438 -6.99555 -0.834368 
481 0.967398 33.9964 -6.01935 2.7359 -6.69757 -2.3041 
482 3.58515 30.768 -2.5234 1.8455 -6.30562 -2.52332 
483 5.84006 27.2997 -0.966878 1.08274 -5.58812 -2.76922 
484 7.82404 23.8522 -0.321505 0.468485 -4.59469 -2.93518 
485 10.2756 20.9525 -0.451278 0.176219 -3.66741 -1.48835 
486 11.8018 17.0054 -0.359195 0.0215919 -2.73502 -0.354524 
487 12.3066 12.8991 -0.219635 -0.0820428 -1.76852 -0.277781 
488 12.2335 10.2891 -0.0714514 -0.0849549 -0.799093 -0.233474 
489 5.53457 12.7018 2.05403 -0.271867 -0.257044 -0.15692 
490 5.36516 10.7836 0.402289 -0.374128 0.247143 -0.0927867 
491 5.01122 9.36759 0.247797 -0.428447 0.691113 -0.0341675 
492 4.56925 8.24071 0.206232 -0.448107 1.07537 0.0190465 
493 4.11303 7.72212 -0.301121 -0.461778 1.24832 0.0414866 
494 3.72363 7.49517 -0.646929 -0.483863 1.26331 0.0410688 
495 1.202 9.1605 -0.893232 -0.338578 1.27168 0.0441881 
496 42.0264 -27.7221 0.256749 -5.48535 -0.806124 0.0937442 
497 33.7813 -59.0859 3.51722 -5.6993 4.42831 0.46232 
498 22.0351 -29.7342 -33.39 -3.27216 9.82268 0.967613 
499 21.5973 -24.1521 -41.6741 -1.1275 12.9047 1.25051 
500 -65.9358 29.1942 74.0396 -1.45546 2.66257 0.727126 
501 -46.4128 41.4583 -7.23456 3.21934 1.35414 -0.0448337 
502 -43.1339 35.4542 -6.06295 3.40446 -0.985694 -0.0252296 
503 -10.6088 40.4437 2.56937 1.43477 -1.57045 -0.0215073 
504 -11.7229 32.3036 -6.9211 -0.0990223 -2.24284 0.00279185 
505 -7.87983 28.9423 -4.40929 -1.46694 -2.71705 0.0243305 
506 12.082 13.1459 5.88836 -1.98387 -2.13139 0.0277665 
507 7.49423 11.6835 -2.16473 -2.44865 -1.81799 0.0338028 
508 6.95646 8.79286 -0.149834 -2.76892 -1.54143 0.0395051 
509 5.86919 6.47098 0.317088 -2.97743 -1.33346 0.0445964 
510 5.99447 4.76463 1.30635 -3.11417 -0.947041 0.093342 
511 6.11456 2.82839 0.374928 -3.45101 -0.52252 0.147479 
512 4.62561 1.88423 0.225636 -3.75173 -0.173805 0.197283 
513 5.39785 0.0182016 0.745033 -3.96828 0.21033 0.243777 
514 7.14934 -0.0226127 1.57696 -4.20325 0.689643 0.293844 
515 8.36055 -0.695375 1.86547 -4.42196 1.24056 0.346349 
516 9.05102 -2.23496 2.11661 -4.57914 1.838 0.401664 
517 9.87215 -2.33705 1.16383 -4.75336 2.4808 0.456659 
518 10.2717 -2.39071 0.915009 -4.94929 3.15771 0.514977 
519 11.5684 -2.44838 -0.565836 -5.15556 3.58803 0.498574 
520 9.62388 -2.63413 -0.881032 -5.37994 3.9318 0.487871 
521 13.1331 -14.2954 -10.4347 -10.4985 0.242807 0.000313145 
522 6.19398 -0.555041 -1.58727 -9.61581 0.631414 0.00870627 
523 2.98631 -1.80131 0.20253 -8.97178 0.963805 0.0261037 
524 0.600473 -2.29438 0.326615 -8.39341 1.14368 0.0400699 
525 -2.73646 0.5338 1.24537 -7.17849 4.06983 0.512501 
526 1.37143 -2.98174 -0.710469 -7.66814 4.00302 0.509831 
527 -83.4862 -116.629 116.211 -1.78318 2.36637 2.55484 
528 -18.4609 -30.1055 -64.9104 0.623465 -1.21405 0.624208 
529 -24.4298 -33.8928 -54.5711 2.73372 -1.72262 1.3331 
530 -31.5441 -44.3366 -33.4954 5.33289 -3.24692 1.31946 
531 25.1854 -6.42173 22.9091 5.83914 -4.01439 1.06426 
532 18.3837 -5.57441 -5.86089 6.61475 -3.30923 0.790143 
533 20.0794 -5.18662 -1.64246 7.09958 -2.51741 0.585888 
534 21.5458 -4.13677 -0.318422 7.53998 -1.67088 0.33734 
535 22.6774 -2.98113 -0.577379 7.94536 -0.788154 0.0755689 
536 23.2605 -2.3406 -0.862236 8.34655 0.100728 -0.213137 
537 23.156 -2.34197 -1.01232 8.7825 0.957298 -0.5338 
538 22.7092 -2.45753 -1.29759 9.29824 1.75264 -0.691723 
539 22.0299 -2.80015 -1.6301 9.89586 2.47655 -0.772423 
540 29.4624 41.4005 26.325 8.40663 3.80521 0.86329 
541 23.003 29.4156 -9.61504 7.58613 4.73443 1.90355 
542 18.2966 27.6163 -5.06005 7.12053 5.67385 4.23032 
543 -16.4483 9.55209 18.0788 7.20651 4.66725 3.76163 
544 -33.1327 40.9575 15.7115 5.01787 2.07115 -0.211381 
545 -1.10054 43.7923 -0.457543 4.86945 2.59489 0.0937366 
546 1.67923 41.4372 0.183875 3.38733 3.24808 0.217098 
547 3.64133 40.9281 -3.19408 2.02223 3.40611 0.177664 
548 -3.11989 39.209 -10.8215 0.870748 1.50148 -0.234694 
549 -20.5197 45.8382 -2.03686 1.0035 -2.14559 -0.857199 
550 -24.3034 40.7177 -7.80034 -0.893523 -3.44609 -0.776668 
551 -23.9503 40.1655 -9.9578 -2.91366 -4.644 -0.620036 
552 -34.6281 16.4522 4.08704 -4.5269 -6.37949 -0.423878 
553 -29.5672 12.0612 -13.1436 -6.13784 -7.80476 -0.216681 
554 -26.6274 8.46027 -10.4658 -7.50655 -9.06443 -0.00612664 
555 8.249 6.21619 14.7745 -8.72629 -8.43933 0.206035 
556 0.796603 5.87279 -4.6294 -9.89289 -8.24666 0.376491 
557 -27.0926 -38.5125 16.4373 -8.74116 -9.52411 0.210953 
558 20.2562 -57.8759 21.1026 -6.22204 -7.9844 1.63576 
559 15.0218 -45.0015 -6.18991 -4.11612 -6.16662 4.81228 
560 16.5618 -45.5307 -8.01206 -2.49141 -5.10788 3.76532 
561 19.0561 -39.9449 -4.53739 -1.21695 -3.78736 2.20117 
562 20.7689 -33.6738 -3.58674 -0.138586 -2.38594 1.49285 
563 22.3912 -28.106 -3.39446 0.737674 -0.957355 0.923071 
564 23.7046 -23.5433 -3.35115 1.34586 0.499209 0.458769 
565 24.7743 -19.5535 -3.50966 1.7901 1.97879 0.0754691 
566 25.6111 -16.2045 -3.7753 2.10817 3.47723 -0.230236 
567 -3.6942 -21.7418 7.89908 2.89843 3.27119 -0.236881 
568 4.88981 -12.0828 -3.39465 3.11727 3.44818 -0.232512 
569 -6.86095 -0.215638 5.94703 2.72622 3.17372 -0.0974785 
570 -2.82094 -2.51622 -1.24731 2.49264 2.93759 -0.112475 
571 -2.56162 -2.34774 -0.0331846 2.27451 2.71323 -0.121435 
572 41.9284 27.9124 -1.90141 7.37957 0.247622 -0.137279 
573 35.7631 66.8454 11.74 6.96842 5.80927 -0.573579 
574 25.0394 37.1702 -22.2428 4.70071 11.6149 -1.58147 
575 20.1556 28.5191 -39.1103 2.27707 16.3234 -2.19359 
576 -59.7914 -22.822 61.7131 2.13637 4.5608 -1.75508 
577 -44.4016 -38.1866 -10.0433 -2.8716 3.36787 -0.286609 
578 -42.9515 -32.1934 -5.41447 -3.07045 1.11293 0.0160467 
579 -41.0704 -26.0815 -10.25 -1.83989 -1.05286 0.0175022 
580 -40.1022 -22.7834 -10.0882 -0.78214 -3.17495 0.00989969 
581 -37.8228 -19.6352 -9.80715 0.1105 -5.20783 0.0129723 
582 -37.5052 -17.3943 -10.3467 0.894338 -7.25393 0.00926965 
583 24.6088 -44.557 23.6935 3.19278 -5.9652 -0.0573765 
584 22.7587 -7.26728 11.8516 3.43956 -4.84104 -0.0441914 
585 20.1038 -7.42122 -4.38031 3.74534 -3.85635 -0.0462224 
586 20.4632 -5.26197 -2.13412 3.95107 -2.8639 -0.0508681 
587 17.3979 -3.1643 -0.927602 4.06093 -2.04966 -0.0506819 
588 12.6205 -1.34618 -0.27182 4.08958 -1.49724 -0.0478458 
589 10.4755 0.189374 0.749507 4.05405 -1.06908 -0.0499209 
590 9.12362 0.0271476 1.23098 4.04498 -0.717857 -0.0536556 
591 8.66539 0.510618 1.77592 4.11913 -0.253436 -0.0925659 
592 8.14282 2.47841 2.17565 4.22159 0.20866 -0.136894 
593 9.48161 2.43526 1.05621 4.34274 0.72993 -0.175864 
594 9.57472 2.46496 0.82379 4.48033 1.25394 -0.215774 
595 8.55816 2.57354 0.678344 4.63076 1.56973 -0.23314 
596 7.48244 2.65955 0.524211 4.79704 1.83613 -0.250857 
597 24.5745 16.1042 -5.24324 10.9065 0.518983 -0.229305 
598 15.133 4.25817 -2.46347 11.3117 1.388 -0.241456 
599 10.5898 2.16456 0.0927017 10.6529 2.00852 -0.263238 
600 6.73655 2.73226 0.244804 10.073 2.41472 -0.281071 
601 -6.52087 -6.10139 6.01026 6.12229 3.74032 -0.419257 
602 -2.79834 3.21837 -0.316799 6.4847 3.2276 -0.353299 
603 -3.09331 3.42748 -1.44311 6.87708 2.71532 -0.28978 
604 -3.99751 3.59725 -1.73045 7.29689 2.17184 -0.226978 
605 -5.00919 4.43726 -1.54844 7.71193 1.58786 -0.163493 
606 -5.03754 4.86675 -1.83669 8.14577 1.00499 -0.0980589 
607 19.2135 55.2593 11.7238 5.86341 1.76936 0.114018 
608 -25.477 63.5992 2.08253 3.07424 0.944651 -1.72263 
609 -6.59814 44.1105 -15.5633 0.604105 0.101779 -2.59911 
610 -5.00062 37.6174 -7.93805 -1.2364 -0.0732198 -1.47121 
611 -3.3387 28.4547 -5.50175 -2.67824 -0.190163 -1.05838 
612 -1.9645 20.963 -3.75358 -3.72329 -0.24511 -0.824282 
613 -0.743822 15.5469 -2.33022 -4.41036 -0.225101 -0.260011 
614 0.111551 10.6297 -1.30035 -4.87854 -0.180291 -0.0269786 
615 1.14817 7.12429 -0.404167 -5.20793 -0.0972641 -0.0430358 
616 2.44441 5.17067 0.293849 -5.44822 0.0508024 -0.0632683 
617 2.76887 3.57099 0.505239 -5.62115 0.194217 -0.0704637 
618 2.26196 3.38851 0.889948 -5.8077 0.303762 -0.0719526 
619 1.76465 3.23082 0.809036 -6.00984 0.384129 -0.0701017 
620 1.14955 1.63201 0.493052 -6.86042 0.43078 -0.0694588 
621 0.727672 2.7129 0.549558 -7.09476 0.455563 -0.066042 
622 0.424615 2.38372 0.517863 -7.35642 0.462482 -0.0614028 
623 0.178342 2.01292 0.482578 -7.64827 0.455445 -0.0561563 
624 0.280775 1.52662 0.463496 -8.02197 0.401132 -0.0492557 
625 -1.54582 1.24919 0.331644 -8.30619 0.245221 0.00637841 
626 -2.26778 1.04088 1.34402 -8.48963 0.265793 0.00537018 
627 -1.68007 0.809428 2.12332 -8.5913 0.240641 -0.00699353 
628 -1.18724 0.551373 1.81814 -8.6334 0.140282 -0.00409076 
629 -0.80409 0.251586 1.43065 -8.62549 0.0603053 -0.00226444 
630 19.5932 -34.925 16.5244 -6.61049 1.10011 0.0148824 
631 5.06136 -17.9287 -6.41876 -5.15132 1.33407 -0.00095958 
632 -13.6578 -29.6265 2.56711 -3.08267 0.554544 -0.00878468 
633 -3.44527 -19.2628 -5.73101 -1.63191 0.354027 -0.0103537 
634 -2.49362 -15.4992 -3.27793 -0.409539 0.196809 -0.0115355 
635 -1.61562 -11.454 -2.61643 0.569014 0.0870347 -0.0124214 
636 -0.945914 -7.54618 -2.14579 1.31645 0.0134815 -0.0137001 
637 -1.33326 -4.69395 -1.41553 1.89495 -0.0823199 -0.0146153 
638 -2.1875 -2.65825 -0.882741 2.35124 -0.225672 -0.013429 
639 -2.14257 -1.51672 -0.410219 2.73726 -0.366993 -0.0103882 
640 -1.14965 -1.73237 0.194895 3.12996 -0.455982 -0.00930433 
641 -0.283467 -1.91909 0.146548 3.52891 -0.500305 -0.0083272 
642 0.416844 -2.08525 0.00744356 3.9358 -0.508934 -0.00754376 
643 0.977535 -1.88612 -0.230236 4.50494 -0.489402 -0.00683874 
644 18.1052 36.5773 12.7306 2.8165 0.500899 -0.0822024 
645 6.77167 20.7116 -5.06882 1.97936 0.825416 -0.0546472 
646 3.16517 17.8158 -2.49679 1.28484 0.961285 -0.0541969 
647 0.445093 15.1684 -1.71156 0.72712 0.956261 -0.0513384 
648 1.49057 6.3978 -6.15633 -4.19276 0.847771 -0.251573 
649 -2.0171 9.19483 -3.15291 -4.12617 0.71239 -0.0509543 
650 -2.49241 6.98922 -0.352318 -3.96327 0.578232 -0.0392643 
651 -2.96781 5.11653 0.146134 -3.74816 0.421076 -0.0302966 
652 -3.00103 3.64979 0.329506 -3.49935 0.262263 -0.0230869 
653 -2.74001 2.5233 0.421777 -3.2317 0.117051 -0.0175418 
654 -2.46708 -0.568191 8.77387 0.147947 0.0904451 -0.00898382 
655 -0.506134 4.16478 -2.19201 0.0395634 0.0590456 -0.012283 
656 -0.452659 3.21965 -0.210244 -0.0185161 0.0247711 -0.011805 
657 -0.312113 2.64397 -0.0606223 -0.0504078 -0.00216426 -0.0114424 
658 -0.158848 2.25181 -0.0538133 -0.0657092 -0.0206901 -0.0112101 
659 -0.0212511 1.97823 -0.055007 -0.0705036 -0.031742 -0.0110722 
660 0.0896284 1.78579 -0.0546779 -0.0688621 -0.0368374 -0.0109981 
661 0.171708 1.6499 -0.052836 -0.0635112 -0.0375699 -0.0109653 
662 0.227346 1.55288 -0.049928 -0.0563124 -0.0353811 -0.0109573 
663 0.261054 1.48301 -0.0464467 -0.0484569 -0.0314541 -0.0109625 
664 0.32998 1.74585 -0.075619 -0.0254341 -0.0247033 -0.0105143 
665 0.291717 1.52132 -0.0319267 -0.0273253 -0.0198158 -0.0101134 
666 0.27189 1.42057 -0.0285126 -0.0260843 -0.0159391 -0.00971338 
667 0.259696 1.3536 -0.0273065 -0.0233122 -0.0126708 -0.00932009 
668 0.250693 1.30731 -0.0257406 -0.0199786 -0.00984817 -0.00895182 
669 0.242711 1.27343 -0.0238794 -0.0166445 -0.00741671 -0.0085958 
670 0.235221 1.24821 -0.0220542 -0.013539 -0.00535291 -0.00824558 
671 0.22778 1.22747 -0.0201613 -0.0108677 -0.0036591 -0.00794789 
672 -0.57964 -25.6187 -0.158541 -2.27243 -0.133597 -0.0161512 
673 2.47337 -8.72208 -0.78909 -1.39772 -0.00318953 -0.014096 
674 2.71359 -3.11461 -0.510876 -0.86028 0.145197 -0.0148733 
675 2.20955 0.26691 -0.280274 -0.539173 0.264216 -0.0153211 
676 1.45742 2.24154 -0.118978 -0.354882 0.341928 -0.0153426 
677 2.67715 18.8796 0.915012 1.1575 0.533197 -0.0119088 
678 -1.09558 9.97744 0.171186 0.668594 0.468447 -0.0100783 
679 -2.4632 7.23145 0.129732 0.32629 0.331581 -0.00869579 
680 -2.37892 4.79296 0.245031 0.11532 0.200662 -0.00750487 
681 -1.96026 3.21235 0.178379 -0.0113333 0.0928582 -0.00657575 
682 -1.44522 2.17455 0.115767 -0.082915 0.012984 -0.00586381 
683 -0.955684 1.489 0.0679559 -0.118682 -0.0405866 -0.00534155 
684 -0.544224 1.04156 0.0330453 -0.131306 -0.0722121 -0.00499642 
685 -0.226306 0.756967 0.00876635 -0.129495 -0.0870044 -0.00473699 
686 0.00195904 0.583328 -0.00712335 -0.119258 -0.0898169 -0.00453886 
687 0.153651 0.487455 -0.0167857 -0.104579 -0.0847648 -0.00438178 
688 0.244125 0.444782 -0.0217851 -0.0881874 -0.075116 -0.00425109 
689 0.288512 0.436015 -0.0234521 -0.0719225 -0.0633125 -0.00413564 
690 0.30021 0.446813 -0.0228533 -0.0569295 -0.0510714 -0.00402784 
691 0.291377 0.473244 -0.0213011 -0.0435518 -0.0394566 -0.00392216 
692 0.269612 0.503687 -0.0187981 -0.0322579 -0.0291264 -0.00381595 
693 0.248202 0.575232 -0.0190253 -0.0212257 -0.0200104 -0.00370404 
694 0.212574 0.584763 -0.0129457 -0.0148541 -0.0128822 -0.00359216 
695 0.181588 0.603708 -0.0104651 -0.00977581 -0.00745232 -0.00347809 
696 0.155198 0.62165 -0.00843188 -0.00591383 -0.00345887 -0.00336545 
697 0.133877 0.639945 -0.00694781 -0.00297218 -0.000617086 -0.00325261 
698 0.116446 0.653399 -0.00552184 -0.000973394 0.00128998 -0.00313997 
699 0.102767 0.663036 -0.00439059 0.000299439 0.00246931 -0.00302833 
700 0.0876847 0.640471 -0.00142051 -0.000245281 0.00281723 -0.00291775 
701 0.0801497 0.632471 -0.00130389 -0.00036466 0.00277006 -0.00280989 
702 0.0767664 0.628948 -0.00134445 -0.000296366 0.00255001 -0.00270508 
703 0.0755854 0.627689 -0.00138091 -0.000161338 0.00227432 -0.00260368 
704 0.0755138 0.627507 -0.00141052 -1.67597e-05 0.00200154 -0.00250579 
705 0.0759495 0.627785 -0.00143624 0.000113185 0.00175802 -0.00241141 
706 0.0765702 0.628211 -0.00145946 0.000220953 0.00155296 -0.00232047 
707 0.07721 0.628645 -0.00148037 0.000306439 0.00138676 -0.00223286 
708 0.077791 0.629028 -0.00149901 0.000372684 0.0012558 -0.00214846 
709 0.0782816 0.629345 -0.00151513 0.000423335 0.00115486 -0.00206716 
710 0.0786762 0.6296 -0.00152882 0.000461959 0.00107851 -0.00198883 
711 0.0789803 0.629803 -0.00154005 0.00049138 0.00102169 -0.00191334 
712 0.0792057 0.629965 -0.00154913 0.000513934 0.000980042 -0.0018406 
713 0.0793648 0.630098 -0.00155618 0.000531239 0.000949896 -0.00177048 
714 0.0794705 0.630207 -0.00156161 0.000544614 0.000928319 -0.0017029 
715 0.0795336 0.630302 -0.00156561 0.000554897 0.000912986 -0.00163774 
716 0.0795639 0.630384 -0.0015685 0.00056276 0.000902107 -0.00157492 
717 0.0795695 0.630457 -0.00157057 0.000568738 0.000894342 -0.00151436 
718 0.0795564 0.630525 -0.00157193 0.000573122 0.000888684 -0.00145596 
719 0.0795301 0.630586 -0.00157289 0.000576275 0.000884421 -0.00139965 
720 0.0794941 0.630645 -0.00157346 0.000578352 0.000881036 -0.00134535 
721 0.0794517 0.630699 -0.00157388 0.000579619 0.00087819 -0.00129299 
722 0.0794047 0.630752 -0.00157412 0.000580159 0.000875644 -0.00124251 
723 0.079355 0.630801 -0.00157434 0.000580182 0.000873263 -0.00119382 
724 0.0793035 0.630849 -0.00157447 0.00057973 0.000870951 -0.00114687 
725 0.0792513 0.630894 -0.00157466 0.000578974 0.000868672 -0.0011016 
726 0.0791984 0.630939 -0.00157481 0.000577923 0.000866399 -0.00105795 
727 0.0791455 0.630981 -0.00157504 0.00057672 0.000864136 -0.00101585 
728 0.0790925 0.631023 -0.00157524 0.000575346 0.000861882 -0.000975258 
729 0.0790397 0.631064 -0.00157551 0.000573922 0.000859655 -0.000936116 
730 0.0789869 0.631105 -0.00157575 0.00057241 0.000857456 -0.000898371 
731 0.0789344 0.631143 -0.00157606 0.000570912 0.000855304 -0.000861976 
732 0.0788819 0.631183 -0.00157632 0.000569375 0.0008532 -0.00082688 
733 0.0788295 0.631221 -0.00157665 0.00056789 0.000851158 -0.000793039 
734 0.078777 0.631261 -0.00157693 0.000566393 0.000849174 -0.000760407 
735 0.0787247 0.631298 -0.00157727 0.000564966 0.000847258 -0.000728942 
736 0.0786722 0.631337 -0.00157754 0.00056354 0.000845404 -0.000698601 
737 0.0786198 0.631375 -0.00157787 0.000562193 0.00084362 -0.000669345 
738 0.0785671 0.631414 -0.00157815 0.000560849 0.000841894 -0.000641135 
739 0.0785145 0.631451 -0.00157847 0.000559586 0.000840236 -0.000613934 
740 0.0784617 0.63149 -0.00157873 0.000558326 0.000838632 -0.000587706 
741 0.0784089 0.631527 -0.00157904 0.000557145 0.000837089 -0.000562415 
742 0.0783559 0.631566 -0.00157929 0.000555965 0.000835597 -0.000538029 
743 0.078303 0.631603 -0.00157959 0.00055486 0.000834161 -0.000514516 
744 0.0782498 0.631642 -0.00157983 0.000553753 0.000832769 -0.000491844 
745 0.0781967 0.631679 -0.00158012 0.000552719 0.000831429 -0.000469983 
746 0.0781433 0.631718 -0.00158035 0.00055168 0.00083013 -0.000448904 
747 0.0780901 0.631755 -0.00158064 0.000550711 0.000828878 -0.000428579 
748 0.0780366 0.631793 -0.00158086 0.000549734 0.000827662 -0.000408982 
749 0.0779832 0.631831 -0.00158113 0.000548824 0.00082649 -0.000390086 
750 0.0779296 0.631869 -0.00158135 0.000547905 0.000825351 -0.000371867 
751 0.0778761 0.631906 -0.00158162 0.00054705 0.000824253 -0.0003543 
752 0.0778224 0.631945 -0.00158183 0.000546184 0.000823185 -0.000337362 
753 0.0777687 0.631982 -0.00158209 0.00054538 0.000822156 -0.000321031 
754 0.0777149 0.63202 -0.00158229 0.000544564 0.000821154 -0.000305284 
755 0.0776612 0.632057 -0.00158255 0.000543809 0.000820189 -0.000290102 
756 0.0776073 0.632096 -0.00158275 0.000543039 0.000819249 -0.000275463 
757 0.0775535 0.632133 -0.001583 0.000542328 0.000818343 -0.000261349 
758 0.0774995 0.632171 -0.00158319 0.000541602 0.000817461 -0.000247741 
759 0.0774456 0.632208 -0.00158344 0.000540934 0.000816611 -0.00023462 
760 0.0773915 0.632246 -0.00158363 0.000540248 0.000815783 -0.00022197 
761 0.0773375 0.632283 -0.00158387 0.00053962 0.000814986 -0.000209773 
762 0.0772834 0.632322 -0.00158406 0.000538973 0.000814208 -0.000198013 
763 0.0772294 0.632359 -0.0015843 0.000538381 0.000813459 -0.000186675 
764 0.0771751 0.632397 -0.00158448 0.00053777 0.000812729 -0.000175744 
765 0.0771563 0.63243 -0.00158431 0.000537071 0.000811731 -0.000169056 
766 0.0771256 0.632464 -0.0015853 0.000536546 0.000811753 -0.000163076 
767 0.0770824 0.632497 -0.00158622 0.000536322 0.000812487 -0.000157152 
768 0.0770311 0.632533 -0.00158674 0.000536257 0.000813504 -0.000151292 
769 0.0769752 0.632568 -0.00158705 0.000536339 0.000814555 -0.0001455 
770 0.0769163 0.632607 -0.00158714 0.000536415 0.000815484 -0.000139783 
771 0.076856 0.632645 -0.00158718 0.000536502 0.000816221 -0.000134143 
772 0.076795 0.632685 -0.00158711 0.000536487 0.000816727 -0.000128583 
773 0.0767341 0.632724 -0.00158708 0.000536425 0.000817011 -0.000123105 
774 0.0766734 0.632764 -0.00158701 0.000536236 0.000817079 -0.00011771 
775 0.0766133 0.632803 -0.001587 0.000535999 0.000816967 -0.000112399 
776 0.0765536 0.632843 -0.00158698 0.000535648 0.000816697 -0.000107171 
777 0.0764947 0.632882 -0.00158703 0.000535273 0.000816308 -0.000102029 
778 0.0764361 0.63294 -0.00158705 0.000534732 0.000815786 -9.71404e-05 
779 0.0763764 0.632996 -0.00158674 0.000533665 0.000815083 -9.24353e-05 
780 0.076316 0.633043 -0.00158638 0.000532094 0.000814173 -8.78339e-05 
781 0.059835 0.691566 0.00121521 -0.00262518 -8.25294e-05 -7.86761e-05 
782 0.0744415 0.631847 -0.00142047 -0.00258266 -0.00018536 -7.33967e-05 
783 0.076689 0.627226 -0.00177621 -0.00229992 -0.000167177 -6.92505e-05 
784 0.0770208 0.627226 -0.00179879 -0.00202465 -0.000131643 -6.53029e-05 
785 0.0770956 0.627592 -0.00178625 -0.00177563 -9.25056e-05 -6.14574e-05 
786 0.0771258 0.627956 -0.00177094 -0.00155192 -5.20068e-05 -5.77014e-05 
787 0.0771385 0.628285 -0.00175629 -0.00135094 -1.09278e-05 -5.40312e-05 
788 0.0771383 0.628583 -0.00174253 -0.00117036 3.01912e-05 -5.04438e-05 
789 0.0771275 0.628852 -0.00172976 -0.00100798 7.09415e-05 -4.6937e-05 
790 0.0771075 0.629096 -0.00171785 -0.000861942 0.000110982 -4.35082e-05 
791 0.07708 0.629317 -0.00170686 -0.000730487 0.000150061 -4.01556e-05 
792 0.0770459 0.629518 -0.00169666 -0.000612149 0.000187967 -3.68769e-05 
793 0.0770066 0.6297 -0.00168727 -0.000505518 0.000224558 -3.36706e-05 
794 0.0769625 0.629868 -0.00167858 -0.00040944 0.000259718 -3.05345e-05 
795 0.0769149 0.630021 -0.00167061 -0.000322778 0.00029338 -2.74675e-05 
796 0.0768639 0.630162 -0.00166324 -0.000244622 0.00032549 -2.44675e-05 
797 0.0768106 0.630291 -0.00165651 -0.000174055 0.000356037 -2.15334e-05 
798 0.076755 0.630411 -0.00165029 -0.000110359 0.00038501 -1.86635e-05 
799 0.0766979 0.630521 -0.00164462 -5.27891e-05 0.000412431 -1.58566e-05 
800 0.0766393 0.630624 -0.00163938 -7.82529e-07 0.00043832 -1.31111e-05 
801 0.0765798 0.630719 -0.00163461 4.62682e-05 0.000462721 -1.04261e-05 
802 0.0765193 0.63081 -0.00163021 8.88051e-05 0.00048567 -7.79997e-06 
803 0.0764584 0.630893 -0.00162622 0.000127326 0.000507226 -5.2318e-06 
804 0.0763969 0.630973 -0.00162253 0.000162177 0.000527434 -2.72014e-06 
805 0.0763353 0.631047 -0.0016192 0.000193767 0.000546359 -2.64097e-07 
806 0.0762733 0.631118 -0.00161611 0.000222366 0.000564052 2.13773e-06 
807 0.0762115 0.631184 -0.00161333 0.000248314 0.000580581 4.48616e-06 
808 0.0761495 0.631249 -0.00161075 0.000271817 0.000595997 6.78256e-06 
809 0.0760878 0.631309 -0.00160843 0.000293163 0.000610367 9.02771e-06 
810 0.076026 0.631368 -0.00160628 0.000312506 0.00062374 1.12229e-05 
811 0.0759645 0.631424 -0.00160436 0.00033009 0.000636183 1.33689e-05 
812 0.0759031 0.631479 -0.00160257 0.00034603 0.000647741 1.54671e-05 
813 0.0758421 0.631531 -0.00160098 0.000360534 0.000658476 1.7518e-05 
814 0.0757812 0.631582 -0.0015995 0.000373686 0.000668431 1.95229e-05 
